4,1,8,1,0,2,15,17,1,1
5,2,0,3,2,0,3,2,11,17,3,2,6,17,4,7,8,16,17
1,1,3
1,2,0,3
3,2,2,3,2,8,19,4,0,2,7,17
4,2,6,13,1,2,1,8,1,10
3,1,8,1,5,2,2,11
3,2,8,19,1,2,2,1,5
3,2,1,3,2,14,17,2,6,7
4,1,5,2,4,7,1,2,1,2
4,2,7,17,1,8,1,7,2,0,2
2,2,5,17,1,17
1,2,8,17
7,2,8,11,2,2,17,2,5,7,2,7,8,1,4,1,3,1,3
2,1,11,1,8
3,1,3,1,2,1,14
2,1,17,1,1
6,5,0,2,3,6,8,5,4,5,7,8,17,3,11,16,17,3,1,3,5,4,5,7,13,17,6,0,2,5,7,16,17
2,2,8,17,1,4
3,1,17,2,8,10,2,2,10
2,1,14,1,15
3,4,2,5,8,17,3,6,17,19,2,5,7
6,5,2,5,7,17,18,3,1,2,8,2,8,19,4,2,6,8,17,3,5,8,17,4,2,5,8,9
3,2,6,13,1,8,1,10
3,2,5,8,1,8,1,19
5,2,2,5,1,3,3,2,3,5,2,8,17,3,2,3,5
3,1,19,1,8,2,5,17
1,1,2
8,3,0,5,14,3,2,5,8,3,0,8,17,2,5,17,3,2,8,17,5,2,3,5,6,8,4,1,2,3,5,3,2,8,17
4,1,18,2,5,8,1,6,1,8
5,1,5,1,5,2,5,18,1,17,1,2
5,4,5,6,8,13,3,7,8,17,5,5,6,7,8,17,2,3,19,4,1,7,8,17
2,3,5,8,17,1,2
6,1,13,1,5,2,5,17,1,16,1,8,1,17
1,2,2,8
6,4,1,7,14,17,3,0,3,17,4,5,8,14,17,3,2,8,13,6,2,5,7,8,13,17,4,2,8,14,17
5,1,5,2,2,10,2,2,8,2,5,16,2,0,18
4,1,17,1,4,1,11,1,2
8,1,8,1,2,1,2,2,2,3,1,4,3,1,2,5,3,2,8,17,2,7,19
5,1,17,1,3,1,11,2,4,8,2,1,5
2,5,2,3,5,16,17,5,2,5,6,8,17
5,2,8,19,1,17,2,14,17,1,2,2,7,13
2,1,8,3,0,5,7
2,1,5,1,17
7,2,2,5,2,5,17,1,8,2,2,17,2,5,6,2,13,14,2,0,7
4,2,5,19,1,2,3,2,5,16,3,1,2,9
3,2,1,3,1,2,1,2
1,1,3
4,2,2,7,2,2,8,2,0,17,2,4,6
3,1,2,1,6,2,5,17
7,2,2,7,4,5,8,13,14,3,0,9,17,3,2,5,14,5,4,8,10,16,17,6,2,3,8,13,14,19,3,2,3,17
6,1,6,2,3,17,4,3,5,6,7,1,8,1,19,3,1,2,7
5,1,8,1,5,2,2,17,4,1,2,16,17,2,1,17
1,2,5,14
9,2,2,8,2,1,8,1,7,2,2,8,3,10,14,17,2,1,8,2,8,17,2,6,7,3,5,8,17
2,2,0,2,2,1,8
3,1,2,1,8,4,1,2,5,19
1,1,2
1,1,5
6,2,2,17,3,2,14,17,1,17,1,8,2,2,17,2,4,17
7,2,3,8,1,2,1,7,1,4,1,3,2,1,8,3,4,7,17
6,2,2,8,2,8,17,3,7,8,19,1,17,3,0,5,14,3,3,8,17
5,3,2,5,17,3,2,3,17,1,17,2,3,5,3,2,5,17
10,4,2,3,6,14,5,0,2,5,8,14,2,0,3,4,3,8,10,17,2,2,6,4,0,2,5,17,5,2,3,8,13,19,5,2,4,5,8,10,3,2,8,19,5,2,6,10,15,17
3,2,2,3,4,5,7,8,14,3,3,8,13
7,4,1,2,3,19,5,2,3,4,5,17,4,2,8,17,19,4,2,4,8,17,4,0,2,8,17,4,1,5,8,13,3,8,11,17
2,2,8,19,1,8
5,4,2,5,8,15,2,17,18,4,3,7,8,17,6,2,4,5,6,8,17,5,3,5,8,14,17
4,1,4,1,16,1,17,1,2
1,1,6
1,1,11
4,1,5,1,7,1,5,1,2
7,4,6,7,16,19,4,3,7,8,17,5,2,5,6,7,8,4,6,7,17,19,3,5,6,8,3,4,5,14,5,1,3,6,7,8
4,2,3,8,1,8,2,2,17,1,8
1,1,8
4,2,5,18,1,19,3,5,6,17,2,1,14
4,3,1,8,10,2,8,17,2,1,7,3,1,8,10
1,1,14
3,1,17,1,5,1,1
9,3,2,8,11,3,5,17,18,3,2,6,8,3,0,5,6,2,2,7,3,2,5,8,2,8,17,2,1,9,3,3,5,8
3,1,5,2,3,7,2,2,17
3,2,5,6,2,5,8,2,3,8
2,1,3,1,2
4,6,1,2,6,7,8,18,4,2,8,17,19,5,1,6,7,10,17,4,2,7,8,17
4,2,5,15,3,1,10,17,2,2,8,1,17
3,1,3,1,0,1,14
5,1,3,1,11,1,17,2,4,17,2,2,17
3,5,1,2,7,8,14,5,0,2,15,17,19,4,1,3,4,8
7,2,7,8,1,3,4,5,6,8,17,2,2,19,3,2,5,17,1,5,1,1
9,3,0,2,17,1,17,4,1,2,8,17,2,7,8,1,5,2,5,17,2,2,9,1,10,2,5,6
2,1,7,1,8
2,1,5,2,3,16
1,2,3,17
4,2,4,8,1,17,1,2,2,5,8
3,1,8,2,2,16,1,18
3,1,5,1,16,1,3
4,2,8,17,4,4,5,8,17,3,2,5,14,3,1,3,8
2,1,0,1,3
8,4,3,6,14,17,4,0,3,4,17,3,6,7,8,2,5,17,7,1,2,5,6,8,14,17,3,2,5,10,4,2,5,16,17,4,3,5,8,10
1,1,4
2,3,1,3,8,2,3,4
1,1,1
4,1,1,1,17,1,3,1,3
6,1,2,1,7,1,2,1,5,2,2,6,1,5
3,2,8,17,2,8,17,1,1
8,3,2,5,17,3,8,16,17,4,2,5,7,17,2,5,17,4,2,5,6,8,3,1,2,8,3,1,6,17,3,3,4,5
3,2,5,19,1,17,2,7,13
2,3,0,2,5,2,1,4
2,2,2,17,3,7,8,11
4,2,2,7,1,8,1,6,1,6
5,6,1,2,5,6,8,17,5,0,2,3,5,17,7,1,2,5,6,8,13,17,8,1,2,3,5,7,8,11,17,7,1,2,4,8,10,11,18
3,2,8,14,2,2,8,3,2,11,17
6,2,0,7,3,1,2,5,2,5,7,2,2,8,1,5,2,3,5
5,1,17,2,1,8,3,3,4,8,2,4,8,1,5
1,1,5
5,1,0,1,2,5,1,3,5,7,17,4,2,6,8,17,1,5
1,1,8
3,1,8,1,5,1,17
1,2,0,17
3,5,3,5,8,10,17,2,6,17,3,5,7,8
4,1,19,1,2,2,2,17,3,1,3,17
2,1,17,1,8
4,1,3,3,2,5,14,1,0,1,8
3,1,15,1,8,1,5
2,2,5,8,4,5,7,14,17
3,1,1,1,1,1,19
2,2,7,10,1,8
2,1,17,1,19
12,4,5,7,13,17,4,2,8,11,17,4,1,2,5,8,5,1,2,5,8,17,3,3,5,17,3,7,17,19,2,5,17,3,1,2,5,3,6,14,17,3,5,8,17,3,2,5,8,3,5,8,16
5,1,17,1,3,1,8,1,8,1,1
5,1,8,2,1,14,2,1,8,2,0,8,2,3,8
1,2,2,5
2,1,8,1,14
4,2,5,14,3,4,5,8,1,0,2,5,17
3,2,3,7,1,8,1,17
2,1,8,1,0
5,1,2,2,5,17,2,1,10,2,2,3,1,8
4,2,2,8,1,17,1,5,1,2
7,1,1,2,14,17,2,5,17,1,18,2,1,16,2,2,5,1,5
3,1,8,1,19,1,11
7,2,2,8,3,3,8,13,3,7,8,17,2,2,8,3,5,6,7,1,5,2,5,11
6,2,6,8,2,2,17,2,8,14,2,4,17,1,13,4,6,8,16,17
7,2,8,17,2,7,8,3,8,16,17,2,5,17,4,2,6,10,17,2,3,17,3,2,6,8
7,2,3,6,2,5,17,2,14,19,3,2,5,17,2,3,13,2,7,17,2,3,5
5,2,2,8,2,0,7,1,17,2,3,19,1,5
5,3,1,2,7,3,2,8,17,2,3,14,1,16,2,0,8
5,3,0,2,8,2,5,17,3,8,13,14,1,19,3,2,8,19
3,3,2,6,11,3,4,8,17,2,0,8
1,1,17
1,1,4
2,1,2,2,1,3
6,2,5,8,1,8,3,2,3,5,1,2,2,2,19,3,2,8,17
4,3,3,17,19,2,2,17,3,2,3,4,3,2,3,14
5,4,2,5,13,17,3,1,5,17,5,0,5,10,13,17,4,0,6,14,19,3,2,5,8
4,1,2,1,17,2,2,17,1,2
4,3,0,6,8,5,2,7,8,14,17,3,8,17,18,3,2,3,16
7,3,1,3,5,2,3,7,2,2,8,4,6,8,10,17,1,3,4,2,5,14,17,3,6,13,17
1,1,10
5,3,0,2,17,2,5,7,4,2,5,8,17,3,2,3,8,3,7,8,17
5,1,2,1,17,1,8,1,14,2,3,19
5,1,3,1,17,1,5,2,0,7,1,2
3,4,1,2,8,17,3,0,6,8,1,8
3,1,8,1,8,1,2
4,2,7,16,2,1,7,2,4,5,1,4
3,1,8,1,8,2,2,3
6,1,17,1,17,1,10,1,1,1,5,1,6
2,1,0,1,2
1,1,16
3,1,8,1,17,2,2,3
2,2,6,8,1,19
4,1,8,2,8,18,3,2,8,16,4,0,5,7,9
3,2,5,7,1,17,1,19
8,2,1,2,1,7,3,1,2,6,1,6,1,11,2,0,2,1,3,1,6
3,1,3,2,1,5,1,17
3,2,3,17,2,2,5,1,8
6,3,7,17,19,1,8,2,2,17,2,1,2,3,0,1,5,2,5,17
7,3,0,16,17,3,1,6,17,2,6,8,3,2,6,17,1,17,2,7,14,1,5
5,1,2,2,2,3,1,3,1,5,2,8,17
2,1,8,2,0,7
7,2,1,3,2,3,17,3,0,2,17,1,5,1,2,4,8,11,17,19,2,11,17
6,4,2,3,8,17,4,5,6,10,17,4,2,5,7,8,5,0,2,7,8,17,4,0,2,5,7,4,2,3,8,19
1,2,2,19
1,1,5
3,2,3,8,1,5,2,14,17
4,1,19,1,10,1,8,1,6
4,2,2,19,1,3,1,8,2,2,16
5,2,5,10,1,3,2,5,8,2,2,3,3,2,3,17
7,2,2,8,2,2,7,1,2,2,4,17,2,0,5,1,8,5,2,4,5,8,17
2,3,5,8,19,3,2,6,8
3,2,2,19,2,2,5,2,2,19
5,2,2,7,3,2,4,8,3,1,8,19,1,14,4,2,3,16,17
2,1,8,1,5
4,1,8,2,5,10,1,12,1,7
2,1,8,1,8
1,1,16
2,1,5,1,2
2,2,5,7,1,5
6,3,2,6,8,2,5,8,2,1,7,3,2,8,15,3,2,5,8,3,13,17,18
5,1,8,1,3,1,8,1,8,1,0
4,2,4,5,1,8,4,2,5,9,19,1,8
8,1,1,2,5,17,4,0,7,17,19,2,2,5,2,2,3,1,8,2,10,17,2,2,5
2,2,3,8,1,19
5,4,1,2,8,17,4,2,6,8,17,4,0,2,8,19,5,2,5,6,7,17,5,1,4,5,6,7
2,1,1,1,8
1,1,5
7,4,6,14,17,19,5,1,2,3,9,17,3,2,8,17,3,2,7,17,4,2,3,4,8,4,0,2,3,17,2,2,17
2,1,17,1,1
4,2,2,14,4,0,8,17,19,5,2,3,7,8,11,4,2,3,13,17
3,1,8,1,8,1,19
6,2,2,5,1,1,2,0,1,4,2,3,10,11,3,2,8,10,1,5
4,1,11,1,8,2,2,6,1,1
1,1,3
5,1,8,1,17,2,2,17,1,3,1,17
6,3,2,5,6,4,2,5,10,17,1,17,3,0,3,16,3,0,8,17,3,1,5,6
5,2,2,5,3,2,3,5,2,0,8,2,13,19,1,17
6,4,1,5,6,8,4,2,5,8,17,3,2,5,8,3,2,5,17,4,2,11,13,17,4,2,5,7,17
4,1,1,1,2,1,4,1,2
5,1,2,1,8,2,3,10,1,8,1,2
8,5,2,5,7,14,17,5,5,8,10,14,16,4,2,5,14,17,2,2,8,8,2,3,5,6,8,9,10,11,6,2,3,6,14,17,19,6,1,2,5,6,14,17,6,2,3,5,8,17,19
5,2,2,8,2,3,4,2,2,8,2,8,10,3,2,8,10
4,2,4,7,1,1,1,14,2,2,5
4,2,0,3,3,5,6,8,3,8,13,19,4,2,5,7,10
4,1,2,1,8,1,3,1,3
2,2,7,8,3,2,17,19
7,1,2,1,2,2,3,14,5,1,2,6,7,17,1,3,2,3,7,1,8
3,3,1,5,8,4,7,8,14,18,3,2,5,17
10,3,2,5,19,2,9,19,5,2,3,8,17,19,2,10,17,4,2,6,16,17,2,1,17,1,2,3,5,7,14,2,2,19,2,6,14
2,3,3,8,17,2,0,11
8,2,0,8,2,8,17,1,13,1,3,2,1,8,2,2,17,2,8,17,2,3,17
6,1,6,1,7,1,5,1,3,1,2,1,5
2,2,8,11,1,7
3,2,5,8,1,17,2,5,17
3,2,8,19,2,0,17,3,8,10,17
2,1,17,1,5
3,1,0,1,0,1,19
5,2,2,16,2,0,17,1,3,2,2,3,3,4,5,17
4,2,0,2,1,5,1,2,1,3
6,2,10,17,3,4,8,10,4,2,3,8,17,4,1,8,11,17,6,1,2,3,5,8,17,4,2,3,5,17
5,3,2,3,5,4,3,7,8,17,4,2,6,8,10,4,1,2,8,11,2,6,11
4,1,5,3,2,5,6,2,8,14,1,3
6,3,0,2,11,3,3,7,11,3,2,5,6,2,3,5,4,2,4,8,17,3,1,8,19
2,1,3,1,17
4,3,0,2,8,1,17,1,3,1,2
6,4,2,10,11,17,4,2,3,5,8,4,2,7,8,17,2,8,19,5,2,5,6,8,17,4,0,2,7,13
4,3,2,5,6,3,3,6,8,2,2,6,1,17
6,2,2,17,1,17,1,17,1,3,1,3,1,8
2,1,17,1,17
2,2,2,8,3,5,8,17
2,2,2,8,1,1
4,2,5,17,1,2,2,5,8,2,4,8
1,1,2
1,3,2,6,17
3,2,5,8,1,8,1,13
5,3,2,4,19,1,6,2,1,5,2,2,17,2,3,17
3,1,4,2,8,17,2,3,17
7,3,2,7,17,4,2,8,14,16,4,1,2,5,8,3,0,5,8,2,5,17,1,2,3,2,8,17
2,2,4,17,1,5
3,2,5,17,2,0,14,2,1,8
5,2,5,16,2,5,14,2,4,8,1,17,1,17
3,1,17,1,5,2,2,8
2,1,0,1,17
3,1,1,1,5,2,1,7
4,1,5,1,8,1,13,1,17
4,3,1,5,17,2,3,17,1,2,2,6,8
1,1,3
3,1,14,1,2,2,5,17
2,2,1,5,1,2
1,1,8
6,2,1,8,4,2,8,14,17,2,3,8,2,5,8,2,2,14,1,5
2,3,0,2,3,2,8,19
3,2,2,8,1,14,1,19
1,3,0,3,18
6,3,1,17,19,1,2,1,8,3,2,5,17,3,1,7,8,1,8
2,3,0,2,8,1,5
3,1,19,1,5,1,2
2,1,5,1,19
3,3,2,8,17,1,8,1,11
2,2,8,11,2,2,5
1,1,5
2,4,3,4,5,19,1,13
5,1,19,1,17,2,3,8,1,7,1,2
7,1,17,2,2,5,2,3,5,5,0,1,5,7,17,2,2,17,2,3,19,2,6,8
2,3,3,4,17,1,16
5,3,1,7,17,1,2,3,2,8,17,2,6,8,5,3,5,8,17,19
5,2,2,3,4,2,4,8,17,5,2,3,7,8,11,4,1,3,8,17,4,3,5,8,19
7,1,5,2,8,17,4,3,4,10,17,2,6,16,1,6,1,4,2,5,14
4,1,5,1,6,1,17,2,2,19
6,5,0,2,5,6,8,3,3,5,17,3,2,8,17,5,0,1,2,6,7,4,2,3,17,19,4,0,2,4,19
4,4,2,6,8,17,4,2,8,13,14,4,3,5,6,17,3,0,8,14
2,1,2,1,5
4,1,8,2,5,17,1,5,1,4
3,1,7,1,8,1,17
5,2,0,17,4,6,7,8,17,4,1,2,3,6,3,0,2,19,6,1,4,7,10,13,17
3,2,2,17,1,17,1,17
1,1,3
5,3,2,5,11,3,2,6,16,2,5,8,3,2,3,4,1,8
4,1,19,1,5,1,2,1,19
2,1,8,1,5
3,1,17,1,17,1,17
2,2,1,2,1,16
3,1,8,1,17,4,2,3,8,17
3,2,1,5,1,8,1,3
3,3,4,10,17,2,2,17,1,7
6,4,2,5,14,17,3,3,6,17,3,5,7,17,2,0,8,1,0,4,2,3,8,19
3,1,2,1,2,1,13
5,2,0,10,1,10,1,2,1,2,4,2,5,8,17
5,2,7,14,2,2,8,1,5,1,2,1,5
3,1,8,1,13,2,8,17
7,1,2,2,6,17,3,3,5,10,1,0,1,2,3,3,17,19,1,16
4,1,17,3,4,6,8,1,8,1,17
2,4,11,14,17,19,3,2,3,6
4,1,2,1,2,1,0,1,13
5,3,5,7,14,3,2,5,8,2,4,7,2,2,17,3,0,1,8
6,3,2,5,17,4,2,5,8,14,2,2,17,2,3,17,5,2,6,7,8,17,4,2,3,5,6
8,3,2,4,8,3,5,8,17,2,7,14,3,3,8,19,3,5,8,17,2,3,17,5,1,2,3,6,17,3,1,2,7
5,2,8,19,1,8,2,2,6,3,0,3,14,1,10
3,1,0,2,2,8,1,5
6,3,0,5,19,1,8,2,0,2,4,2,6,17,19,4,2,3,8,17,1,4
3,1,17,1,3,2,5,17
3,1,6,1,2,1,17
1,1,17
2,2,1,3,1,5
1,1,8
4,2,0,1,5,1,2,3,5,8,3,4,5,8,3,0,8,17
3,3,2,8,19,3,1,5,17,2,2,5
4,1,17,1,7,2,3,17,1,4
2,1,8,1,5
3,4,0,2,3,5,2,2,17,3,2,3,5
1,1,7
1,1,10
7,1,8,1,0,1,7,1,19,1,10,2,3,5,1,5
2,1,17,2,7,19
2,2,2,8,2,2,11
2,2,0,5,1,8
4,3,4,5,8,1,6,2,5,8,1,7
6,3,0,5,8,3,2,8,17,3,0,6,17,5,1,2,5,11,18,1,7,3,3,5,19
4,2,6,14,2,1,19,2,2,3,1,2
7,5,1,5,6,8,19,6,1,3,5,8,17,19,5,2,3,5,17,19,4,2,3,5,7,4,2,5,8,17,4,1,8,10,17,3,2,5,8
2,2,5,8,1,17
3,2,1,4,1,16,2,2,8
5,1,2,1,5,2,0,17,1,10,1,8
3,1,17,1,8,2,1,8
2,1,10,1,5
4,1,0,1,17,2,0,17,1,8
3,2,5,7,1,17,1,4
4,2,1,5,3,1,5,6,2,2,6,1,17
5,1,5,1,8,1,3,1,1,2,3,8
5,3,8,17,19,2,2,8,3,3,8,19,4,0,1,2,3,2,5,17
2,1,3,1,1
2,3,5,10,17,2,7,11
4,3,4,8,17,2,8,16,3,3,7,19,5,2,3,5,10,19
4,1,19,1,8,2,1,8,1,13
3,2,14,19,3,1,6,17,1,19
4,5,0,2,3,5,7,4,1,2,6,17,4,0,2,8,17,3,2,3,8
5,2,2,5,2,6,17,2,11,17,2,5,17,2,2,5
5,2,3,8,3,1,2,8,3,2,7,8,2,0,4,2,1,17
3,1,3,1,5,2,8,14
4,4,2,4,6,7,2,3,8,3,2,3,5,3,3,8,17
4,3,0,7,8,3,1,6,19,3,3,8,11,2,4,17
4,4,1,3,7,17,1,6,1,14,2,2,5
3,1,14,1,4,1,17
8,2,5,8,4,2,5,8,17,3,3,4,16,3,3,10,17,5,2,3,8,16,17,5,1,2,5,8,17,4,1,8,16,17,4,2,6,17,19
2,1,17,1,0
3,3,0,2,17,3,5,8,17,3,2,7,17
3,1,14,3,3,7,8,1,17
3,1,3,1,3,1,5
1,1,1
4,4,2,8,15,17,2,2,8,1,6,1,17
2,2,2,14,2,2,19
7,4,2,8,17,19,2,7,17,4,0,1,3,8,3,2,8,17,3,10,17,19,3,5,17,18,3,2,3,17
4,1,17,1,0,3,1,2,5,2,8,19
6,2,1,3,2,2,6,2,2,7,1,17,2,5,17,2,8,17
6,2,2,5,5,1,2,8,9,17,4,2,3,6,17,5,2,4,5,10,17,6,0,1,3,5,7,17,8,1,2,3,7,11,14,16,17
1,1,8
10,5,5,8,11,17,19,4,5,8,16,17,3,2,7,17,1,2,4,6,7,8,17,4,2,5,13,17,4,3,4,8,17,2,3,8,5,0,3,4,5,8,4,0,8,14,17
3,1,1,1,1,1,2
3,1,2,1,3,2,1,8
4,1,19,1,3,1,2,2,8,17
2,1,14,1,17
3,1,2,2,2,3,1,3
8,3,0,2,17,3,2,5,8,3,5,8,17,1,5,2,6,14,2,8,19,2,3,8,3,2,3,5
5,2,8,15,2,5,14,1,17,1,8,2,1,3
4,1,4,1,6,1,5,1,7
5,1,1,3,2,5,8,2,2,5,1,17,3,2,8,13
6,1,7,2,8,14,2,2,17,1,17,2,0,5,2,8,17
3,1,8,1,2,1,17
4,2,2,3,2,5,8,1,19,1,2
3,1,8,2,0,16,2,5,19
4,1,17,1,2,1,8,1,2
3,1,8,1,18,1,8
7,1,3,3,1,2,8,4,5,10,17,19,3,1,5,17,3,3,5,8,3,2,13,17,3,8,14,17
5,3,2,10,17,4,1,2,8,17,1,5,3,8,10,17,3,2,3,7
1,2,1,6
2,1,2,1,5
1,1,0
7,2,1,2,3,2,5,17,3,3,5,19,3,3,4,7,4,2,3,7,8,5,1,2,5,7,8,4,1,2,5,8
3,2,1,8,3,3,17,18,1,8
1,1,17
4,1,5,3,3,8,10,3,0,7,17,3,0,2,8
2,1,17,1,8
4,4,2,5,7,8,4,2,8,10,17,5,6,8,14,17,19,4,2,4,16,17
3,2,5,6,1,5,2,1,17
3,1,19,1,8,1,13
2,2,3,5,1,8
2,1,13,1,5
4,2,3,5,2,17,18,1,11,1,8
3,2,7,13,2,2,7,2,4,8
5,5,1,2,5,8,11,4,2,5,8,17,6,1,2,3,5,6,8,3,0,3,8,3,4,5,11
5,2,8,17,2,3,19,2,3,8,2,5,13,1,8
3,1,13,3,0,3,5,1,5
5,2,2,5,3,2,3,8,1,0,1,2,1,17
2,1,3,1,5
6,4,1,4,10,13,2,5,16,2,2,5,3,1,2,16,2,7,8,1,0
2,1,2,3,2,5,17
7,3,2,5,11,4,0,3,5,8,3,5,8,17,4,5,7,8,16,2,5,6,3,7,8,17,2,5,8
4,1,17,2,0,14,2,0,8,3,3,6,8
5,2,5,8,3,6,7,8,3,2,4,6,3,1,2,8,1,8
3,1,5,1,17,1,17
1,1,11
1,1,7
7,2,2,16,2,5,8,3,2,5,10,3,1,5,17,3,2,5,17,2,0,8,2,5,8
3,2,0,7,1,2,3,2,3,8
2,4,2,11,13,17,3,4,6,17
1,1,2
2,2,1,5,2,1,8
2,1,6,1,19
3,2,1,2,3,7,8,16,3,1,10,17
3,1,17,1,17,1,1
6,1,14,2,5,8,2,8,17,2,2,8,1,8,1,8
2,2,2,10,2,5,17
5,1,3,1,5,2,16,17,1,3,2,8,12
4,2,2,5,2,4,6,1,8,3,7,8,17
3,4,1,5,17,19,4,1,2,5,17,4,3,4,5,8
3,4,2,3,5,17,1,6,1,19
6,3,2,5,17,3,7,8,17,3,1,3,6,5,2,5,8,14,19,3,1,2,3,2,3,4
4,2,2,5,3,0,2,11,3,2,8,14,3,5,7,8
2,1,8,1,4
4,2,1,2,3,0,2,17,1,13,2,4,17
5,4,2,5,6,8,4,1,2,5,19,5,5,7,8,10,14,2,2,3,3,2,13,17
5,2,8,17,4,2,3,5,19,5,2,5,8,17,19,4,2,3,5,6,5,2,5,7,8,13
4,1,2,2,2,10,1,8,2,9,19
2,1,3,1,6
1,2,8,17
4,2,2,17,2,5,17,1,5,2,1,6
3,1,5,1,17,1,17
7,1,5,1,17,2,5,6,2,0,2,3,10,14,17,2,6,8,1,8
3,2,5,8,2,1,7,2,6,17
8,3,2,5,16,3,3,4,17,2,5,17,2,2,17,2,2,5,3,3,8,10,3,2,8,13,1,2
7,2,8,17,2,1,2,1,13,1,5,3,0,5,11,2,0,17,2,5,11
6,3,0,8,10,3,8,10,17,1,2,1,8,3,2,6,8,4,1,2,5,17
1,1,13
3,1,2,2,2,17,3,7,8,17
7,3,1,5,7,5,1,2,5,7,8,4,0,2,5,10,4,2,6,8,10,6,1,2,3,5,7,17,3,7,8,17,1,2
2,1,1,1,1
7,3,4,5,17,2,1,8,2,10,14,2,8,17,3,2,5,7,2,5,17,3,2,5,17
4,4,1,3,5,8,2,2,17,3,5,8,16,3,2,8,17
8,4,2,3,7,10,4,2,5,7,10,4,2,3,5,14,3,3,7,11,4,0,2,4,5,5,1,2,6,7,8,4,2,4,8,13,3,5,8,19
1,1,8
2,1,19,1,8
1,1,5
3,1,16,1,8,2,1,5
8,2,0,7,1,5,1,2,1,2,1,10,1,17,4,3,8,16,19,2,1,2
5,4,0,4,5,6,3,2,5,8,2,8,17,2,2,4,3,4,7,8
2,1,17,3,2,5,17
4,2,3,5,1,3,2,2,6,2,2,8
3,4,2,8,11,17,2,0,8,1,10
3,1,8,1,8,2,2,14
7,1,17,1,13,3,2,14,17,1,18,1,8,1,8,1,17
2,2,8,19,2,5,17
3,1,6,3,2,5,17,2,8,13
5,3,3,5,8,3,5,8,19,4,2,6,13,17,4,2,4,8,17,3,5,6,17
4,1,3,1,2,1,5,1,5
6,2,1,17,2,8,10,2,2,3,1,8,2,0,14,2,2,3
2,2,6,8,1,1
6,1,8,3,1,3,7,3,5,8,17,1,18,2,5,17,1,1
4,2,14,17,4,7,8,16,17,2,1,17,1,17
3,1,2,1,2,1,8
8,3,2,6,19,3,2,5,18,3,2,7,17,1,2,2,16,19,2,1,2,1,18,4,1,8,16,17
3,1,2,2,6,8,2,5,17
2,1,2,2,5,17
3,1,17,1,7,1,1
2,1,1,2,1,17
3,1,4,2,5,10,1,5
7,5,2,5,7,8,14,5,0,2,3,8,17,3,2,6,17,3,2,7,17,5,2,4,5,6,17,5,0,1,8,9,17,4,6,8,10,17
6,2,2,17,5,2,5,7,8,17,5,2,3,5,11,17,4,3,5,6,16,2,8,14,4,2,3,5,8
1,1,5
4,2,2,3,2,3,5,2,2,5,2,2,19
2,1,7,1,4
3,1,2,1,8,1,7
3,1,1,3,4,6,16,2,1,17
6,2,2,3,3,1,8,14,4,2,6,7,17,1,15,3,0,6,17,3,1,13,19
4,1,10,1,2,1,7,2,0,2
3,1,1,2,3,7,1,7
4,3,2,14,19,4,1,2,5,8,2,3,8,3,2,4,5
9,3,1,2,7,3,2,3,5,2,2,13,2,0,2,2,7,8,2,7,8,4,2,5,14,17,2,2,17,3,2,3,13
3,2,2,16,1,3,1,8
3,2,3,7,1,17,2,2,7
3,2,8,13,1,2,1,2
1,1,17
1,2,8,17
1,3,2,6,17
1,1,2
3,1,17,1,5,3,6,7,14
6,2,6,14,1,2,3,2,8,17,2,3,6,3,1,5,7,2,2,19
4,1,13,1,5,1,16,1,8
5,2,3,14,4,5,8,14,18,5,1,2,6,7,14,1,8,4,0,2,4,8
3,2,5,14,2,5,8,1,8
10,5,4,5,8,13,17,6,1,2,5,7,8,14,5,0,2,5,8,17,1,5,5,1,2,8,17,19,5,0,2,7,8,17,5,0,5,6,7,19,7,1,3,5,7,8,10,17,5,5,6,8,10,19,5,1,3,6,7,17
5,1,1,2,8,10,1,0,2,1,17,2,3,14
2,1,5,1,4
6,2,2,5,2,1,2,2,1,5,2,3,17,2,2,19,3,7,8,19
2,1,5,2,2,5
5,2,2,8,2,5,17,3,3,10,17,3,5,7,8,4,2,8,14,17
4,4,1,4,8,17,2,13,17,3,1,3,17,3,2,5,19
1,1,3
1,3,2,8,17
7,1,17,3,2,3,7,4,2,7,8,15,3,2,8,19,2,2,10,4,3,5,17,18,3,3,5,17
3,1,2,1,6,1,10
5,1,3,1,2,1,5,2,5,8,2,5,8
5,3,8,14,16,2,3,19,3,8,16,17,4,3,10,11,18,3,3,17,19
1,1,1
3,1,6,1,2,2,1,4
2,1,2,2,2,5
1,1,17
5,4,2,8,17,18,3,5,8,17,2,6,17,3,0,8,17,3,0,2,5
5,3,0,2,7,2,2,19,2,2,17,2,0,5,2,3,5
9,2,2,3,2,4,17,2,2,17,2,1,17,1,2,3,0,1,17,2,5,10,2,2,19,2,8,17
7,1,8,2,3,7,1,17,2,1,17,3,2,8,17,2,8,19,3,1,8,10
6,5,2,3,5,7,8,3,4,6,13,3,3,8,10,3,3,11,17,3,3,4,8,4,2,10,13,17
3,3,0,1,5,2,2,8,1,19
4,2,3,13,1,13,1,11,1,0
2,1,8,1,1
5,2,0,8,1,3,2,5,14,2,8,17,2,0,17
4,1,1,2,1,11,2,1,17,2,2,5
2,1,17,1,2
4,4,2,5,14,17,1,2,2,6,8,2,5,18
3,3,2,4,8,2,1,17,1,0
3,1,2,1,2,1,2
2,2,2,8,2,3,8
5,2,2,5,3,5,17,19,2,4,7,1,3,2,3,17
3,4,3,7,8,17,3,3,8,17,4,2,3,7,14
6,4,2,5,8,17,4,0,2,3,8,2,1,13,2,2,17,3,3,16,17,2,2,5
3,1,2,1,17,2,5,14
6,5,0,3,5,8,11,2,2,5,5,3,6,8,16,17,5,2,3,8,14,17,5,3,8,14,17,19,4,1,3,8,17
6,2,2,3,2,6,17,3,2,6,8,1,3,4,3,5,8,19,2,7,8
4,2,6,8,4,2,5,8,17,2,0,2,2,2,5
2,1,17,1,7
7,3,2,3,5,2,6,8,2,1,2,2,0,5,2,3,8,1,8,3,3,8,17
3,1,8,1,17,1,3
9,3,3,13,14,1,5,2,2,13,2,1,13,1,17,2,5,17,1,3,2,6,8,2,2,5
1,1,8
3,1,14,3,1,5,8,2,7,17
4,3,0,2,17,1,5,2,2,8,1,17
6,2,14,17,4,1,3,13,17,3,3,8,17,5,2,5,8,17,19,3,5,7,14,3,0,5,8
6,2,0,2,3,2,5,8,1,3,4,3,10,16,19,1,6,3,2,3,6
3,1,2,1,8,1,8
2,1,7,1,5
5,3,0,5,17,2,5,10,3,2,8,17,2,0,2,2,8,17
1,1,3
4,3,5,8,10,3,3,13,17,4,6,7,17,19,2,2,17
4,2,3,8,1,3,1,5,1,13
2,1,18,1,8
6,2,2,5,2,2,17,2,1,3,2,1,8,3,2,10,16,3,6,18,19
1,1,14
1,1,1
4,1,5,1,1,2,6,7,1,5
2,1,2,1,7
4,1,17,1,16,2,5,8,1,1
7,1,11,2,0,3,1,0,2,5,8,2,1,5,1,17,1,19
6,1,3,1,2,1,5,1,17,2,8,17,1,17
2,2,4,17,2,2,6
6,2,8,17,2,2,3,1,3,2,0,3,4,2,4,5,17,2,5,19
2,2,4,6,2,2,3
6,1,5,2,5,17,2,5,17,1,3,2,0,1,2,0,1
6,1,3,1,17,3,4,8,10,2,6,8,1,8,2,3,8
3,1,16,3,6,7,17,2,4,5
7,3,0,5,19,3,5,7,17,5,2,3,7,8,17,6,0,5,8,14,17,19,4,3,5,8,17,6,1,2,3,5,8,17,3,1,8,17
2,2,6,8,2,2,8
5,5,1,6,8,17,19,1,5,2,0,6,2,0,17,3,2,8,17
6,1,3,1,2,2,1,8,1,8,2,2,7,1,6
5,2,6,8,1,8,2,5,7,3,0,6,17,2,2,6
4,1,1,1,5,1,17,1,5
3,1,8,2,2,5,1,0
2,4,3,5,8,17,2,2,3
6,3,6,7,8,1,6,2,5,14,2,0,2,3,0,2,13,2,5,8
3,2,8,18,3,5,7,19,2,8,14
5,4,0,3,5,8,1,6,3,2,10,17,2,7,17,3,1,7,17
4,1,8,2,1,17,1,2,2,1,8
4,1,3,1,13,1,8,1,11
5,1,4,1,2,1,17,2,0,8,1,17
3,2,4,8,2,4,8,1,17
6,3,5,7,17,2,5,6,3,1,8,17,1,2,2,2,17,3,1,8,13
1,1,3
4,4,2,5,8,14,3,2,3,8,2,5,8,6,1,2,5,7,8,17
6,1,17,2,1,6,2,8,13,2,3,8,1,10,2,1,7
4,3,2,10,17,4,1,6,8,17,2,6,15,3,2,3,17
6,3,2,5,8,2,1,7,1,16,1,8,4,1,5,17,19,3,2,3,19
3,2,5,19,1,17,2,2,13
2,1,14,1,19
8,3,6,8,17,2,1,5,2,2,3,3,5,8,17,1,10,1,17,2,2,13,2,3,17
1,2,5,17
5,2,3,8,2,3,17,2,2,8,1,5,2,13,17
2,1,2,1,2
4,2,4,5,2,1,17,1,8,1,17
2,1,3,2,2,13
5,3,1,2,8,3,2,5,6,1,5,3,2,5,8,2,5,8
5,2,5,17,2,2,3,2,8,17,2,2,8,1,17
4,1,5,1,2,1,5,3,2,5,7
4,1,2,1,2,1,10,2,2,7
4,2,2,8,2,5,17,1,17,1,2
3,1,3,2,2,17,1,8
1,1,10
5,2,0,2,1,17,2,5,8,4,2,5,8,18,3,3,8,18
4,2,2,3,4,5,7,8,16,2,17,19,2,2,7
8,2,2,3,3,1,8,19,2,2,5,2,17,19,2,3,17,1,8,2,3,5,2,1,3
6,1,5,1,5,2,8,17,2,2,8,1,3,1,17
4,4,2,5,7,17,5,2,5,6,8,14,2,1,2,4,2,3,5,7
5,1,19,3,0,5,8,2,5,8,2,14,17,2,2,19
1,2,3,5
5,2,1,2,1,0,1,5,1,7,1,2
7,2,14,17,2,8,14,3,3,8,11,1,0,2,1,17,3,2,5,6,2,5,8
4,1,8,1,5,2,2,17,1,2
7,3,2,5,11,3,2,5,8,3,0,17,19,2,1,2,2,2,11,3,2,13,17,3,2,3,16
5,1,17,2,1,2,2,8,17,1,17,1,4
1,1,8
2,1,17,3,2,5,14
6,1,8,2,3,8,1,17,1,3,1,7,1,16
4,1,8,1,2,2,5,7,3,5,7,8
1,1,9
5,3,2,4,5,2,2,5,3,0,3,17,2,7,14,2,6,8
3,1,5,1,8,1,7
3,1,8,2,2,18,3,2,5,8
3,1,17,1,2,2,1,5
2,1,2,2,2,10
5,3,0,2,3,1,2,1,1,1,8,1,3
6,2,17,19,2,2,10,3,1,3,17,2,1,8,1,17,2,2,17
10,3,0,2,14,2,2,17,3,2,5,8,2,2,17,2,4,16,3,3,5,17,3,5,8,19,4,2,8,16,17,3,2,3,5,1,2
5,2,2,3,2,7,8,3,3,13,17,1,8,2,3,17
1,1,2
2,3,3,8,16,3,8,14,17
7,3,7,8,17,2,2,8,1,17,3,1,5,17,1,0,1,2,1,2
4,2,6,8,2,8,17,1,3,2,17,19
7,3,4,8,11,3,0,3,7,2,2,17,3,4,8,17,1,2,2,2,17,3,5,6,17
8,2,8,17,3,1,2,3,2,3,8,3,1,8,14,3,2,10,17,4,2,5,13,17,4,2,8,17,19,2,5,8
3,1,17,3,2,5,9,2,8,17
2,3,2,6,8,3,2,3,8
9,4,2,5,8,17,4,2,6,8,17,3,0,3,17,4,2,5,8,18,4,2,11,17,19,2,5,17,2,8,9,3,3,8,13,2,2,17
1,1,14
3,2,8,10,4,0,2,7,16,2,5,17
1,2,5,17
2,3,2,5,17,2,11,17
3,2,3,10,1,3,1,3
1,2,2,8
2,1,5,1,5
2,1,7,2,1,8
5,1,5,2,3,6,2,0,5,2,5,8,2,2,19
2,1,8,1,1
4,1,19,3,1,2,5,1,8,2,0,2
7,1,8,3,6,8,17,5,1,2,5,8,19,3,5,7,17,3,2,5,10,4,3,5,7,13,3,1,2,13
3,4,1,2,6,17,4,0,5,17,19,4,7,11,13,18
6,3,3,17,19,2,0,3,2,8,17,2,1,17,2,2,5,4,2,5,13,17
7,4,2,3,5,17,4,2,4,5,8,6,0,1,3,5,6,19,2,13,17,3,8,14,17,5,1,5,7,8,19,3,2,3,8
4,2,3,19,3,1,2,16,2,5,7,2,13,17
4,2,1,8,3,6,8,17,3,2,5,8,2,8,19
8,2,8,17,3,2,9,17,1,17,1,17,1,2,2,13,17,2,8,17,2,5,7
4,2,3,14,4,5,16,17,18,3,3,8,17,3,2,7,8
7,2,2,6,2,7,8,1,5,3,5,7,17,1,2,4,3,5,10,17,2,2,17
7,4,1,5,8,17,5,8,10,16,17,19,4,3,5,8,17,4,0,3,8,17,4,2,6,15,17,5,2,5,7,8,17,4,0,1,16,17
3,1,2,2,8,17,3,2,3,8
3,1,11,1,6,1,17
2,2,7,17,2,5,17
4,4,5,8,17,18,4,3,5,10,13,5,2,3,8,13,17,2,5,17
8,1,1,2,2,5,2,17,19,2,2,6,1,2,4,2,16,17,19,1,17,2,8,19
5,1,17,2,2,5,1,3,1,17,1,4
1,1,7
5,4,4,5,6,17,1,8,2,5,9,2,8,11,2,5,17
3,2,2,19,3,5,8,17,1,17
3,2,7,17,1,3,1,4
2,1,8,2,0,7
5,2,14,17,3,5,8,17,2,1,5,3,2,8,17,1,17
3,1,17,1,6,2,8,17
2,3,5,10,17,2,1,17
4,1,2,2,5,17,1,5,1,17
5,1,2,2,5,16,1,17,1,10,1,3
1,1,10
5,1,8,2,7,8,2,8,14,2,2,17,1,8
3,1,5,2,16,17,1,4
5,2,2,14,4,1,6,8,17,2,5,17,5,2,6,7,8,17,4,2,8,14,17
7,4,4,5,11,17,6,0,2,3,5,7,8,3,8,10,17,5,0,1,2,17,19,4,2,5,7,19,4,1,3,8,17,4,2,5,8,15
4,1,13,1,3,2,5,8,2,11,16
2,1,4,1,19
2,3,0,3,8,2,17,19
6,2,4,5,3,0,5,19,1,10,3,2,3,19,1,8,2,2,8
5,4,2,5,10,17,3,1,2,8,3,2,4,19,4,8,10,17,19,4,2,5,13,19
7,4,3,8,10,17,2,2,10,4,0,2,3,5,2,3,8,4,2,6,8,11,1,5,3,7,8,17
8,3,4,5,7,4,1,5,8,17,3,1,3,8,3,6,8,9,2,2,17,5,2,3,4,5,17,1,10,4,3,5,14,19
4,4,2,3,4,7,5,5,6,8,17,19,4,0,1,2,19,4,0,2,3,8
3,1,8,3,4,5,11,3,3,10,13
6,1,19,1,10,1,6,1,8,1,2,1,6
4,4,7,8,10,17,2,8,17,3,5,8,11,4,2,6,7,8
3,1,2,1,15,1,5
2,1,17,1,2
7,3,1,5,17,4,2,5,13,19,5,2,3,7,8,17,4,3,8,17,18,3,2,3,5,4,0,6,14,17,3,3,10,17
6,3,0,5,8,4,5,8,10,17,5,2,5,6,10,17,4,2,5,7,17,5,2,3,8,14,17,5,1,3,16,17,19
4,3,0,1,2,4,2,7,8,17,3,3,8,14,2,1,3
4,4,1,3,9,17,3,5,8,17,4,1,3,7,8,3,3,6,17
4,1,19,3,2,6,17,1,2,2,8,17
7,2,2,17,3,2,3,6,3,5,16,17,2,1,5,2,8,17,2,8,17,3,7,8,14
5,2,3,7,1,7,2,5,17,2,8,10,2,3,13
5,1,2,1,17,1,8,1,16,2,3,17
6,3,2,8,17,4,0,2,8,19,4,2,6,7,8,4,4,10,17,19,4,3,5,8,10,3,2,8,17
2,2,3,19,2,3,17
4,1,17,1,3,1,5,3,2,5,17
5,3,2,16,17,4,6,7,8,17,2,5,6,2,0,17,3,1,7,10
2,1,19,1,2
3,3,0,2,17,2,2,3,3,3,6,7
7,2,8,17,1,2,5,2,3,8,17,19,5,0,1,7,8,14,3,1,8,11,3,5,6,8,6,2,6,7,16,17,18
1,2,2,3
8,2,7,17,6,0,1,2,5,7,17,3,2,5,8,5,2,5,7,8,17,5,0,2,5,11,14,4,1,2,5,17,6,0,1,2,3,17,19,5,2,3,7,15,17
2,1,5,2,6,8
8,4,1,5,8,17,3,3,9,17,3,6,8,16,2,5,9,3,2,3,17,3,2,8,19,3,3,4,5,3,2,6,17
6,1,8,2,0,17,2,8,17,2,2,14,1,2,1,0
7,3,3,4,5,3,2,5,8,3,4,16,17,3,0,2,5,1,2,2,2,14,1,2
5,3,1,5,19,1,10,3,2,3,6,2,8,17,2,2,17
1,1,2
3,1,2,1,5,2,5,6
6,1,17,1,19,1,17,2,3,5,1,8,1,2
3,1,1,1,2,1,15
2,1,2,2,2,3
3,1,2,2,5,17,1,10
3,2,8,14,1,17,2,2,15
6,3,2,6,8,3,0,8,19,4,2,16,17,19,1,17,4,3,5,10,17,3,0,3,17
6,5,1,2,8,13,19,3,2,5,17,3,2,6,17,2,2,14,4,2,5,8,17,4,0,5,8,10
1,1,2
7,1,19,2,3,5,3,2,5,17,2,8,17,2,3,8,1,19,2,7,8
1,1,1
4,1,3,1,17,2,3,8,2,7,15
3,3,2,3,7,4,2,3,8,11,3,4,5,14
8,3,2,3,8,4,2,3,5,17,4,5,8,11,17,4,1,2,3,17,4,1,3,8,17,3,2,6,8,6,0,3,6,8,13,17,7,0,2,3,5,6,8,17
2,1,7,3,3,5,17
2,1,3,1,3
3,1,8,2,8,10,1,5
5,2,4,8,4,1,2,5,8,1,2,4,2,6,8,11,3,3,5,17
2,1,8,2,2,8
4,2,2,17,2,3,17,1,19,3,5,8,14
5,4,2,3,8,11,1,19,3,1,5,6,4,2,8,17,19,3,1,5,6
2,1,6,1,14
5,1,0,1,17,1,17,1,3,1,8
4,1,17,1,1,1,17,3,2,6,8
2,1,2,1,2
