10,12,3,8,11,20,29,34,35,39,41,42,45,46,13,1,2,5,6,7,8,26,27,28,31,39,41,45,15,2,3,5,6,8,14,27,28,29,31,32,35,41,45,49,12,2,17,22,25,28,33,34,41,44,45,46,49,11,4,5,20,23,26,27,28,29,33,39,42,13,2,5,11,13,17,18,20,22,23,29,42,44,48,12,2,8,17,20,22,24,26,32,33,34,39,45,5,5,10,27,32,34,11,2,3,7,8,11,17,27,32,39,45,49,14,2,5,6,8,14,17,22,26,34,37,42,44,45,46
10,7,7,17,27,29,42,44,45,7,5,17,20,32,34,39,44,8,8,25,27,28,29,34,39,44,7,2,5,17,23,28,42,45,7,1,2,8,17,20,39,45,6,21,27,29,39,44,45,7,0,2,7,17,31,32,42,7,5,17,21,24,26,28,29,6,8,23,25,31,33,41,6,0,7,10,29,30,42
6,9,1,2,5,8,26,29,42,44,45,13,2,5,8,22,24,27,28,30,33,42,45,46,49,8,17,28,29,35,37,41,44,49,13,1,2,6,10,23,25,29,33,34,39,41,45,48,12,0,3,6,13,20,22,24,26,28,33,42,45,14,2,7,8,17,18,19,20,22,23,27,29,33,43,46
4,4,2,3,45,46,4,22,32,42,45,4,4,22,35,42,3,5,6,8
10,13,2,6,17,19,22,27,28,29,30,34,45,46,49,14,0,2,5,8,23,27,29,32,34,39,42,45,46,49,11,3,4,17,20,23,26,27,29,39,42,45,13,3,5,16,17,23,27,28,29,33,34,35,44,49,14,0,2,8,17,19,20,22,23,27,28,29,34,42,45,12,6,8,17,22,26,27,29,32,34,39,41,45,13,3,5,6,14,20,27,29,32,34,35,37,42,46,14,0,2,3,5,6,10,21,24,27,28,33,42,45,48,12,0,1,2,5,10,11,17,24,31,33,43,45,16,1,2,5,8,14,17,19,20,24,27,28,31,33,35,41,45
8,14,1,3,5,6,7,8,13,17,19,22,27,30,32,34,14,1,2,3,17,22,24,27,28,29,30,39,42,45,46,13,0,2,3,5,17,22,27,28,33,35,39,44,45,13,0,1,7,8,17,22,23,27,30,39,42,43,45,12,1,2,6,19,20,23,31,32,34,43,44,45,10,2,17,22,27,31,33,39,42,44,45,12,1,2,3,7,8,17,20,25,27,28,37,39,8,2,6,8,17,27,34,37,46
7,12,0,1,2,6,8,10,17,34,35,42,44,45,15,0,1,2,5,7,8,14,20,27,34,35,41,42,46,49,13,2,3,4,17,20,22,27,28,38,42,44,46,49,14,0,2,3,5,6,8,17,20,27,30,33,35,42,45,11,3,17,22,24,25,26,27,33,35,42,45,12,0,5,8,11,13,16,17,27,41,42,45,49,10,3,7,15,17,24,27,28,29,41,42
11,9,2,3,4,5,6,27,28,39,44,10,0,6,17,19,29,33,34,37,39,43,11,3,5,8,14,22,24,28,30,39,42,48,7,5,17,22,33,34,39,45,10,1,5,8,19,23,25,32,33,38,45,10,2,8,17,27,28,31,32,33,37,41,9,2,25,27,29,32,34,35,42,44,13,2,4,22,24,27,29,30,32,34,35,42,44,45,9,2,4,5,17,20,27,28,29,46,9,5,7,23,26,27,35,39,46,49,6,2,5,6,11,35,43
8,6,1,17,28,34,44,45,8,0,2,5,6,24,28,33,42,10,3,17,20,23,27,32,34,37,40,45,6,2,8,17,22,27,28,8,13,24,27,28,33,34,45,46,7,2,5,8,17,23,35,39,10,1,2,6,7,17,22,23,29,45,46,9,1,2,4,8,22,28,32,35,49
2,1,20,1,42
10,11,5,7,17,22,30,32,33,34,42,43,46,15,0,2,5,7,8,17,23,27,28,34,35,39,42,45,46,11,5,7,8,17,19,20,22,27,29,34,40,17,1,3,5,6,7,8,17,19,22,24,26,27,29,33,34,39,45,8,2,5,8,17,20,33,45,46,15,2,10,15,17,20,23,24,25,27,29,33,35,39,44,45,10,8,14,17,19,20,27,29,37,43,45,14,0,1,3,5,6,17,26,27,28,29,30,37,42,43,13,1,5,17,27,29,30,33,39,42,44,45,46,49,11,0,1,2,6,30,33,34,41,42,45,46
5,10,2,4,5,8,22,23,27,34,41,46,10,1,8,17,23,27,33,41,45,46,49,14,0,2,3,8,20,24,27,29,33,34,35,41,42,43,10,8,17,25,27,29,30,33,35,45,46,8,0,2,7,17,33,34,42,45
9,19,1,2,8,14,17,22,24,26,27,28,29,31,35,38,39,42,44,45,46,19,1,2,3,5,6,8,17,19,20,23,27,29,30,32,34,44,45,46,49,18,0,1,6,7,8,17,22,26,27,28,29,32,34,38,39,44,45,46,16,5,7,8,17,19,20,22,24,25,27,29,33,39,42,44,45,18,2,5,7,8,17,20,22,26,27,29,32,33,34,35,36,37,45,49,11,0,6,8,17,22,27,30,33,42,44,45,21,1,2,3,6,7,8,17,20,22,23,24,27,29,32,33,34,41,42,43,45,49,18,0,1,2,7,8,17,26,27,28,29,30,34,35,37,42,45,46,49,18,0,2,5,8,11,13,17,20,22,23,25,27,29,33,34,42,43,45
8,10,16,17,20,25,27,30,32,34,45,46,12,1,2,8,17,22,23,26,27,28,33,44,45,10,2,3,5,17,24,27,32,37,40,49,13,2,5,6,14,27,33,34,35,37,41,42,44,45,12,1,2,8,27,29,32,34,35,39,42,45,46,12,2,3,7,19,24,27,28,34,35,39,42,45,10,0,2,3,5,17,27,34,35,44,46,13,5,6,7,8,11,20,22,24,26,27,28,33,35
11,6,1,20,27,32,45,49,11,2,7,18,19,26,27,42,43,45,46,49,12,0,2,3,5,8,17,22,23,27,32,35,39,11,1,2,5,8,17,26,27,28,33,34,45,11,7,17,20,22,25,27,28,29,30,46,49,11,0,17,24,27,32,34,35,38,42,43,49,10,1,3,20,23,26,27,34,37,44,45,8,2,6,8,18,27,42,45,49,9,1,2,5,17,29,30,34,48,49,13,2,6,7,8,17,22,26,27,28,29,33,43,45,10,3,5,17,22,23,31,33,34,39,42
8,12,1,2,3,7,17,19,20,23,30,43,45,49,8,1,10,20,35,42,44,45,49,7,6,7,17,23,31,45,46,13,3,5,13,17,21,26,27,28,33,35,39,42,45,11,1,6,7,19,24,29,32,39,41,45,49,10,1,8,17,20,26,27,28,31,33,45,9,6,8,22,24,25,34,44,45,46,11,2,6,8,17,23,26,27,28,29,43,45
11,12,1,2,5,8,10,17,22,23,27,29,33,42,11,2,5,7,8,24,27,34,41,42,44,45,10,2,6,17,20,23,24,34,39,41,45,12,1,5,7,17,23,25,28,29,33,35,38,45,13,0,2,6,16,17,20,35,37,40,42,44,45,46,12,5,6,17,22,27,30,32,34,35,39,41,45,10,8,17,26,29,32,33,34,45,46,48,13,2,3,4,6,8,17,23,26,27,29,32,44,45,15,1,4,5,7,17,22,29,32,33,35,38,41,42,45,49,13,1,5,8,17,20,22,23,27,29,33,42,43,45,6,2,7,35,41,44,45
4,3,22,26,46,5,3,17,26,33,45,3,2,8,45,4,2,3,6,39
14,15,2,6,7,12,17,20,24,27,29,33,34,43,44,45,48,12,2,5,18,20,22,27,28,32,35,39,46,49,9,3,5,8,23,27,33,44,46,49,10,10,17,18,19,24,26,27,28,35,45,10,2,5,6,8,23,27,28,41,45,47,9,5,17,23,25,26,32,34,42,49,6,2,3,27,29,46,49,12,1,2,8,17,22,23,27,35,38,41,42,45,13,0,1,2,4,6,8,17,27,29,32,39,45,49,12,2,10,22,27,28,29,34,37,42,45,46,47,12,2,6,8,13,14,16,27,29,33,34,42,49,13,1,2,7,8,20,24,27,28,29,35,42,43,45,9,8,17,20,27,28,29,32,33,43,7,3,4,17,23,27,28,33
7,10,1,2,8,11,32,34,35,41,42,45,9,2,6,8,23,27,28,34,39,45,11,8,17,18,22,23,24,27,28,29,33,34,12,0,2,7,13,17,22,27,28,41,42,45,47,12,2,4,8,10,17,20,22,27,28,32,33,42,9,2,7,8,17,27,32,39,41,45,11,19,20,22,24,26,27,33,35,44,45,49
8,11,2,5,8,22,26,27,32,34,39,45,48,12,2,3,7,8,19,27,28,29,39,41,42,45,11,3,5,13,24,33,34,35,42,43,44,46,17,1,2,3,5,8,20,22,24,27,28,29,33,41,43,46,48,49,10,1,2,5,6,17,27,29,44,45,49,14,2,5,6,8,17,18,23,27,28,29,43,45,47,49,10,2,5,8,17,22,24,30,31,32,42,12,2,6,10,11,17,27,28,35,39,42,43,48
12,9,10,11,17,27,28,32,33,44,45,12,2,5,6,7,17,23,27,29,33,41,43,45,13,3,8,20,22,23,27,28,31,32,39,44,45,46,9,1,2,5,23,24,32,33,41,45,11,3,8,17,27,28,29,34,35,45,46,49,14,3,6,7,8,17,19,22,26,27,28,29,45,46,47,10,2,3,5,8,14,17,23,27,33,39,9,2,3,7,23,26,27,34,45,49,10,8,10,17,27,33,40,42,45,46,48,11,1,2,5,7,19,20,25,32,33,44,45,8,2,6,27,33,35,42,45,46,12,1,2,8,20,23,24,27,29,32,35,39,42
14,12,2,3,5,14,17,22,26,27,28,44,45,46,11,2,5,7,8,17,23,27,33,45,46,49,9,0,8,28,30,32,35,42,45,49,9,2,7,8,20,27,31,39,42,46,10,2,8,12,22,23,27,34,41,45,46,13,1,3,13,17,20,23,24,26,27,39,42,45,46,10,1,2,20,22,23,25,27,29,35,49,14,0,1,2,4,5,22,24,27,29,31,33,35,44,45,12,1,3,5,7,8,17,20,33,37,41,45,49,11,2,5,8,11,17,28,33,35,39,42,45,12,2,3,6,17,19,23,27,34,41,44,45,49,14,2,3,7,14,17,20,22,23,28,34,41,42,45,46,13,2,4,17,23,27,28,29,33,35,42,44,45,47,10,0,1,2,4,8,17,20,27,28,29
6,10,8,17,23,27,28,32,33,41,42,45,12,5,14,17,22,23,27,33,34,39,44,45,49,12,0,2,8,16,17,23,27,28,29,33,41,42,13,2,3,6,17,20,25,27,29,35,39,41,42,45,10,1,2,6,8,20,27,43,44,45,46,16,1,2,5,6,7,17,19,26,30,34,35,39,42,45,48,49
10,9,0,2,6,14,17,22,35,43,45,9,2,5,17,22,33,34,41,44,46,10,2,3,8,10,19,20,24,32,42,45,8,2,3,5,8,17,35,39,49,7,1,3,5,33,34,44,45,6,2,7,8,11,22,26,7,2,3,4,8,27,35,45,7,2,5,17,20,27,42,45,9,1,2,5,8,17,22,34,45,49,6,5,27,34,37,44,45
12,14,2,3,8,13,17,22,29,33,34,35,38,42,45,46,12,2,6,8,10,17,26,27,28,33,35,42,45,13,2,4,7,17,20,22,33,34,35,38,43,45,46,12,0,5,7,8,12,17,21,23,33,39,42,45,18,1,2,3,4,5,8,11,17,20,22,23,27,29,41,42,45,46,49,13,0,1,2,3,7,10,22,23,28,29,41,42,45,13,2,7,17,20,22,23,24,27,29,33,34,45,46,12,0,2,7,8,17,26,27,35,41,42,44,45,14,3,8,14,17,20,22,24,26,27,28,35,42,45,46,12,1,5,7,8,17,23,27,29,32,42,44,45,12,2,5,8,13,17,23,24,29,39,42,46,48,14,1,6,8,10,14,17,22,24,27,28,29,41,42,45
9,17,2,3,5,6,14,17,22,23,27,29,30,33,35,41,45,47,49,13,2,8,14,17,23,24,27,28,33,34,35,42,45,16,1,5,7,8,17,20,22,23,25,26,27,34,37,41,45,46,16,2,4,7,8,17,20,23,24,25,27,28,31,34,42,45,46,14,1,2,5,20,22,27,28,33,35,41,42,45,46,49,14,1,2,8,17,22,23,25,26,33,34,38,39,41,45,15,0,2,3,5,8,17,23,24,27,28,35,39,42,45,48,15,1,4,8,18,19,23,25,26,27,28,29,33,42,46,49,17,1,2,5,8,17,19,20,22,23,28,29,33,37,41,43,45,49
9,9,0,1,5,8,23,24,27,29,34,7,0,1,2,5,26,27,45,7,10,28,31,32,41,42,45,5,5,17,23,34,44,5,3,27,35,45,46,8,0,2,4,23,27,29,35,46,7,1,5,14,23,24,27,29,6,5,25,33,37,39,45,6,2,8,10,13,20,33
6,10,2,5,20,24,27,28,34,35,44,45,10,5,6,8,22,27,35,42,44,46,48,10,2,6,17,23,24,27,29,33,45,46,11,1,2,5,17,20,27,28,29,35,39,44,9,2,3,4,8,14,27,32,34,45,8,2,5,6,27,28,29,32,41
11,6,8,24,25,27,29,34,8,10,27,28,32,34,42,44,45,11,0,6,7,8,21,22,29,33,34,46,48,8,0,2,6,8,27,28,42,46,7,5,17,26,28,32,33,45,11,1,2,5,8,16,18,20,27,29,39,46,8,3,4,5,8,24,29,36,42,5,5,27,30,33,45,8,0,1,7,22,26,34,43,46,8,5,20,29,32,42,44,46,47,8,1,8,11,17,32,35,44,45
9,17,0,2,4,5,6,8,17,26,27,28,31,34,37,39,42,45,46,15,2,5,8,10,17,20,22,27,29,32,33,39,42,45,49,18,0,1,2,3,4,6,8,17,22,23,25,26,27,28,33,35,45,47,12,2,11,22,24,27,30,32,35,39,42,43,44,16,0,2,5,7,8,22,23,24,27,37,39,41,43,45,46,49,16,0,1,2,5,8,14,24,28,29,32,34,37,39,42,45,46,15,0,2,3,8,22,23,27,31,33,34,35,42,44,45,46,20,1,2,5,6,7,8,17,18,20,22,23,25,26,28,30,37,38,39,41,45,19,0,1,2,5,6,8,11,17,22,24,27,29,34,39,41,42,43,45,46
9,8,1,5,13,32,34,43,45,46,5,5,8,19,24,46,7,5,17,22,27,29,41,48,7,3,5,6,23,27,39,44,6,2,3,23,30,45,49,6,2,33,34,42,45,46,6,3,5,8,28,34,45,8,0,7,20,23,27,29,31,33,3,23,27,39
15,6,8,17,23,29,42,49,9,2,5,17,19,22,25,27,41,42,10,7,8,11,17,20,27,29,32,41,44,8,2,7,8,21,27,34,45,46,6,2,8,10,24,25,29,10,1,5,17,22,26,30,33,34,42,45,8,8,10,23,27,32,34,44,49,6,4,5,14,17,27,32,9,2,6,17,20,22,25,32,45,49,9,5,23,27,28,32,33,44,45,49,8,2,4,8,27,32,42,45,46,8,3,5,7,17,22,27,35,42,5,2,5,28,32,33,8,1,6,17,27,28,29,33,46,8,3,5,8,27,33,41,42,45
10,16,2,7,17,22,26,28,31,34,35,39,42,43,44,45,46,47,12,2,3,8,22,23,27,29,34,39,42,45,46,10,5,17,20,28,34,35,42,45,46,49,12,7,8,20,23,25,27,33,34,35,45,46,48,10,1,2,3,20,22,23,26,27,28,45,12,2,3,5,6,8,14,17,20,22,27,34,44,8,2,4,8,14,17,28,42,49,10,2,8,11,17,20,27,39,44,45,49,15,1,2,5,10,20,22,25,27,28,29,32,34,39,41,45,12,6,7,8,17,23,25,27,35,41,43,45,49
13,16,2,3,5,7,8,17,19,20,22,27,29,32,34,35,42,49,15,5,8,17,19,29,31,34,35,37,39,42,44,45,46,49,15,2,3,4,5,7,17,22,24,26,27,31,42,44,45,46,18,0,1,2,3,6,8,10,19,20,22,28,29,32,34,39,45,46,48,10,2,5,10,17,21,22,27,32,34,45,16,0,1,2,5,13,17,20,27,28,29,32,33,35,39,44,45,16,1,2,3,5,7,8,17,24,26,27,29,34,42,44,45,49,17,1,2,3,5,6,7,8,13,17,19,23,26,32,33,42,45,49,16,0,3,7,8,9,10,17,20,21,27,32,33,35,39,43,45,14,0,1,2,5,8,20,22,23,27,28,33,34,45,46,13,1,2,5,7,8,20,21,27,28,34,39,42,44,16,0,3,5,7,8,17,22,23,25,26,28,37,41,42,45,46,16,1,2,8,11,20,23,25,27,28,30,32,33,38,41,42,45
5,11,0,1,7,17,20,22,26,31,35,39,42,8,6,17,27,29,31,39,41,46,8,17,22,27,28,33,39,42,49,11,2,5,11,17,33,34,37,42,44,48,49,11,0,1,3,5,6,17,22,23,27,33,44
5,10,2,4,20,22,23,35,39,45,46,49,11,1,2,5,16,27,28,29,35,44,46,49,9,1,2,5,17,25,27,28,45,46,12,2,7,14,23,27,29,32,35,42,44,45,49,8,6,14,17,22,27,29,32,49
11,8,3,5,8,11,22,24,27,39,9,17,23,24,28,34,35,39,42,45,5,5,23,29,33,45,4,17,24,45,49,8,0,5,13,17,27,35,42,45,8,1,3,22,27,28,44,45,46,9,2,5,6,24,27,32,41,45,49,8,6,8,14,20,27,34,44,45,10,0,3,8,19,23,28,34,41,42,49,7,8,20,23,26,30,42,45,9,0,2,6,17,22,27,34,39,45
16,9,2,3,5,8,13,21,22,34,46,10,1,7,8,17,20,29,32,45,46,47,7,3,6,17,22,29,44,46,8,5,6,25,27,34,35,42,45,8,2,11,17,28,29,31,33,34,8,2,10,17,20,24,29,30,42,8,3,6,8,20,23,25,44,45,8,5,6,8,17,23,25,26,32,10,2,4,5,6,11,20,33,45,46,49,4,22,45,46,49,8,5,6,26,27,29,39,45,48,8,1,2,7,27,29,35,37,43,7,2,5,7,27,41,42,45,11,2,14,20,23,25,27,32,33,42,44,45,8,8,17,27,29,35,39,41,45,8,2,11,17,23,27,30,42,45
11,6,3,8,26,28,35,42,5,2,5,33,44,45,3,7,8,20,5,2,5,27,35,45,7,2,3,8,22,34,41,45,9,2,3,8,27,29,35,39,42,44,7,3,7,8,14,20,24,27,5,2,8,22,23,45,4,17,27,31,45,6,14,23,30,35,44,49,4,2,20,41,45
11,7,1,6,7,17,22,34,43,5,2,3,22,23,39,4,7,10,24,31,7,5,27,32,34,35,42,45,10,0,3,5,13,16,17,33,34,42,46,7,5,20,27,29,32,33,45,2,27,41,6,27,28,30,42,45,46,7,2,6,18,31,41,45,46,3,6,33,42,6,2,6,7,28,32,42
10,10,2,6,7,17,22,29,34,45,46,49,13,1,2,7,8,16,17,27,28,30,33,42,45,46,11,3,5,14,19,22,23,27,29,30,42,45,11,3,8,17,24,27,28,32,33,34,35,45,8,17,22,23,27,34,39,43,45,11,2,3,6,8,20,26,27,32,42,44,49,12,0,6,7,17,19,23,27,29,39,42,45,46,11,3,20,24,27,28,32,33,35,42,45,49,10,1,2,3,5,13,20,25,32,33,45,12,2,8,20,22,26,27,28,34,35,42,45,47
7,14,1,2,5,7,14,16,17,20,22,29,33,34,41,45,13,2,5,8,19,20,23,25,27,31,33,34,39,45,15,0,1,5,8,10,17,22,23,27,34,39,41,42,44,45,15,2,3,4,5,8,13,23,27,32,33,35,39,42,45,46,13,2,3,7,8,17,20,23,27,32,33,37,45,49,16,0,2,3,7,8,17,20,21,24,26,27,28,33,39,44,45,14,0,1,5,6,13,17,24,26,30,33,39,42,45,48
7,8,6,8,17,20,25,41,43,45,6,14,17,23,27,29,37,8,3,8,23,27,29,39,42,45,9,2,3,5,17,20,26,44,45,49,5,0,1,5,23,33,9,1,3,8,11,22,23,26,29,46,8,5,8,13,22,23,42,43,45
8,8,3,5,6,8,13,17,34,44,6,2,6,7,17,25,44,6,1,22,27,29,41,45,6,2,7,27,28,35,45,8,13,17,25,26,32,39,46,49,7,3,8,22,27,32,35,49,7,0,8,22,27,33,34,46,6,3,17,19,23,27,45
13,12,8,17,19,20,21,27,28,33,41,42,44,45,10,0,5,8,11,23,24,28,29,32,46,8,2,5,6,17,27,33,36,42,9,2,7,23,29,32,33,35,41,45,10,2,7,8,23,25,27,29,34,42,46,6,1,8,17,22,33,44,7,2,22,23,28,39,45,48,12,2,3,4,11,13,17,33,34,41,44,45,49,10,0,5,7,30,32,33,35,39,42,45,9,8,17,20,29,31,41,42,45,46,10,6,7,17,20,22,23,24,32,45,49,9,2,3,10,17,28,39,42,45,49,14,2,11,14,17,19,27,28,32,33,34,35,41,42,45
12,13,1,2,3,8,9,10,27,33,34,42,44,45,46,9,10,16,23,27,31,32,34,45,46,11,2,8,17,26,27,31,35,42,44,45,46,13,2,5,8,17,27,28,30,34,35,39,42,44,45,11,0,2,3,6,7,22,24,27,29,32,46,11,0,1,2,6,8,17,22,27,32,35,42,14,2,3,5,20,24,26,27,28,32,33,34,35,41,46,12,1,2,8,17,27,28,31,33,34,44,45,49,11,2,3,6,8,20,27,28,34,39,46,49,12,2,5,8,23,25,29,34,39,41,45,46,49,9,2,5,11,17,23,27,29,35,42,16,1,4,5,8,13,14,17,23,24,29,32,33,34,43,45,46
8,15,0,1,2,5,6,13,17,20,22,23,27,32,42,44,46,14,2,3,4,8,10,23,27,31,34,35,39,44,45,46,15,1,2,3,5,7,8,15,17,20,27,29,30,33,45,46,10,3,5,8,11,23,27,29,41,44,45,13,1,3,8,17,19,20,22,26,30,32,33,42,45,10,6,8,10,17,24,27,33,34,39,45,11,0,3,8,17,19,32,34,36,37,45,46,12,2,7,20,22,25,27,29,31,35,42,45,48
6,9,0,2,5,8,17,41,42,45,48,8,0,2,7,8,17,29,34,49,10,5,8,14,17,19,20,32,35,41,42,8,2,6,14,32,33,38,42,45,10,0,1,2,5,8,22,24,27,28,39,10,17,22,27,28,32,33,43,45,46,49
9,4,5,20,34,48,5,19,27,29,44,49,1,45,5,2,8,23,42,45,5,2,26,27,33,44,5,27,33,34,42,49,5,13,33,42,45,49,4,8,29,34,45,2,1,29
10,5,5,17,30,39,41,6,17,20,22,23,32,49,9,2,6,17,23,26,34,35,42,45,7,5,17,23,24,25,27,46,10,14,17,20,23,29,33,34,44,45,46,6,2,8,20,22,35,46,9,1,2,8,18,27,29,35,42,45,6,2,19,27,42,43,49,7,5,7,17,27,34,35,45,8,2,8,17,19,29,42,45,46
7,9,8,22,25,28,29,32,34,37,39,7,2,8,10,34,38,42,46,12,0,3,8,23,26,27,29,34,42,45,46,49,6,2,17,22,27,43,44,6,8,22,23,26,27,46,9,4,7,8,22,23,24,27,32,42,10,1,2,4,6,8,20,23,27,41,45
17,8,1,17,20,22,27,33,39,45,6,27,28,37,39,42,49,6,2,5,17,34,39,46,7,2,8,17,20,27,29,39,4,17,32,34,42,7,8,17,19,32,33,34,46,7,5,21,24,27,34,42,45,6,1,17,27,34,39,44,7,0,7,10,17,22,31,34,9,1,2,4,17,23,27,33,42,46,7,5,23,24,27,31,44,45,7,2,8,14,23,35,39,45,5,2,7,27,39,42,3,8,34,49,9,0,4,20,24,29,30,35,39,44,8,0,2,8,17,27,28,45,49,8,1,17,19,27,28,29,36,42
6,6,7,8,17,19,27,45,9,1,2,24,26,27,42,43,45,49,9,0,8,20,27,28,31,42,45,49,10,6,10,17,20,23,29,32,35,42,45,10,3,22,26,27,31,32,39,44,45,46,10,0,10,22,27,29,32,34,37,39,43
4,9,2,5,8,26,27,33,35,39,46,6,2,22,30,42,44,45,6,5,8,29,33,46,48,10,1,2,5,8,17,39,42,44,45,49
11,9,2,23,27,29,32,33,34,39,45,6,2,5,27,28,33,45,3,8,22,29,5,4,17,27,29,44,7,0,5,6,10,22,27,44,8,1,6,8,27,35,43,45,46,7,8,17,20,24,29,33,45,8,2,3,5,17,20,27,33,49,7,3,8,17,23,41,45,49,8,2,4,20,23,24,27,29,44,7,2,3,7,17,26,42,45
11,8,3,20,23,27,33,35,41,45,9,5,7,17,27,28,29,30,44,45,6,0,5,22,25,42,45,1,29,7,4,5,17,27,33,34,41,9,1,8,14,20,25,27,34,39,41,6,2,8,11,27,33,45,6,3,17,22,35,45,49,5,2,19,20,29,49,4,0,14,23,34,5,2,14,27,29,33
14,5,1,3,42,45,48,8,3,6,17,24,30,34,44,45,9,1,8,16,19,23,29,33,39,42,8,5,11,17,18,30,31,43,44,9,8,17,20,27,28,33,34,45,46,10,2,17,20,24,28,29,34,38,42,46,8,2,5,8,28,29,32,35,43,9,5,10,25,27,34,35,41,45,46,5,3,7,33,35,42,4,20,22,44,47,11,1,3,8,11,20,22,23,27,32,34,41,8,5,20,22,27,39,41,42,45,8,20,22,23,27,33,42,45,46,7,8,17,27,33,42,44,46
7,16,1,2,8,14,17,20,27,28,29,34,35,39,42,45,46,49,10,2,7,8,22,25,28,32,33,34,39,12,2,3,8,10,17,20,27,28,29,33,36,42,15,1,2,3,8,10,17,22,24,27,29,30,33,35,42,45,11,1,2,4,6,25,27,29,34,39,45,49,15,1,3,5,7,8,17,25,27,33,34,38,42,44,46,49,14,1,2,3,5,7,8,20,22,23,27,29,34,42,45
8,13,3,5,7,8,10,17,20,27,29,33,35,45,46,13,2,3,19,29,32,33,34,39,41,42,44,45,49,15,1,2,5,17,20,23,29,34,35,39,42,44,45,46,49,13,0,2,4,8,24,27,28,35,41,45,46,48,49,12,2,4,6,7,8,11,17,27,29,32,44,45,14,1,3,8,11,17,23,26,27,33,37,42,43,45,49,11,3,17,23,24,27,28,29,39,42,45,49,12,2,17,20,25,27,28,29,30,31,32,44,45
10,11,3,20,21,27,29,32,33,34,42,44,46,13,1,5,8,26,27,28,29,30,31,32,33,36,39,13,2,5,8,14,17,27,29,32,39,42,43,46,49,12,2,6,7,8,10,14,17,25,34,42,45,49,8,6,8,17,19,22,35,45,46,13,2,5,6,8,17,26,27,28,32,34,35,36,44,12,1,7,8,17,22,24,27,28,29,39,45,46,8,2,17,24,25,27,28,42,45,8,0,17,23,27,34,35,41,45,9,0,3,7,10,17,28,34,39,49
8,11,0,2,3,17,27,34,39,40,42,45,46,12,2,8,22,26,27,31,33,39,40,42,44,46,11,2,5,8,22,27,30,31,33,34,44,45,11,2,19,23,27,29,33,42,44,45,46,49,11,2,5,6,26,28,29,33,37,42,45,46,5,5,20,28,39,45,10,2,11,23,27,28,33,35,38,46,49,11,2,11,17,22,24,26,33,35,40,42,45
13,5,2,8,17,20,39,5,23,28,29,32,42,6,7,8,17,25,34,41,2,20,45,4,2,22,27,44,7,2,17,19,23,27,39,45,2,2,43,6,2,4,24,27,45,46,5,14,17,33,39,44,5,23,34,35,42,45,5,14,23,24,27,48,4,5,25,28,42,2,23,29
4,9,1,2,20,27,28,37,40,42,45,9,8,17,22,27,29,35,42,44,49,12,1,8,10,11,14,25,27,30,31,32,33,34,10,2,3,5,8,22,23,29,35,45,46
6,9,1,2,22,23,32,33,39,44,46,7,2,5,8,24,27,28,29,7,8,19,22,23,29,38,42,7,1,19,26,27,35,41,42,9,1,2,5,6,21,27,29,30,49,6,23,25,27,28,45,46
6,15,2,5,7,8,22,23,27,32,38,39,42,45,46,48,49,11,1,2,5,6,17,22,27,28,29,42,45,14,1,3,5,6,8,10,17,20,24,26,27,29,32,34,14,3,5,7,8,13,20,21,27,29,41,42,43,45,49,17,2,5,8,21,22,24,26,27,28,29,30,32,34,39,42,43,46,13,0,2,3,5,7,17,20,27,33,38,42,45,46
12,10,0,2,3,7,8,21,34,35,39,42,10,3,5,6,17,27,28,29,35,39,45,9,2,8,13,21,27,34,35,42,45,6,1,2,4,8,29,45,12,2,5,7,8,17,20,26,33,34,41,44,49,6,2,17,27,28,34,45,8,2,17,27,34,42,44,46,47,10,1,2,8,19,20,26,33,42,45,48,10,2,3,6,8,19,20,34,38,46,49,8,0,5,14,17,23,28,43,45,6,0,2,5,8,27,34,12,1,6,7,10,19,20,22,26,27,33,35,45
18,10,1,6,8,17,19,27,34,44,46,49,13,2,13,17,19,24,26,27,33,34,35,38,44,45,12,3,6,17,20,26,27,29,33,43,45,48,49,11,1,3,8,17,20,25,27,32,38,45,46,11,2,3,6,17,24,28,32,38,39,42,46,7,1,2,5,8,17,22,49,11,2,5,7,12,20,22,25,27,28,42,45,8,0,5,14,17,27,29,42,45,7,17,20,23,33,34,44,45,11,2,5,8,17,20,22,26,28,31,42,45,11,1,4,5,17,19,20,23,35,39,45,49,14,2,6,8,10,13,20,28,29,33,34,35,45,46,49,7,3,8,22,27,34,39,45,7,2,20,22,27,34,44,45,9,3,5,17,27,28,42,44,45,46,10,5,8,17,23,31,34,41,42,45,46,10,5,6,20,27,28,34,40,41,42,49,9,5,6,17,27,33,34,42,44,46
7,9,2,7,23,26,27,33,42,44,45,10,0,2,3,13,17,20,39,41,45,48,11,0,6,8,10,23,24,25,27,29,39,45,10,0,3,6,8,17,22,27,34,39,45,6,1,3,8,27,37,46,11,2,6,8,17,19,26,29,30,39,45,46,11,0,2,3,5,17,27,28,33,34,41,46
7,6,2,8,27,29,40,45,10,2,5,7,8,28,29,32,33,45,46,10,1,5,6,8,11,28,33,34,39,45,6,5,10,25,42,45,49,9,4,8,17,27,33,34,35,41,45,9,2,5,7,8,22,28,29,33,39,5,2,27,42,44,45
12,12,8,17,22,23,27,32,33,37,42,44,45,49,14,5,7,8,11,19,22,23,28,29,33,35,39,41,45,8,1,3,5,6,27,29,32,41,10,2,3,5,16,17,27,34,39,45,49,13,2,5,8,17,23,26,27,29,30,34,39,42,45,12,3,5,7,17,20,22,24,25,27,28,33,38,11,1,2,4,8,17,19,34,39,42,45,49,5,17,27,34,42,45,12,1,3,5,6,19,20,27,29,30,33,35,45,12,5,14,17,20,25,29,33,35,41,44,45,46,6,3,22,27,30,45,46,13,2,7,8,17,23,24,27,28,32,34,45,46,48
11,15,1,5,8,17,20,23,24,28,29,30,33,34,35,46,49,16,0,1,3,5,8,17,27,28,29,30,34,35,39,42,45,46,13,2,5,6,17,20,22,27,29,34,44,45,46,49,14,0,3,5,14,17,19,27,28,29,30,33,44,45,49,12,1,2,3,5,6,8,17,25,27,29,42,49,13,2,5,7,8,22,24,27,29,33,34,35,45,46,10,1,2,5,8,13,17,22,24,27,29,12,0,2,5,6,8,17,23,28,29,33,39,45,14,2,3,6,13,15,17,20,24,27,29,34,45,46,49,11,2,3,5,8,17,20,21,22,34,45,46,13,2,8,10,22,27,32,35,39,40,44,45,46,49
8,9,2,5,8,17,23,27,29,45,46,10,2,5,7,8,14,17,23,27,32,34,13,0,2,3,5,8,23,26,28,33,42,44,45,46,9,2,3,17,27,29,32,41,42,45,10,2,4,7,10,24,25,26,32,34,45,8,2,5,8,17,27,28,29,39,8,3,5,13,17,20,22,28,45,11,2,5,6,8,23,27,28,29,32,34,45
7,8,4,20,27,29,35,42,45,46,10,8,13,14,17,24,25,29,34,38,45,10,1,8,13,21,27,32,33,34,35,45,11,5,13,17,23,24,27,32,34,45,46,49,10,4,7,8,17,20,24,27,35,44,45,12,0,3,17,22,27,29,30,33,34,42,43,44,11,0,1,5,17,23,27,30,33,45,46,49
8,5,8,17,22,27,42,10,1,2,3,7,17,27,30,33,43,45,10,2,3,13,17,23,29,30,33,34,45,11,1,4,5,13,22,24,35,38,41,44,49,11,1,3,14,20,23,24,27,32,34,45,46,9,4,6,19,21,23,25,26,37,45,9,7,8,17,19,24,28,42,45,46,9,2,5,8,24,32,34,43,44,45
7,9,3,5,7,8,17,26,33,35,46,9,1,2,6,8,23,27,30,41,42,8,5,8,25,29,33,35,41,45,10,2,8,20,23,26,27,28,33,46,49,8,5,10,17,26,35,41,43,45,8,2,16,20,28,29,32,35,45,8,7,17,23,27,28,29,39,45
7,8,1,3,7,8,27,28,45,46,11,1,2,5,8,17,20,27,33,34,42,45,9,2,8,23,28,30,34,35,45,46,12,0,5,6,8,10,17,27,29,33,41,42,44,12,2,8,13,20,23,25,33,34,35,41,42,46,8,7,27,32,33,34,41,45,49,14,1,8,17,20,23,27,29,33,35,36,42,44,45,49
9,10,2,6,8,16,23,27,29,40,45,46,14,0,1,4,5,19,24,27,28,29,32,33,42,43,45,11,2,3,5,6,11,17,20,27,29,45,49,12,1,2,3,7,17,20,23,27,33,34,43,45,14,2,3,14,17,20,26,27,28,32,35,37,41,42,46,16,2,5,6,8,11,20,22,26,28,29,35,41,42,44,45,46,8,1,2,8,17,23,27,29,35,9,5,6,27,28,32,34,37,45,46,12,1,2,5,7,22,27,29,33,34,41,42,46
11,5,17,18,32,37,46,2,8,27,5,8,14,25,29,34,8,2,5,6,17,23,27,28,45,6,0,2,13,27,44,45,6,5,8,20,33,45,46,7,2,4,8,33,35,39,41,7,1,2,7,13,17,20,24,8,2,3,5,20,22,27,46,49,6,2,17,19,22,28,49,6,8,14,33,34,37,46
9,18,0,2,3,5,10,20,21,25,27,28,30,31,32,34,42,44,45,46,13,2,5,14,17,24,26,27,28,33,34,39,42,44,21,2,3,4,7,12,20,22,23,27,28,29,30,32,35,37,40,42,44,45,46,49,18,0,2,5,7,8,17,23,24,26,27,28,29,33,34,42,44,45,46,17,2,3,5,7,8,22,24,26,27,28,30,31,34,35,37,42,45,17,1,2,3,5,8,10,17,19,22,24,27,29,33,34,44,45,49,19,2,5,6,7,8,13,17,19,24,27,28,30,33,34,37,42,43,45,46,14,2,6,7,8,17,22,23,27,33,37,43,45,46,49,16,3,5,6,8,17,23,27,28,29,32,34,37,38,41,43,46
15,14,0,2,5,6,7,10,13,17,20,27,29,32,42,44,13,0,2,5,8,13,17,21,22,23,27,33,42,46,11,0,8,14,17,22,23,27,33,37,45,49,9,5,7,12,17,44,45,46,48,49,7,2,5,8,13,23,32,46,12,1,2,3,8,17,20,22,29,33,34,42,44,11,1,2,3,8,17,18,22,25,40,44,46,12,0,1,2,5,7,8,27,28,29,33,39,45,10,1,6,8,17,27,32,42,45,46,49,14,6,8,18,19,20,23,27,28,31,39,44,45,46,49,11,1,5,6,11,22,23,28,29,42,44,45,13,6,8,14,17,26,27,30,31,32,33,34,42,46,11,1,2,19,20,21,23,25,27,40,45,46,15,1,2,3,6,8,17,20,23,27,28,29,35,37,42,49,12,7,16,18,22,23,24,28,29,31,33,41,49
12,5,5,8,20,34,40,5,17,19,29,42,43,5,7,17,26,44,45,5,2,35,42,45,46,10,2,5,7,17,29,32,41,42,44,45,7,20,23,25,28,33,39,42,6,2,4,34,45,46,48,5,2,23,29,33,38,7,3,8,17,27,28,34,45,6,0,5,28,30,43,45,6,8,25,28,30,39,42,2,28,45
2,2,0,17,1,17
10,5,8,17,27,29,45,8,1,2,8,17,23,27,29,42,7,3,19,22,32,41,43,46,6,2,6,10,20,29,42,8,13,20,22,24,29,33,39,45,6,0,8,27,42,45,46,6,1,5,7,8,21,30,4,2,8,42,45,4,6,25,27,39,7,1,23,27,38,42,45,49
6,3,0,1,6,7,5,17,20,22,23,35,44,7,2,27,34,37,41,42,43,6,8,17,27,29,32,34,5,27,30,35,39,42,5,20,27,34,38,45
11,10,2,3,4,14,17,20,23,27,34,45,9,5,7,10,14,22,28,39,42,45,6,29,31,35,41,42,44,12,1,2,5,14,17,30,33,34,39,41,42,45,8,2,5,17,26,28,37,39,45,8,2,14,24,26,27,28,29,39,13,0,7,17,20,23,26,28,34,35,39,42,45,46,9,1,2,14,17,20,34,42,44,45,8,2,3,5,27,34,35,39,42,8,2,5,17,23,27,29,45,49,7,0,1,4,17,27,44,45
15,11,2,11,17,22,26,28,32,35,42,45,46,12,3,4,5,17,20,23,27,28,29,32,39,45,10,1,2,8,10,22,27,28,33,41,45,9,4,24,27,28,29,33,39,42,46,10,2,6,17,19,22,27,28,29,34,45,13,2,5,7,8,22,24,27,28,29,32,39,42,45,12,0,2,7,17,28,29,34,39,41,42,45,46,15,2,5,6,8,13,17,20,24,27,30,34,39,42,45,49,12,5,6,8,17,22,27,33,35,39,42,45,49,10,1,10,20,24,27,29,30,35,44,45,10,3,5,8,11,14,22,27,33,39,44,12,2,7,8,17,27,30,31,32,42,44,45,46,12,2,6,7,20,22,27,34,38,44,45,46,49,10,5,8,17,24,27,34,39,42,45,49,10,8,17,19,23,27,30,34,41,44,46
11,7,2,7,13,28,35,42,45,5,7,17,27,35,45,10,1,2,8,9,17,23,27,32,41,46,11,1,2,3,8,26,27,29,32,34,43,49,7,26,27,33,43,44,45,46,5,20,23,35,45,46,8,2,18,20,21,27,34,42,45,5,5,17,33,44,46,6,7,16,23,28,31,33,8,0,2,7,17,27,29,34,45,4,6,8,32,45
14,11,2,23,27,33,34,39,40,42,43,45,46,11,0,2,3,5,7,8,27,29,42,44,45,11,2,3,5,8,17,18,22,25,29,45,46,11,2,5,22,23,27,29,32,39,41,42,44,9,5,17,23,27,29,31,39,44,45,15,3,5,6,7,17,20,25,27,28,29,30,32,37,44,45,12,0,2,10,19,20,21,23,27,29,30,34,45,12,0,6,8,17,26,27,29,31,33,34,38,44,13,0,2,3,7,8,14,17,23,27,34,42,44,45,15,2,7,17,19,23,24,26,27,28,29,32,33,42,43,44,8,0,2,17,27,34,39,42,45,10,0,2,4,6,16,19,27,33,38,45,11,2,5,8,10,14,17,28,29,39,40,46,6,17,20,22,23,27,34
13,10,2,3,25,26,27,30,34,44,45,46,12,2,3,5,8,17,27,29,33,34,37,44,45,10,5,8,14,22,27,42,44,45,46,49,17,2,5,7,8,11,22,23,24,25,27,28,31,32,33,39,44,49,12,0,8,10,23,24,29,33,34,37,39,41,45,10,7,8,22,25,27,28,41,44,45,46,12,2,5,17,18,22,23,27,28,29,34,38,42,13,6,8,17,19,23,25,27,33,41,44,45,46,49,12,0,2,4,5,7,8,19,22,23,27,28,45,12,3,5,14,20,23,26,27,33,39,44,45,49,15,3,4,5,7,8,13,19,23,27,28,34,39,41,46,49,13,1,2,7,8,14,17,19,20,22,25,27,29,42,8,2,8,24,27,29,35,42,45
12,12,2,3,5,8,17,20,22,26,27,32,39,42,10,2,5,8,11,17,23,27,29,33,35,13,2,3,5,17,22,24,29,33,42,44,45,46,49,13,2,8,10,11,17,19,30,34,38,39,42,45,46,13,2,10,17,19,25,27,30,31,32,33,34,39,45,11,2,5,8,17,20,22,27,29,33,44,45,10,2,5,24,26,28,35,42,45,46,49,12,0,1,2,5,22,23,24,26,32,42,44,45,9,2,5,7,8,17,26,41,45,49,12,1,2,3,5,7,8,23,25,26,29,42,45,12,8,23,24,26,27,28,34,35,37,42,44,46,9,3,17,27,30,35,37,39,42,45
5,7,3,8,20,27,33,34,35,6,1,8,27,34,35,45,6,5,20,23,28,42,44,4,2,10,35,42,8,2,5,33,34,39,42,44,45
10,4,4,5,34,45,7,8,13,17,27,34,35,37,10,0,2,3,5,8,19,22,34,42,44,6,5,6,34,39,42,45,6,5,8,20,27,34,45,9,13,17,22,23,27,28,42,45,49,6,4,20,27,29,32,33,6,0,7,8,20,27,28,8,2,16,17,28,29,33,42,45,7,1,3,5,7,32,33,45
10,5,2,8,20,33,35,5,2,5,27,41,45,3,4,23,27,4,8,21,29,45,5,7,23,25,29,34,4,2,22,45,46,4,8,17,29,42,2,32,35,6,2,26,28,34,43,45,5,1,2,3,14,28
9,10,0,3,8,13,17,25,27,42,45,46,12,8,17,20,25,26,28,29,32,39,45,46,48,12,0,1,6,7,17,18,20,25,27,30,34,35,9,2,3,7,8,17,23,33,34,35,15,0,2,3,5,6,19,20,22,23,24,27,29,34,45,49,15,0,2,3,5,6,8,17,19,20,26,29,34,42,45,49,9,2,3,5,6,13,17,26,27,35,10,2,17,27,29,31,34,39,45,46,49,16,1,2,3,5,8,14,23,27,29,32,33,38,42,44,45,49
10,10,2,3,6,17,22,24,26,27,33,45,10,2,3,5,6,8,17,24,25,27,30,7,2,6,23,25,34,39,42,8,8,20,27,28,29,33,34,44,9,3,8,13,20,27,35,39,42,46,9,2,3,8,17,27,29,40,42,49,8,0,1,5,7,11,17,22,29,9,3,5,8,17,24,27,34,45,49,9,4,5,8,24,27,28,29,34,45,9,1,4,5,8,17,30,44,45,49
3,7,5,6,7,11,29,34,42,6,1,2,20,32,40,42,6,5,7,22,27,42,45
12,11,1,2,5,8,14,19,27,33,38,44,45,6,10,17,28,29,34,45,10,2,10,14,20,21,27,30,42,44,45,10,0,2,3,5,14,19,41,42,44,45,9,2,3,4,8,25,27,35,42,44,11,0,2,3,8,20,27,32,33,39,41,45,7,2,17,34,35,42,45,46,10,8,17,24,33,34,38,41,45,46,49,11,2,5,8,19,23,25,27,32,42,45,48,9,3,6,14,27,30,35,42,45,49,10,2,5,7,8,22,23,27,35,42,45,14,1,2,5,6,11,19,20,27,28,29,33,34,44,48
10,14,2,3,4,8,23,24,27,29,33,34,35,41,42,45,8,1,2,5,14,24,27,29,45,5,3,8,26,28,44,7,5,8,29,32,34,42,45,11,0,5,8,17,20,29,33,39,44,45,46,10,0,2,5,20,24,28,29,33,34,49,8,25,27,33,34,41,42,43,45,8,1,5,8,17,27,34,39,45,10,5,6,7,17,20,24,27,32,39,42,10,7,13,17,29,33,35,39,42,44,46
9,11,3,8,17,19,20,26,34,36,45,46,47,11,1,5,17,23,27,28,32,34,40,45,46,10,8,10,17,24,26,29,34,35,45,49,12,2,5,17,18,22,27,33,39,41,43,44,45,12,2,6,8,19,22,25,27,30,32,39,45,48,10,1,2,8,23,27,33,34,41,44,45,11,2,4,5,8,19,22,27,41,44,45,49,8,0,8,11,22,23,27,33,45,10,8,19,20,26,27,39,41,42,44,45
14,20,1,5,6,11,17,19,20,22,24,25,27,28,30,32,35,37,42,44,45,48,11,2,3,8,20,22,24,27,28,37,42,46,7,20,23,27,34,35,41,45,15,2,4,5,10,20,21,22,23,27,28,29,33,43,44,49,17,1,2,6,8,17,23,25,27,29,30,33,39,43,44,45,46,49,9,2,8,17,18,20,27,32,45,46,16,1,2,3,4,13,17,25,26,27,34,35,39,42,45,46,49,11,0,2,5,6,8,17,22,27,35,42,45,16,0,2,4,5,8,11,27,29,33,35,40,41,42,44,45,49,8,3,8,17,27,29,33,34,39,11,1,5,7,8,14,17,27,32,39,45,49,13,1,2,3,7,8,17,20,22,27,28,33,39,49,13,1,2,3,5,17,20,26,27,33,35,42,45,46,13,0,7,11,13,22,24,27,33,34,42,43,45,47
11,8,2,22,25,27,31,39,46,49,10,8,17,23,29,32,34,42,44,45,46,9,3,17,27,29,33,34,44,45,46,10,2,17,22,24,27,29,37,42,45,46,7,2,7,17,31,33,42,45,10,2,14,22,24,27,28,29,32,33,42,6,2,8,23,24,27,34,7,17,23,29,39,43,44,45,5,5,23,28,29,35,7,0,17,23,27,29,42,44,7,11,17,28,33,35,41,45
8,12,0,2,19,20,22,28,35,41,42,44,45,46,6,0,7,30,37,44,45,10,5,7,14,17,21,23,27,42,44,45,9,19,23,24,30,33,35,41,44,45,9,1,2,7,8,22,27,29,33,45,7,2,17,23,27,28,42,43,9,2,3,17,22,23,35,39,41,42,6,2,5,20,34,45,46
6,6,5,8,11,30,35,43,2,3,29,2,17,38,1,23,5,1,4,6,29,49,1,33
11,11,2,3,5,6,8,17,20,26,39,42,45,7,19,23,31,34,38,41,43,12,0,2,5,6,7,22,23,29,32,33,39,46,11,2,3,4,20,24,26,27,28,29,30,45,14,8,17,22,27,29,30,33,34,35,39,42,44,45,46,13,0,2,3,5,8,17,23,24,27,29,33,45,46,4,5,8,26,28,7,8,17,23,27,29,44,45,9,5,6,8,17,27,28,33,45,46,6,0,1,7,20,27,45,12,2,5,8,11,16,17,23,27,32,39,45,46
11,11,3,5,17,19,20,22,27,29,32,43,49,12,1,2,3,5,17,20,23,24,34,42,44,45,10,2,5,7,8,20,35,36,45,46,49,9,1,5,19,22,30,33,37,39,45,6,8,17,29,42,44,45,10,3,5,8,17,20,22,27,28,44,45,7,0,1,8,24,33,45,48,10,1,8,17,20,23,24,30,42,45,49,7,2,20,27,28,34,41,49,11,1,2,3,5,8,17,28,33,42,45,49,9,8,14,27,28,30,33,42,43,45
7,2,8,16,1,5,2,14,20,2,5,33,3,22,28,41,3,27,34,46,1,29
6,15,2,3,5,8,19,20,22,23,27,29,32,33,37,44,45,17,1,5,7,8,14,17,23,24,25,27,34,35,41,44,45,46,48,18,3,5,6,7,8,16,17,19,20,22,23,25,26,28,41,42,44,45,17,0,2,5,8,10,17,23,27,28,32,33,34,35,37,41,42,45,13,1,5,8,26,27,32,34,35,42,43,45,46,49,15,3,5,17,20,22,26,27,28,29,32,33,34,42,45,46
6,5,2,22,25,27,45,7,5,19,27,34,35,42,46,3,1,2,36,6,8,17,28,34,42,45,6,2,8,17,26,27,34,7,3,5,8,23,31,32,45
9,8,1,2,5,23,25,35,42,45,4,17,27,29,34,11,2,5,7,11,17,23,32,33,41,42,44,9,2,7,22,24,27,29,42,43,45,5,2,5,14,39,45,9,2,5,24,34,35,39,42,45,46,8,0,5,8,22,23,35,46,49,6,2,19,24,45,46,49,7,8,17,28,34,35,44,45
6,3,3,27,42,5,0,8,27,34,45,4,2,5,8,33,3,5,20,24,5,0,2,8,27,45,4,6,17,27,39
6,12,0,2,3,8,17,20,27,28,29,40,45,49,12,1,8,17,20,21,27,28,29,30,33,44,45,13,5,8,17,23,28,29,32,33,34,35,41,45,49,11,2,8,10,17,19,23,27,28,32,37,45,10,5,8,17,26,27,33,39,44,45,46,11,6,14,17,22,23,28,32,39,44,46,49
8,7,3,6,7,22,29,32,46,7,2,3,20,29,31,32,49,6,2,8,20,26,29,34,5,20,23,25,42,45,4,5,8,45,49,7,1,2,27,28,32,42,44,6,3,23,27,42,44,49,5,1,7,17,20,32
6,6,9,29,32,34,43,45,6,2,5,33,42,45,46,6,2,6,17,29,35,46,4,17,32,33,46,8,2,8,27,28,34,41,42,46,3,1,18,42
12,8,3,5,17,20,25,27,33,34,12,0,1,2,5,8,12,22,33,34,42,43,45,9,1,3,6,17,27,36,41,42,45,9,0,2,7,14,17,23,27,44,49,10,17,18,23,27,34,38,39,45,46,49,7,2,8,13,17,29,44,46,9,14,19,27,31,35,41,44,45,48,9,0,23,27,35,42,43,44,45,49,9,3,8,10,17,27,32,34,42,45,9,1,8,22,24,26,27,29,39,45,6,5,17,20,24,27,39,9,1,8,13,27,33,41,42,44,46
4,3,20,33,45,4,23,28,45,46,3,8,31,46,2,17,34
15,2,27,35,9,2,5,26,27,32,34,37,39,46,8,2,5,8,21,27,28,39,45,7,8,10,20,22,28,45,46,10,5,8,10,22,23,27,35,39,45,46,8,2,5,7,17,29,31,42,45,6,13,14,24,27,33,41,16,1,2,3,5,7,8,17,22,30,31,32,33,34,43,45,46,6,1,5,23,27,34,45,9,2,5,20,22,23,28,35,39,48,4,8,17,20,27,9,2,3,5,6,8,24,33,39,49,9,0,3,13,20,22,27,29,30,33,9,20,27,34,35,37,39,45,46,49,8,1,3,8,27,34,44,46,49
5,11,1,2,17,22,27,33,39,44,45,46,49,11,1,2,5,18,20,26,27,32,45,46,49,10,2,6,17,20,22,27,41,42,44,45,10,2,5,20,24,26,29,32,40,42,49,8,0,2,7,17,27,29,33,34
9,4,0,4,27,42,2,0,17,4,4,23,32,45,7,2,3,6,11,29,42,45,2,32,45,4,5,7,8,20,3,5,8,39,3,3,7,27,5,1,28,34,45,46
12,8,2,5,14,25,27,42,44,45,8,3,8,20,26,27,29,45,46,9,2,3,4,7,8,17,27,32,33,8,1,5,13,27,28,32,34,45,8,2,18,19,22,27,29,30,42,8,2,10,20,33,34,35,37,44,8,2,17,25,27,28,34,42,46,9,1,6,8,17,23,27,33,34,45,11,1,2,5,6,8,20,29,32,45,48,49,6,2,8,28,34,45,49,8,0,2,8,27,29,42,44,49,6,23,26,27,28,32,41
8,10,2,22,23,26,29,34,42,44,45,46,11,8,19,22,24,29,33,41,43,44,45,49,11,1,2,3,8,20,24,27,28,35,37,45,11,2,8,20,23,24,25,27,32,39,42,45,7,2,5,8,17,29,33,34,8,2,3,10,27,28,33,44,49,11,1,3,5,13,22,27,29,30,42,43,45,13,0,2,4,5,7,8,17,23,28,29,34,39,45
9,11,7,8,17,22,23,24,27,34,39,45,47,14,2,5,6,7,17,23,24,27,30,31,34,42,45,46,11,2,10,17,19,27,28,29,31,45,48,49,14,1,2,3,5,6,8,13,24,26,29,33,36,42,44,11,2,5,14,20,24,27,31,33,34,41,42,16,0,2,3,5,7,21,22,27,29,33,34,35,39,45,46,49,12,0,2,5,6,23,26,27,28,32,34,42,49,14,5,6,17,22,23,25,26,28,29,34,39,42,44,45,13,0,2,3,4,5,17,20,28,34,42,45,46,49
7,10,2,5,6,8,17,27,33,35,39,44,8,8,33,35,38,41,42,44,45,7,2,8,20,27,28,33,44,9,1,17,23,26,27,30,44,45,46,11,3,8,23,26,29,33,34,43,44,45,49,10,3,8,17,23,27,28,33,37,41,45,8,6,17,20,24,35,42,43,45
8,5,2,5,28,32,33,4,8,17,30,45,5,3,17,23,29,34,5,1,5,23,27,33,6,32,33,39,40,44,48,5,4,8,22,27,35,5,1,2,6,32,41,9,2,7,8,20,27,28,33,35,42
9,10,2,5,17,22,29,32,41,43,44,45,6,2,3,5,20,27,41,10,2,6,13,20,28,30,34,42,45,49,7,5,19,23,27,30,34,45,6,8,27,29,33,42,45,8,17,20,27,33,35,41,45,46,10,1,5,8,24,28,29,32,33,45,46,6,1,8,27,28,32,34,11,5,7,20,28,29,30,32,35,41,42,45
13,9,2,6,8,27,29,32,42,43,45,5,5,8,17,29,45,9,0,2,3,4,5,8,27,29,43,6,8,25,27,30,32,46,8,0,20,25,27,29,35,42,45,9,1,2,3,4,17,34,42,45,46,9,1,5,23,24,27,32,33,35,44,8,2,5,6,7,8,17,27,37,9,0,2,8,14,27,33,34,46,49,5,7,27,31,34,44,9,0,1,5,8,10,27,28,45,49,10,8,14,17,23,26,35,39,43,44,46,6,6,10,23,29,45,49
14,10,2,7,8,17,19,20,33,34,42,45,7,8,11,17,27,31,32,49,8,2,3,4,27,29,35,45,46,10,2,5,6,10,22,26,27,29,34,39,10,1,2,3,8,10,17,24,27,37,45,14,5,7,17,20,23,26,27,28,30,37,41,42,44,45,12,0,4,8,17,23,24,29,33,35,42,45,49,11,0,2,5,13,28,29,34,42,44,45,49,11,1,2,5,24,27,28,33,34,35,45,49,10,7,13,16,20,23,27,28,30,33,39,6,17,20,26,29,33,37,8,4,20,23,27,28,39,42,45,13,2,4,5,7,8,11,23,26,27,28,34,42,45,7,1,5,27,35,43,44,46
5,18,0,2,5,6,8,17,19,20,23,25,27,30,35,39,42,43,45,49,15,1,2,5,6,17,22,27,29,32,33,35,42,43,45,46,18,0,2,3,8,18,19,22,24,25,27,29,32,33,34,35,41,46,49,15,2,3,5,17,20,24,27,28,30,34,35,42,43,45,49,14,1,2,4,5,8,17,20,23,27,28,29,35,39,49
8,11,6,8,23,25,27,29,32,33,34,45,46,13,0,2,3,5,8,17,27,29,34,35,39,42,46,11,5,8,10,22,25,27,29,32,37,42,45,9,2,3,5,6,19,21,27,30,45,8,1,2,8,17,25,27,33,43,10,2,20,22,24,26,27,33,39,45,49,12,2,5,14,17,22,23,36,42,43,45,46,49,9,1,5,8,17,19,29,38,43,45
11,8,2,5,7,27,32,33,34,41,10,1,2,5,8,20,27,35,44,45,46,12,2,5,8,13,22,23,24,39,41,42,44,45,10,2,3,19,27,29,34,40,42,45,46,7,1,2,3,5,13,23,45,12,2,3,8,11,13,17,25,33,35,40,42,45,10,1,5,22,23,25,29,42,44,45,49,9,7,10,11,17,20,27,28,38,43,9,2,3,8,17,25,27,34,42,46,12,0,1,6,8,10,17,20,25,27,34,45,49,7,1,23,29,32,35,41,45
9,8,3,8,10,17,28,35,45,46,9,2,4,5,22,29,32,34,39,45,7,3,8,24,27,31,35,42,7,0,10,17,23,26,27,29,9,1,2,6,8,17,27,29,33,43,8,0,2,4,18,20,28,34,42,8,5,6,17,18,20,26,27,46,9,7,13,17,26,27,29,39,45,48,6,2,4,17,20,27,34
10,7,3,8,17,27,35,39,42,10,2,8,18,20,25,26,27,33,34,49,11,3,5,6,7,8,16,23,27,29,30,44,7,3,5,8,26,29,39,45,8,5,20,22,24,27,30,34,49,12,2,3,5,8,10,11,27,33,34,39,43,44,11,1,6,17,22,25,28,29,35,41,45,49,9,2,7,8,24,33,34,35,45,46,7,3,5,13,17,27,29,45,9,5,7,8,16,17,18,27,29,34
11,9,4,8,20,24,26,27,34,35,46,12,3,7,8,19,23,33,34,37,41,42,46,49,8,2,5,28,29,33,34,44,45,10,0,2,8,20,27,32,33,45,46,49,9,5,6,22,26,29,30,32,34,39,11,1,6,8,17,22,27,29,34,35,42,46,9,1,2,6,8,17,20,34,42,45,8,2,6,14,20,27,37,40,45,7,17,19,27,28,30,44,45,7,3,5,6,20,23,26,33,12,1,5,6,8,17,18,19,20,23,25,27,45
11,10,6,17,20,23,27,28,41,42,44,45,10,7,8,10,17,29,30,32,34,45,46,10,3,5,10,17,20,32,44,45,46,49,12,2,8,17,20,24,27,28,30,34,37,42,46,12,0,2,3,5,6,8,23,27,28,36,45,49,11,0,1,2,5,17,20,22,30,41,44,45,10,2,5,6,22,23,24,34,38,44,45,11,0,2,5,17,22,23,27,31,34,44,45,10,5,17,23,28,29,32,33,35,44,49,6,0,2,3,18,29,34,10,5,6,7,22,28,33,43,45,46,49
7,8,1,3,8,20,24,39,43,46,7,5,22,27,28,33,45,46,6,5,8,17,26,28,35,8,1,22,24,27,33,35,44,49,7,1,2,8,10,20,34,39,7,0,27,29,42,44,45,46,10,1,5,6,8,14,23,24,27,28,42
12,7,8,13,17,34,39,44,46,11,7,8,22,23,29,34,35,42,43,45,46,8,2,3,5,25,28,34,35,44,9,2,5,8,11,17,20,23,28,35,10,8,10,27,29,34,35,44,45,46,49,11,1,5,8,11,13,20,27,29,30,34,49,10,2,3,5,18,27,28,30,32,34,37,10,2,3,17,18,19,20,22,23,27,42,10,1,3,5,23,25,27,33,35,39,49,11,17,23,28,29,35,38,39,42,44,46,47,13,0,2,5,16,20,23,25,27,29,33,34,38,44,10,1,2,5,14,17,20,27,28,29,45
10,4,8,20,29,46,3,23,29,44,7,0,2,6,23,27,29,34,4,5,11,24,41,4,2,8,28,45,3,16,22,45,3,1,17,33,5,2,8,19,27,32,2,8,44,3,17,27,46
13,12,2,5,23,27,28,29,33,39,42,43,45,49,13,0,2,5,13,17,23,28,29,33,35,39,45,49,10,1,2,3,14,17,22,33,35,38,45,8,1,2,8,17,19,27,29,44,10,2,3,5,22,27,33,44,45,46,49,9,2,3,8,17,23,27,33,34,45,10,2,5,20,23,25,28,33,42,45,49,14,0,2,3,4,7,17,20,23,27,29,32,37,41,45,10,0,2,5,7,17,20,23,33,37,45,8,1,7,23,27,33,39,45,49,8,8,17,23,26,33,36,41,45,9,1,27,31,32,34,35,42,45,49,9,2,3,8,11,27,41,42,45,49
13,11,2,5,17,23,27,28,32,39,44,45,49,13,0,1,2,6,24,27,28,32,33,35,42,45,46,8,1,6,20,24,26,27,28,45,10,2,8,22,24,27,32,37,42,45,49,13,0,1,2,4,5,16,23,27,29,34,41,42,45,10,2,3,8,22,27,29,32,33,34,39,12,5,8,11,17,34,35,41,42,43,45,46,49,9,1,2,5,17,22,27,34,39,45,8,2,5,8,14,17,31,34,42,14,3,8,17,19,20,21,22,27,30,33,34,35,39,44,12,2,3,6,7,17,22,29,32,37,39,42,45,8,8,17,25,26,27,28,32,33,13,2,3,8,20,27,28,29,33,34,35,42,44,45
13,9,0,3,17,22,24,27,32,34,49,11,1,2,5,6,22,23,26,33,39,45,46,11,0,1,2,5,10,11,25,34,42,45,49,8,0,2,8,22,23,39,42,45,13,1,2,4,7,8,22,23,24,29,34,41,43,45,14,1,2,5,17,20,23,27,33,34,40,42,44,45,46,11,2,3,16,17,21,27,28,40,41,42,49,11,1,3,17,18,25,32,34,35,42,45,49,12,2,3,5,8,17,25,27,32,35,39,45,49,11,1,6,17,22,27,28,30,32,34,39,41,11,1,7,8,11,14,25,27,28,42,45,46,7,0,7,23,26,27,43,45,13,0,8,17,26,27,29,31,32,33,41,45,46,49
8,7,20,22,27,29,31,38,46,12,1,2,7,8,10,26,30,32,33,41,42,45,11,2,3,5,13,17,22,28,30,41,42,46,12,0,2,10,17,22,23,27,29,33,36,45,46,8,4,8,20,23,29,32,35,44,11,2,5,7,17,18,20,26,27,34,42,49,11,0,2,8,26,27,28,29,33,42,43,45,11,1,8,10,17,19,20,25,33,42,45,46
9,11,2,7,17,27,28,30,31,34,35,45,49,6,5,17,18,27,34,45,9,2,3,8,19,25,27,39,44,45,10,1,2,6,19,22,28,29,34,42,46,11,0,2,5,6,8,23,24,29,34,39,42,9,2,3,8,27,29,34,35,40,45,9,5,8,17,20,22,23,29,34,40,9,2,5,17,27,29,32,33,42,45,15,1,2,5,6,8,17,27,28,29,30,34,42,43,45,49
13,15,2,8,21,23,25,29,30,33,34,35,39,42,44,46,49,13,2,5,7,8,17,22,24,27,28,34,42,45,46,16,5,8,10,11,17,20,26,27,28,29,34,36,42,43,45,46,16,0,2,6,7,8,17,22,27,29,30,33,35,39,40,44,45,16,0,1,2,3,5,6,7,17,22,24,27,28,35,42,44,45,14,1,2,3,5,6,14,22,24,27,28,35,42,44,45,13,1,2,5,8,26,27,29,31,39,42,45,46,49,13,1,2,5,8,11,18,23,25,27,30,37,39,42,14,0,5,8,14,19,20,22,23,27,33,39,41,45,46,12,2,6,8,17,32,34,35,40,41,42,44,45,12,2,6,17,20,22,24,26,27,29,30,37,45,14,0,2,7,8,17,20,22,27,29,32,34,39,45,49,14,2,3,4,5,8,17,22,24,27,28,32,34,42,45
13,10,1,8,17,23,27,29,33,45,46,47,9,1,10,14,20,22,39,40,44,45,9,5,13,27,28,30,32,44,45,49,11,2,5,8,18,20,22,27,33,37,42,45,6,17,27,33,34,44,48,11,2,5,27,28,29,30,31,42,44,46,47,8,0,1,4,17,22,27,29,33,9,3,5,8,27,33,39,41,42,45,9,1,2,5,8,13,23,36,45,46,9,0,1,4,5,7,17,26,30,34,9,4,8,17,28,29,32,42,44,45,9,2,3,4,6,27,29,35,44,45,9,3,4,13,20,23,29,30,32,46
10,10,5,11,17,27,28,29,34,41,46,49,11,2,8,20,22,23,24,27,29,34,42,44,9,0,1,2,5,14,28,42,44,45,12,2,5,8,11,25,27,28,29,39,42,45,49,11,2,7,8,11,17,24,28,29,41,44,45,7,2,27,33,39,41,45,48,12,0,5,17,24,27,32,33,35,41,42,45,49,6,2,3,8,17,30,49,12,1,4,8,17,27,33,34,41,42,45,46,48,9,3,6,10,28,35,42,43,44,45
9,8,1,6,10,23,34,35,44,45,5,2,5,11,23,42,8,5,8,17,22,32,39,42,45,8,2,8,25,27,29,34,43,45,7,0,5,8,23,24,27,28,9,2,5,8,15,17,25,27,35,45,6,2,3,17,22,34,42,10,2,3,5,8,24,27,29,33,34,35,8,2,3,6,7,32,35,37,42
6,2,27,44,2,8,44,7,2,7,23,27,29,43,45,6,4,17,18,20,22,33,4,27,32,33,39,3,17,34,45
7,6,0,2,19,27,28,45,9,0,8,17,23,25,27,33,42,46,10,1,5,7,8,23,24,35,43,44,45,5,1,5,17,45,46,7,1,22,23,32,41,43,45,10,7,17,22,25,27,32,39,42,45,46,6,1,2,22,24,27,45
4,5,2,17,22,39,44,3,12,28,46,4,2,8,16,25,7,6,17,23,29,33,41,45
12,6,14,17,24,26,35,45,6,1,8,14,33,39,45,6,4,20,27,33,35,49,3,2,42,45,5,0,6,8,34,45,7,2,5,14,23,29,45,49,8,3,17,19,27,34,35,44,45,8,2,5,8,17,24,27,44,46,8,1,2,3,8,22,23,27,45,8,2,3,5,17,20,23,27,29,5,17,20,39,45,46,5,17,28,33,34,45
11,8,5,17,23,27,30,33,45,49,9,2,3,5,17,23,27,34,38,42,10,0,1,6,7,8,17,24,28,34,46,8,2,7,22,23,34,40,45,46,6,8,17,27,32,42,49,8,4,5,8,22,27,33,35,42,7,5,20,26,27,34,39,45,10,1,19,24,28,29,30,33,34,41,43,6,5,8,16,26,27,45,8,1,8,20,27,28,34,42,49,8,0,2,3,5,21,23,35,45
10,8,2,7,20,28,34,42,45,46,7,17,27,37,39,42,45,49,8,8,22,24,27,29,35,39,41,5,8,28,42,44,45,12,2,4,5,8,17,23,28,33,42,44,45,48,6,6,17,30,33,34,45,6,6,34,41,43,45,46,8,1,2,5,24,26,27,41,42,12,0,3,17,20,27,28,30,33,39,42,45,47,7,0,25,33,34,42,45,49
11,12,3,8,17,20,23,27,29,33,39,41,42,45,8,0,2,19,22,28,33,34,45,11,2,3,5,20,23,27,34,39,44,45,49,11,1,8,13,16,17,28,32,33,39,45,49,9,2,8,22,23,25,27,28,45,46,8,0,3,5,17,26,27,35,39,6,6,22,27,29,35,45,12,2,5,6,22,23,27,29,31,32,39,42,45,10,1,8,17,24,31,34,37,41,42,46,11,3,17,23,27,28,34,39,44,45,46,49,10,1,17,20,22,24,26,33,42,46,49
11,10,1,2,3,5,8,27,34,37,42,45,8,1,8,17,18,22,27,29,49,11,1,8,19,20,23,26,29,32,34,45,46,10,2,3,8,14,17,19,27,29,33,35,13,1,3,5,13,19,20,22,27,28,29,39,42,46,8,14,22,23,27,28,29,42,45,11,3,7,16,23,26,31,35,42,44,45,49,7,5,23,24,25,27,28,45,10,1,3,5,13,20,28,33,39,45,46,10,1,2,10,17,23,27,29,33,44,45,10,7,23,24,26,29,34,41,43,46,49
9,11,2,4,8,17,19,25,27,29,34,44,45,15,4,5,7,8,17,22,23,24,26,27,28,34,40,46,49,8,2,3,8,20,22,25,34,45,10,5,8,17,27,29,32,33,35,39,42,8,2,5,24,26,27,28,41,42,7,0,2,29,34,39,45,46,7,8,17,28,33,42,43,46,10,5,13,17,20,27,32,33,34,40,42,10,4,7,17,23,26,27,29,37,42,45
8,6,2,5,8,17,39,45,9,2,4,8,9,17,20,23,33,45,10,5,8,14,24,26,27,28,39,45,46,8,8,22,27,33,34,42,44,45,10,0,6,18,22,23,25,26,27,45,46,9,1,5,8,13,21,22,24,32,48,10,1,22,27,30,31,33,35,39,41,42,9,6,17,29,33,34,39,45,47,49
4,4,27,33,44,49,2,2,17,6,0,2,19,20,23,27,5,0,6,7,8,21
9,9,2,4,5,6,17,27,39,42,46,9,23,24,25,27,29,34,44,45,46,8,1,2,3,22,32,34,45,46,8,4,8,17,18,20,22,23,42,9,4,17,20,23,27,29,39,42,45,8,2,25,26,32,33,41,42,46,9,2,3,6,7,8,20,27,29,30,5,11,22,25,33,36,9,2,3,6,23,24,28,32,39,42
8,14,0,2,5,8,19,20,22,27,28,29,33,35,42,45,16,0,2,5,7,8,12,17,19,23,29,33,34,39,44,45,46,15,1,2,3,6,8,14,19,20,34,35,39,40,44,45,48,13,0,2,8,13,17,20,22,23,26,28,33,34,45,14,1,5,6,8,17,19,22,23,27,33,42,44,45,49,13,6,8,17,22,23,28,34,41,42,43,44,45,49,12,1,2,5,8,13,20,27,34,39,42,45,46,13,2,3,6,7,8,11,17,22,24,25,26,27,45
9,8,2,6,13,22,26,29,34,45,7,2,17,24,29,35,38,42,5,1,8,17,27,34,5,2,5,8,17,32,10,3,5,17,20,28,34,42,43,45,46,7,5,6,13,17,27,46,49,8,11,28,29,30,33,35,44,45,7,1,2,5,25,27,29,45,12,1,8,17,22,23,29,34,39,41,42,45,46
10,10,1,6,7,8,10,16,23,27,42,45,9,0,8,13,19,27,32,34,41,45,11,2,5,8,20,22,30,33,34,40,44,45,10,5,8,20,22,24,28,30,33,34,40,11,5,8,17,19,24,27,30,32,33,42,45,10,2,3,7,17,23,26,34,41,44,45,8,11,17,27,33,34,37,45,46,14,4,5,20,22,24,26,27,28,29,33,37,41,45,46,13,1,14,17,20,27,29,32,34,35,38,42,45,46,14,1,2,3,5,6,7,20,22,26,29,34,45,46,49
7,9,2,6,17,20,23,27,33,44,45,12,2,8,17,23,27,29,33,34,41,42,43,44,11,3,8,17,27,28,29,30,42,45,46,49,7,5,6,8,11,27,29,49,9,2,3,17,22,24,30,34,42,45,11,5,6,8,19,21,22,29,34,42,45,49,10,5,8,17,20,27,29,34,38,45,46
13,8,1,2,3,8,17,19,23,49,12,2,3,17,22,23,25,27,29,34,38,42,45,14,2,5,13,14,17,27,28,33,35,39,40,45,46,49,14,1,2,8,10,17,18,20,27,28,30,33,35,44,46,11,2,5,6,7,13,27,28,29,33,42,45,12,2,5,8,17,19,27,29,37,39,41,44,45,11,0,1,5,17,23,27,30,32,35,41,45,16,2,5,8,14,19,20,25,26,27,28,29,30,42,45,46,49,13,1,2,14,17,24,25,27,33,35,42,43,45,46,11,2,5,16,17,27,28,29,31,32,35,45,6,0,2,5,20,45,49,15,1,2,5,6,8,10,17,20,23,27,28,32,35,39,45,9,2,5,7,8,11,17,35,42,44
9,14,1,2,3,4,5,8,17,19,27,28,29,39,45,46,7,2,8,25,33,35,45,46,11,1,2,5,8,19,27,29,32,37,45,46,10,2,17,18,20,27,32,43,45,46,47,11,5,6,7,17,23,25,28,29,35,41,46,10,2,5,6,17,20,27,28,31,32,46,12,3,5,6,7,8,17,20,27,34,39,42,45,10,0,6,7,34,39,42,43,44,45,49,14,1,2,5,8,17,23,27,32,33,34,37,42,44,49
9,6,2,8,17,33,39,49,6,3,27,28,29,34,41,7,1,3,17,20,23,27,29,4,26,33,34,42,8,2,3,17,29,32,33,42,45,6,17,22,26,32,45,49,4,2,5,6,27,5,2,11,27,29,45,5,2,6,24,29,34
7,11,2,5,7,8,10,28,30,33,39,45,49,9,1,2,3,5,17,26,30,45,48,9,8,12,27,29,42,45,46,48,49,11,1,2,5,8,17,23,24,28,32,33,35,4,3,5,34,46,9,3,5,8,11,17,22,24,27,32,7,2,5,8,17,22,30,34
5,3,2,7,20,3,8,33,46,3,8,10,29,3,5,35,42,1,45
9,10,1,2,6,17,22,28,37,39,43,45,7,8,13,27,28,35,44,49,8,2,3,6,20,27,34,42,45,7,0,4,8,17,22,23,30,9,2,5,20,21,23,24,27,29,45,4,8,20,32,35,8,2,13,14,27,28,34,39,43,9,1,2,4,20,23,28,29,30,34,6,13,22,26,29,39,48
7,9,1,8,17,20,24,27,29,40,46,8,2,3,23,25,33,34,46,49,7,2,8,20,21,35,42,45,6,0,7,17,23,32,34,9,0,2,5,8,22,34,35,42,45,7,5,8,14,17,27,31,35,8,2,8,24,27,28,32,43,48
8,7,1,5,27,32,42,45,46,3,8,19,45,7,2,20,27,30,35,41,45,6,2,5,8,27,42,49,6,1,20,28,29,32,39,8,2,5,8,27,32,39,42,46,6,8,23,27,29,39,45,9,2,8,17,24,30,34,37,39,45
11,11,1,4,8,17,22,27,33,39,42,44,45,8,3,4,7,14,29,30,34,42,10,0,2,6,8,23,27,32,34,37,45,10,2,5,8,17,20,21,22,33,42,46,9,2,4,27,28,29,33,44,45,48,10,0,2,8,20,24,26,33,34,45,46,7,0,2,5,8,27,32,44,11,2,3,6,8,13,20,23,24,27,41,45,9,2,5,25,28,33,39,45,46,49,9,2,5,19,23,33,39,42,43,44,11,2,3,6,7,19,20,27,28,29,45,49
7,10,2,5,6,7,19,27,34,42,45,46,9,2,8,19,22,27,33,42,45,46,9,2,5,10,17,19,27,33,43,49,12,3,5,8,10,14,26,28,30,32,35,42,45,9,2,5,17,23,26,33,34,44,45,8,2,5,8,27,28,29,33,40,8,3,5,27,29,30,34,43,46
4,2,44,45,4,22,23,25,45,4,33,34,37,41,2,2,17
12,6,6,8,17,20,27,46,5,8,28,35,39,45,6,5,8,21,29,33,44,6,5,10,22,28,32,45,6,2,6,8,34,37,42,7,2,3,17,27,34,46,49,9,0,5,11,14,17,28,32,33,45,7,2,8,26,32,39,45,49,7,1,2,3,17,19,43,45,7,17,32,33,39,44,45,49,7,3,5,27,32,43,44,45,7,5,17,27,32,35,38,45
8,10,3,6,13,17,22,24,28,33,34,44,15,0,1,2,3,5,8,16,17,22,27,30,32,34,44,45,14,2,3,5,8,14,22,28,30,33,35,44,45,46,49,14,1,2,4,5,6,7,8,17,20,24,27,34,37,45,13,0,1,2,5,6,8,13,24,27,33,34,39,42,14,2,3,5,8,17,22,25,26,27,28,34,37,41,44,15,3,5,7,8,19,27,28,32,33,34,35,42,44,45,46,13,2,5,10,13,23,27,29,34,35,42,44,45,49
5,14,2,3,5,8,17,20,23,24,25,27,39,42,45,47,11,8,20,23,27,28,32,33,35,40,45,49,10,9,11,18,24,29,34,39,41,44,45,12,2,8,14,17,21,23,27,29,33,34,45,49,12,1,5,6,17,22,23,27,29,32,34,42,46
4,9,2,7,11,22,24,27,33,45,46,10,2,3,8,18,23,25,26,33,34,49,8,1,3,14,17,35,37,45,49,11,1,2,3,20,22,27,29,31,35,42,44
10,16,1,2,3,7,17,19,22,26,27,28,29,30,32,34,42,46,17,0,1,2,5,6,7,8,20,24,26,27,29,30,33,43,45,46,19,0,2,5,6,7,13,17,24,26,27,28,29,32,34,37,41,42,44,45,11,0,8,17,23,26,27,34,39,42,44,49,14,2,3,5,17,24,25,27,28,29,33,35,42,44,49,18,0,2,5,7,8,17,26,27,28,32,33,35,39,42,44,45,46,49,17,1,3,5,7,8,17,19,20,24,26,27,29,32,34,42,45,49,18,3,5,6,10,17,20,22,23,26,27,28,29,31,33,35,37,42,46,13,7,8,17,19,23,27,28,29,36,37,41,42,45,16,2,5,6,8,17,19,22,27,32,33,34,35,37,39,42,45
7,8,2,8,20,27,29,33,34,45,8,1,8,22,23,27,30,34,49,7,3,22,24,27,44,45,48,8,2,7,27,28,34,43,45,47,6,2,16,19,23,35,44,6,0,8,27,29,46,49,8,8,19,23,34,37,39,41,46
7,9,2,8,21,22,29,33,39,45,49,8,1,2,5,6,19,23,42,45,9,0,2,5,6,27,29,32,33,45,7,1,3,4,20,27,33,45,9,2,5,22,33,38,39,40,44,45,7,2,7,19,21,27,40,42,8,1,17,22,25,26,27,42,45
5,8,3,6,8,17,19,26,27,30,5,2,3,8,29,34,10,3,5,16,23,27,34,35,39,44,45,6,3,4,20,27,29,42,9,2,8,17,29,31,39,42,45,49
9,10,2,5,8,17,29,33,38,42,44,45,11,2,6,8,17,22,27,28,34,35,41,45,16,2,4,5,7,8,17,20,23,24,27,28,29,35,41,42,44,13,2,5,10,17,20,26,27,29,32,39,41,45,49,13,3,8,16,17,18,20,23,27,28,33,35,45,46,13,0,1,3,8,13,17,20,27,28,29,44,45,47,14,0,2,3,5,8,11,20,27,32,33,34,45,46,49,11,2,17,18,23,27,29,33,42,45,46,49,10,2,7,8,19,27,29,34,39,42,45
7,6,3,5,8,11,32,39,8,8,19,20,29,30,33,46,49,9,3,5,8,22,25,27,35,45,49,7,2,3,5,17,24,34,42,6,6,8,17,38,43,45,7,1,2,4,32,41,42,49,6,0,2,11,13,27,43
7,12,0,3,5,13,20,22,27,29,33,34,38,45,8,1,5,22,35,39,43,44,45,9,5,6,8,20,33,37,40,44,45,9,2,4,8,17,27,28,34,39,45,10,2,5,8,17,18,23,29,34,44,45,5,2,7,16,27,29,8,0,1,2,22,23,26,40,48
11,15,1,2,3,5,6,8,11,18,21,22,26,27,42,45,49,14,1,2,7,17,19,20,29,30,34,39,42,43,45,46,13,2,5,6,8,10,22,27,28,29,30,31,45,49,15,1,2,5,20,24,25,27,28,30,31,34,42,44,45,46,11,9,14,17,22,24,27,29,41,45,47,49,13,2,7,18,25,26,27,29,31,35,41,43,44,45,13,0,1,5,8,13,17,20,22,27,28,34,39,45,15,0,1,2,3,7,8,11,17,22,24,27,28,29,42,46,16,2,3,4,5,20,24,26,27,29,31,34,35,41,42,44,45,14,0,1,2,4,7,8,22,25,27,28,29,30,34,44,13,0,3,5,8,11,17,22,28,29,37,42,45,46
13,9,2,6,8,13,27,28,30,44,45,6,0,7,23,29,36,39,6,2,19,20,40,42,46,7,2,4,8,22,33,42,46,8,3,5,8,28,32,43,44,46,8,8,17,20,27,28,33,42,45,8,3,5,22,27,33,43,44,45,9,2,5,6,8,19,29,32,39,44,8,1,2,3,8,29,33,34,42,8,2,14,17,29,33,40,41,45,8,0,2,5,17,20,24,27,37,7,2,8,22,33,34,39,44,8,2,5,6,11,17,28,32,45
11,15,0,1,2,3,5,6,27,29,32,33,35,38,41,45,46,10,2,4,17,27,28,29,42,44,45,46,16,0,2,3,5,6,8,17,22,24,25,27,29,33,34,45,46,14,2,3,5,8,23,26,30,33,34,42,44,45,46,49,12,0,2,3,14,22,27,30,33,42,45,46,49,15,2,5,6,8,10,14,17,22,29,31,33,34,42,43,44,15,2,7,8,10,11,17,19,22,28,33,34,39,41,42,43,13,2,4,8,17,20,23,24,26,27,28,34,35,39,10,2,5,17,18,26,27,28,32,35,43,10,2,6,8,27,28,34,42,45,46,49,14,0,1,6,23,27,28,29,33,34,35,42,43,45,46
7,3,8,22,27,2,27,44,4,2,27,28,29,5,33,34,41,42,49,5,2,17,29,33,45,4,3,17,32,34,5,3,26,27,29,46
6,10,1,2,5,8,17,21,33,42,45,46,9,2,3,7,17,41,44,45,46,49,13,2,3,6,7,8,11,17,26,27,33,42,44,45,10,3,7,13,17,20,22,23,25,40,46,11,0,1,2,5,6,8,23,25,34,44,45,11,2,5,8,17,27,30,32,33,35,42,44
5,15,3,6,8,19,20,24,27,28,32,33,34,38,42,45,46,13,0,2,3,5,10,11,17,20,29,35,42,44,45,7,8,17,27,39,42,44,45,14,0,2,8,10,13,17,18,23,24,27,29,33,38,45,13,1,6,8,13,17,18,29,31,32,33,34,45,46
14,10,1,2,5,8,20,39,40,42,44,45,7,2,5,8,17,34,39,45,9,1,3,5,8,11,17,27,39,44,8,1,5,8,16,17,28,29,37,10,3,5,10,17,18,27,33,44,45,46,10,1,3,8,10,27,28,29,33,34,45,8,2,8,19,23,25,37,45,49,11,7,9,17,20,23,26,29,35,39,46,49,8,2,3,5,23,27,28,29,45,9,2,3,6,8,19,22,26,32,42,8,0,2,5,22,24,27,33,45,14,6,10,17,20,25,27,28,29,35,38,40,42,45,46,9,3,5,22,27,28,29,33,35,45,9,1,2,5,7,27,28,31,32,45
7,10,8,17,23,24,27,30,32,38,45,46,10,5,7,10,13,22,23,28,32,43,45,10,5,8,17,24,26,27,29,30,42,43,8,5,8,29,33,34,39,41,45,10,1,7,8,11,17,19,20,24,27,31,5,8,17,22,26,46,13,0,1,3,8,20,22,27,28,39,42,45,46,49
10,11,0,1,5,14,23,27,33,34,35,45,46,7,5,14,20,33,34,42,45,11,2,5,6,17,20,22,24,27,34,40,45,12,0,1,2,3,5,17,18,20,24,27,45,46,11,2,3,4,5,8,27,28,35,42,45,46,9,2,8,27,28,33,34,35,42,45,12,1,2,8,17,22,23,30,33,41,42,45,46,8,3,7,8,23,28,34,45,47,11,0,1,2,8,22,27,29,33,35,42,45,10,0,5,8,17,27,29,33,35,44,45
13,5,34,35,39,42,45,10,5,17,22,27,32,34,39,42,44,45,6,2,6,7,11,27,42,9,0,5,19,22,28,29,31,45,49,10,0,2,5,7,8,23,26,27,45,49,6,8,17,30,33,39,42,7,2,8,17,27,28,45,46,7,8,26,27,34,44,45,49,7,5,17,21,27,34,42,44,7,19,20,27,34,41,43,45,7,2,20,25,27,28,42,46,7,5,25,27,28,33,39,45,7,4,5,22,27,34,44,46
6,13,0,2,5,8,17,20,22,27,28,30,31,33,44,11,6,8,16,22,23,27,29,33,42,44,45,15,5,8,17,18,19,22,27,32,33,34,35,41,44,45,46,18,1,3,5,8,10,14,17,19,20,27,30,33,34,37,39,42,45,49,14,0,2,4,5,6,7,11,20,22,25,26,29,40,44,17,0,4,8,17,24,27,28,29,32,33,34,37,41,42,44,45,49
8,8,8,19,21,27,32,34,35,45,12,2,3,5,14,23,24,27,33,34,35,43,45,8,2,7,8,17,27,29,34,43,12,2,5,14,17,20,22,27,28,32,39,42,45,12,3,5,6,8,17,20,22,24,27,28,35,45,11,1,2,8,13,20,23,30,33,42,45,46,11,1,2,3,8,11,22,23,27,28,45,49,10,1,7,8,22,27,32,33,37,39,45
12,10,3,5,7,8,17,23,30,35,42,45,10,3,5,8,17,27,29,32,33,41,42,10,0,1,2,17,23,27,34,35,45,49,8,1,2,5,10,17,20,42,46,9,2,4,8,17,20,27,35,41,49,10,1,2,8,20,22,23,27,28,42,44,10,2,17,22,23,24,26,27,39,45,46,10,2,8,17,23,25,29,33,42,45,49,8,1,5,8,27,35,42,44,49,13,5,6,8,14,17,27,28,29,33,34,39,42,45,14,3,6,7,8,13,17,23,24,26,27,29,45,48,49,11,0,3,6,7,17,28,29,33,34,39,45
16,9,1,5,6,8,10,13,27,45,49,5,3,22,35,41,46,10,3,5,8,16,20,23,27,35,44,49,12,3,4,5,21,23,24,29,33,36,42,44,49,9,5,7,8,10,20,23,28,39,45,10,2,5,23,26,27,29,42,45,46,48,10,3,14,17,22,28,30,35,44,45,49,11,2,4,5,14,20,23,29,32,35,45,46,8,2,8,19,20,26,29,45,49,4,2,23,32,34,8,0,2,13,17,20,22,42,45,9,2,5,19,25,26,27,28,30,43,9,0,2,5,17,26,30,37,44,46,12,0,2,3,5,17,21,27,30,32,41,44,45,8,1,2,4,7,8,20,27,45,11,0,2,4,5,7,8,26,27,34,39,45
6,8,8,23,27,29,31,33,39,45,7,8,17,31,33,41,45,49,8,2,3,22,27,28,35,42,45,5,5,20,38,39,45,9,4,11,27,28,36,39,44,45,46,10,2,3,4,5,17,27,30,32,42,45
14,11,5,7,8,19,26,27,28,29,41,43,45,8,5,17,25,27,29,42,45,49,7,8,17,20,24,27,33,48,9,5,8,20,28,29,34,39,41,42,11,1,2,4,5,8,17,19,27,30,42,45,10,1,5,6,8,17,22,28,33,34,41,10,6,17,20,22,24,27,34,43,46,48,9,2,7,14,17,23,26,33,34,46,11,0,3,8,11,25,27,32,34,42,44,45,9,0,2,5,17,20,23,27,44,45,7,0,4,5,17,29,41,42,7,2,5,8,17,21,27,28,8,2,7,8,19,21,27,29,35,10,5,17,19,22,23,27,29,34,42,48
8,5,6,27,34,35,45,3,2,28,35,3,13,20,41,6,2,5,7,10,22,45,2,1,6,2,7,27,2,23,28,4,8,17,33,43
13,10,1,6,13,17,23,24,27,34,39,42,17,1,2,5,7,8,17,20,22,24,27,32,33,34,41,45,46,49,17,1,2,3,5,8,10,13,16,22,27,28,35,41,42,44,45,46,13,2,6,8,17,22,23,24,27,34,36,45,46,48,13,0,1,2,3,5,7,17,19,26,36,39,43,46,15,0,2,3,7,8,17,23,27,29,32,35,37,42,45,46,10,2,7,8,23,26,29,31,32,35,45,11,4,8,11,17,20,26,27,34,35,39,46,12,0,2,3,6,13,17,20,23,27,28,45,46,13,2,5,8,17,23,24,29,30,33,34,35,45,46,13,1,3,6,8,17,20,26,29,31,33,42,44,45,13,1,5,19,21,27,31,32,33,35,43,44,45,46,10,2,5,11,17,27,30,33,37,39,45
8,9,2,4,14,17,23,29,33,35,45,11,3,10,17,19,20,24,27,28,35,42,46,12,2,10,20,27,29,30,33,39,42,45,46,49,11,2,3,5,8,14,22,37,39,42,44,45,14,2,3,6,19,22,24,26,27,28,29,34,39,45,46,8,5,7,27,33,34,35,42,49,11,0,3,8,20,26,28,29,31,39,42,45,6,7,8,11,23,27,46
10,8,5,7,26,30,38,42,43,45,7,2,8,22,27,37,42,45,8,3,17,19,21,28,29,34,49,9,1,4,17,19,20,27,29,45,49,9,1,6,24,27,28,29,37,42,45,8,2,17,23,29,35,42,45,49,9,0,2,5,8,21,27,29,42,44,9,10,22,23,27,28,39,44,45,46,12,7,8,10,14,18,20,27,29,38,41,45,46,7,0,8,17,26,29,33,45
15,17,1,2,5,8,18,22,23,25,29,30,32,34,37,43,44,45,46,15,2,3,5,8,14,17,19,25,27,29,32,33,34,38,45,15,1,2,8,17,22,23,24,28,29,31,33,38,39,44,45,15,0,3,4,8,17,19,24,27,29,33,34,41,42,44,45,17,0,1,2,3,5,8,23,27,29,33,34,39,41,43,44,45,49,14,2,6,12,23,24,27,29,33,34,35,41,42,43,45,16,1,2,8,17,18,23,26,27,28,32,33,34,37,42,45,49,12,3,5,8,10,17,18,27,28,33,39,44,45,14,2,3,5,6,17,27,28,31,33,39,42,43,44,49,15,0,1,5,6,17,18,23,27,28,29,34,45,46,47,49,14,1,2,3,5,17,18,22,23,27,29,33,41,42,45,14,2,3,7,23,25,27,29,30,34,35,39,40,42,45,15,1,2,3,4,5,7,11,17,23,26,27,29,42,44,45,16,2,3,4,5,6,8,17,23,26,27,29,30,42,45,46,49,14,2,5,6,10,17,26,27,28,29,30,35,42,44,45
9,6,8,24,27,28,34,45,8,0,3,8,17,20,23,27,42,7,6,7,8,30,32,34,49,8,4,8,17,20,34,35,42,45,8,3,5,24,27,42,44,45,46,6,3,5,17,27,34,45,8,2,3,5,10,28,31,33,34,5,20,22,42,43,45,7,5,8,19,29,33,39,44
14,9,1,6,8,16,27,31,32,33,45,10,1,7,17,20,23,32,33,39,44,45,8,3,8,22,23,27,33,35,45,6,2,28,34,39,42,45,8,8,23,32,39,41,42,44,48,5,2,23,27,39,49,6,10,13,22,27,44,45,9,5,7,8,27,28,29,42,45,46,12,1,2,3,6,11,26,27,29,32,33,39,45,6,4,27,37,42,43,45,5,5,6,8,28,33,10,1,5,17,20,22,23,26,42,45,49,9,0,22,23,27,28,35,38,41,45,10,1,4,8,10,22,27,34,44,45,46
5,12,2,4,5,6,10,17,19,23,27,37,42,46,12,5,8,14,19,27,28,29,32,33,42,44,45,14,1,2,4,8,17,20,25,27,29,32,40,41,45,46,11,2,3,6,7,20,24,25,27,28,30,33,13,2,3,5,10,17,26,27,29,33,34,39,44,45
6,9,1,7,8,28,29,32,42,44,45,8,0,5,7,20,27,42,44,45,8,2,3,5,8,17,19,22,45,12,0,7,17,23,26,27,28,34,35,41,44,46,8,8,14,20,23,24,35,40,49,8,1,7,8,22,27,42,45,49
8,6,27,28,33,34,44,45,5,17,27,29,34,42,7,3,4,8,14,17,27,39,6,5,11,23,27,34,42,5,23,27,29,41,42,6,23,27,33,42,45,49,5,2,7,19,35,45,7,2,3,6,17,29,35,45
8,8,3,22,23,25,27,28,29,45,10,0,2,8,17,20,22,27,28,42,44,9,5,7,11,20,27,28,29,31,35,9,2,3,7,8,17,20,28,33,49,8,3,6,11,27,28,33,36,45,7,1,2,13,19,20,22,23,11,2,5,8,17,22,23,28,29,38,39,45,10,1,14,17,20,22,27,32,35,44,45
4,7,0,2,17,27,42,45,46,3,6,24,27,5,8,25,33,34,46,3,26,42,46
9,13,1,2,4,8,14,17,20,23,27,28,29,39,44,12,1,2,5,8,17,23,28,38,44,45,46,49,10,0,2,5,17,22,29,34,37,42,44,11,5,8,17,23,27,28,29,32,39,43,49,11,2,5,7,17,22,27,28,29,33,45,46,12,1,2,6,14,26,27,33,34,35,42,44,45,14,1,2,17,23,25,27,30,33,35,39,42,44,45,49,13,1,2,3,7,8,11,17,19,26,29,32,44,46,9,0,2,3,5,27,32,35,45,49
6,3,6,27,32,2,19,20,3,2,10,45,1,34,2,8,33,2,2,46
6,12,2,3,4,8,27,34,40,41,42,44,45,49,11,2,3,7,8,19,21,27,33,35,45,46,8,2,3,5,23,33,34,41,44,10,5,6,8,17,27,28,33,34,40,45,10,2,5,19,21,23,26,27,28,32,35,10,1,3,7,20,22,27,28,41,45,46
12,14,0,19,20,23,27,28,29,31,32,34,44,45,46,49,15,3,5,6,8,9,14,17,23,27,32,33,39,41,43,45,14,0,2,5,8,22,25,27,33,34,35,39,45,46,48,15,2,3,5,8,10,17,22,27,28,30,32,33,35,45,46,12,1,2,8,10,19,25,29,30,34,39,46,48,7,2,5,8,14,20,29,42,12,0,8,20,23,27,29,32,34,39,42,44,49,11,0,8,17,24,25,27,29,33,34,39,42,14,2,3,5,7,8,10,17,18,20,22,27,33,39,44,12,0,1,2,6,17,23,27,28,29,33,42,44,13,1,2,7,17,27,32,33,34,37,39,41,42,46,10,2,3,6,7,20,27,34,35,42,45
10,14,2,5,8,14,20,23,26,27,32,34,40,42,45,49,16,2,3,5,6,7,8,13,14,24,31,34,38,39,43,45,46,15,1,2,6,19,22,23,24,26,27,30,33,34,35,42,45,12,0,2,5,14,17,22,27,28,35,39,44,45,10,1,2,7,8,11,13,24,29,35,45,17,0,2,3,5,10,13,17,23,25,26,28,34,37,39,42,44,45,9,5,15,17,20,25,27,33,35,45,15,0,2,3,5,11,12,23,25,27,28,29,39,42,43,45,10,1,3,4,5,6,8,27,28,34,39,13,1,2,8,11,17,20,24,27,28,29,41,42,45
14,13,3,5,18,20,24,27,29,30,34,35,39,42,45,13,1,2,6,7,17,19,22,27,28,34,35,42,45,10,1,5,14,20,26,34,35,42,45,49,11,1,6,17,20,23,27,29,34,39,42,45,12,7,17,20,24,27,29,33,41,42,44,45,46,11,2,5,7,8,20,29,30,34,35,42,45,14,1,5,8,10,14,27,28,29,34,35,37,42,46,49,11,0,1,5,8,17,25,27,32,33,34,45,14,1,2,3,5,8,17,21,22,23,27,28,29,32,34,13,0,1,2,5,17,20,23,27,29,33,39,42,46,14,0,2,7,20,22,26,27,29,30,39,42,43,44,45,14,1,2,5,8,22,27,29,32,34,35,39,44,45,49,8,8,17,27,33,34,39,42,45,9,10,14,17,22,24,28,34,42,44
8,4,1,22,28,45,7,10,26,27,29,31,45,49,4,0,23,35,49,4,21,27,37,43,4,6,13,34,42,4,10,29,33,42,2,30,46,5,2,3,26,32,34
8,10,2,7,18,27,34,39,41,43,45,46,9,5,6,8,22,23,27,34,44,45,8,23,25,30,33,34,35,45,46,8,1,5,17,20,23,36,41,45,12,8,13,17,19,20,22,27,29,34,35,36,45,12,2,3,5,8,17,20,26,28,41,42,44,45,10,1,2,17,19,28,32,33,42,45,49,11,2,5,7,8,20,27,29,33,34,42,45
5,13,0,2,6,8,17,20,29,33,35,36,45,46,49,10,1,2,6,8,19,27,30,42,46,49,9,5,6,18,26,27,37,39,44,45,11,2,5,6,17,26,28,30,35,37,44,45,12,2,5,10,17,24,27,29,32,33,35,42,49
7,9,8,17,23,26,28,29,34,45,46,8,0,3,17,27,29,34,45,46,7,1,5,7,8,27,32,45,11,0,1,2,5,8,20,24,27,33,35,42,10,2,5,6,7,8,23,32,37,42,45,10,1,2,5,22,23,27,29,42,45,49,11,2,17,23,24,25,27,28,34,42,44,45
13,5,2,3,17,22,33,7,1,5,14,17,20,26,45,10,2,3,5,6,7,20,22,26,33,42,8,5,7,20,22,23,27,29,31,8,1,2,3,5,8,29,42,45,5,17,25,27,34,39,7,2,5,17,20,29,35,49,7,3,5,10,17,27,32,42,6,2,19,27,28,44,46,9,2,5,8,17,22,26,35,38,45,1,5,4,0,5,20,28,9,5,6,16,17,22,23,24,35,44
9,9,4,6,24,32,33,38,42,44,49,6,1,2,17,31,37,44,8,6,8,16,17,25,31,35,45,5,0,24,28,34,45,9,2,5,8,27,28,29,42,45,48,8,1,2,13,17,20,24,34,45,6,2,5,8,17,22,46,8,6,8,25,29,35,43,45,49,6,1,17,27,33,39,42
7,10,3,5,7,8,20,22,23,27,30,45,12,1,2,5,8,17,23,27,32,33,35,42,45,8,2,6,17,20,27,42,45,46,12,0,2,3,5,8,17,35,39,42,44,45,46,14,3,6,7,8,17,22,23,25,27,29,31,33,35,45,9,1,7,13,17,22,26,29,39,43,9,2,7,17,25,27,33,36,37,46
12,10,1,2,24,27,34,42,44,45,46,49,13,2,6,7,8,23,26,27,29,32,34,42,44,45,10,2,3,8,17,26,27,34,42,46,49,8,1,6,8,20,33,35,45,47,7,1,27,29,31,33,34,45,9,0,8,17,22,29,32,34,37,43,16,0,2,3,5,6,7,8,13,14,17,19,20,24,27,28,46,9,2,5,14,20,27,33,44,45,49,10,2,3,6,8,13,20,23,26,27,45,7,0,3,17,27,43,45,49,10,1,2,8,13,24,26,34,42,45,46,10,8,24,27,28,32,34,35,42,45,48
5,4,2,33,35,44,7,7,8,27,28,33,35,49,5,2,14,20,22,25,3,2,28,29,4,7,20,35,45
9,10,3,5,17,27,28,33,42,44,45,49,12,0,1,2,8,17,22,27,35,42,44,45,48,12,0,1,2,7,8,17,18,22,26,28,41,45,11,0,3,8,14,17,26,27,29,32,35,42,11,2,5,8,27,33,34,35,39,44,47,49,9,3,8,27,39,41,42,43,45,46,13,1,2,4,6,7,19,26,29,32,35,43,45,46,10,2,5,14,20,27,29,33,34,45,49,9,2,5,17,26,27,29,41,44,45
8,11,0,8,16,22,25,27,29,32,34,38,45,11,1,5,8,10,27,29,33,34,41,42,45,5,1,14,22,26,27,9,2,19,20,27,30,35,37,41,45,10,3,5,6,8,13,17,23,32,33,44,9,13,19,22,27,28,29,41,43,46,10,0,8,17,22,25,27,29,34,42,46,9,2,3,4,8,27,29,30,42,44
10,16,1,2,3,5,6,10,17,22,27,29,30,32,34,35,39,44,9,2,5,7,17,22,26,33,43,49,8,2,8,23,25,27,42,45,49,6,1,2,17,27,29,42,10,2,3,5,20,22,23,27,28,34,46,9,0,8,23,27,29,33,44,45,46,10,5,23,28,29,30,35,42,43,44,45,10,2,8,17,25,27,28,29,34,42,46,5,0,3,5,33,45,8,2,6,10,17,24,27,28,49
10,15,2,3,4,5,6,13,17,20,23,27,29,33,44,45,49,15,1,2,4,5,8,17,27,28,29,32,34,35,41,42,45,15,1,2,3,4,17,19,20,24,25,27,33,35,44,45,47,16,0,1,2,3,5,8,17,20,22,25,27,29,32,37,41,45,15,3,8,14,17,20,26,27,28,29,30,33,35,42,45,46,12,2,6,19,26,33,34,40,41,42,44,45,46,13,2,5,6,8,17,20,22,27,35,42,44,45,48,15,1,2,3,5,6,7,8,17,20,23,27,32,33,37,42,14,1,2,3,6,7,8,27,28,30,32,36,41,42,45,15,0,2,3,5,8,11,14,17,22,23,27,28,34,41,45
8,14,2,5,6,8,17,19,22,23,27,28,29,44,45,49,12,1,2,5,7,8,13,23,26,29,45,46,49,16,3,5,7,8,17,23,24,27,29,33,39,42,43,45,46,49,13,1,3,8,11,13,17,20,22,25,27,41,42,45,13,2,3,5,8,12,17,19,27,34,38,39,42,44,14,4,6,8,17,19,27,28,32,33,34,35,44,45,49,13,4,5,8,17,23,24,25,28,29,34,42,43,49,13,2,5,7,8,11,17,20,23,27,34,39,45,49
7,15,1,2,3,5,7,8,17,28,29,33,39,42,44,45,46,12,1,4,8,13,17,27,28,29,34,35,45,46,14,2,5,8,12,20,27,32,35,38,42,43,45,46,49,11,2,3,4,5,17,20,22,27,34,41,46,14,2,6,8,17,19,27,28,33,34,39,41,42,43,46,13,0,2,3,7,8,17,24,27,28,34,44,45,49,15,2,5,17,19,20,23,26,27,31,32,33,38,42,43,45
9,8,0,10,27,34,38,42,45,46,7,17,21,27,29,34,44,45,8,3,5,8,23,27,33,39,43,4,27,32,35,42,6,5,17,19,27,34,45,6,4,17,19,20,35,43,6,3,5,27,32,37,45,7,2,8,14,20,32,33,42,6,35,39,41,42,43,45
11,10,5,8,17,19,23,27,34,42,45,49,13,3,5,17,23,24,27,30,32,34,42,44,45,46,13,0,2,8,17,23,27,28,30,34,35,42,43,45,13,2,3,5,20,22,23,27,29,32,41,42,45,46,12,0,1,2,4,5,8,27,35,38,39,44,45,10,2,5,8,14,25,29,41,45,46,49,12,0,2,6,7,8,18,19,27,33,34,42,49,14,0,3,8,14,17,25,26,29,32,34,35,39,43,45,10,2,5,8,20,27,28,29,35,43,46,7,14,19,20,25,27,34,45,13,4,5,20,24,26,27,28,33,34,39,45,46,47
12,10,3,4,5,20,23,24,25,27,34,45,8,5,6,7,22,34,38,39,42,11,8,17,19,24,26,27,28,33,35,45,49,10,2,5,8,17,22,27,28,33,42,46,12,4,10,19,21,22,23,26,27,28,33,44,49,10,2,7,8,17,22,23,27,29,34,49,12,3,5,6,8,10,22,23,29,33,42,44,49,12,2,5,8,13,17,23,25,26,33,45,46,49,12,1,2,8,14,17,28,32,35,37,42,46,48,5,0,3,5,17,25,12,3,10,11,20,25,32,34,35,41,44,45,49,6,2,7,10,28,43,45
13,8,7,14,22,28,33,34,45,49,10,2,3,6,8,17,22,27,34,45,49,7,3,6,17,27,34,44,49,10,5,17,27,28,29,32,34,35,42,44,8,5,17,23,25,27,43,44,45,12,0,2,5,7,8,23,29,30,39,41,46,48,11,2,4,6,8,20,22,23,27,31,33,44,7,2,5,8,27,28,36,42,10,2,3,5,8,22,25,27,28,36,45,10,2,8,20,23,25,28,30,34,42,47,9,5,7,8,20,22,28,35,45,49,10,7,22,24,27,28,29,34,41,42,46,11,2,3,6,8,11,26,27,33,35,39,47
5,6,5,6,8,17,29,34,10,0,5,10,17,18,20,23,34,45,48,8,2,5,22,27,33,41,42,44,8,17,20,27,29,35,41,43,46,11,2,4,14,18,22,27,29,32,33,39,46
10,8,18,22,23,28,29,37,39,42,5,22,27,34,35,46,11,4,8,17,22,23,24,26,27,28,42,45,5,1,5,21,28,33,6,17,30,31,39,45,48,7,5,17,20,28,39,42,43,4,14,27,41,45,9,3,17,24,28,31,34,38,45,46,4,8,27,45,46,4,8,16,17,45
11,12,1,2,8,17,22,26,27,32,34,44,45,46,12,5,8,17,23,24,25,26,28,39,42,45,49,16,0,1,2,3,5,8,19,23,27,28,33,34,36,44,45,46,10,2,5,8,17,23,27,32,42,45,46,13,3,5,8,22,27,28,33,34,41,42,45,48,49,9,3,5,6,8,10,19,33,35,45,10,2,3,8,20,24,26,28,32,45,46,12,1,3,5,8,23,25,27,28,34,41,42,45,12,1,2,14,22,23,27,28,31,32,33,41,46,13,1,2,7,8,17,20,22,27,29,34,41,45,48,10,2,5,8,11,17,27,29,33,44,45
12,9,4,5,8,17,34,35,36,45,46,15,2,3,8,17,20,22,23,27,28,29,32,33,34,41,45,13,1,2,5,8,11,17,18,20,25,27,29,34,44,14,1,5,7,17,20,22,27,29,34,35,39,43,44,45,13,2,8,17,27,28,33,35,39,42,45,46,48,49,11,3,5,8,20,24,27,28,32,42,44,45,9,0,6,17,20,22,28,33,34,42,11,1,2,3,5,13,20,22,27,28,42,46,9,5,7,16,17,23,27,30,44,46,14,0,2,8,17,19,22,23,27,29,33,34,39,42,45,14,1,2,7,8,17,20,23,27,28,29,31,34,42,45,9,0,1,2,8,23,26,29,43,45
11,10,3,5,19,20,23,27,33,34,42,45,8,5,27,33,34,35,42,45,46,10,1,17,22,23,25,33,42,45,46,49,8,0,2,7,27,33,34,39,42,12,2,6,19,27,28,29,32,34,39,42,45,49,9,1,2,7,10,27,29,41,45,46,9,2,14,20,26,29,32,34,39,45,10,0,2,8,26,27,32,37,42,45,49,6,2,5,14,34,44,49,11,2,3,8,20,22,23,28,33,41,42,44,9,2,3,5,6,10,17,20,29,35
11,12,14,17,20,22,23,26,27,28,30,34,44,49,12,2,3,8,20,22,26,27,28,30,32,33,37,11,0,5,17,26,27,28,29,37,41,45,49,11,3,7,8,17,22,32,35,42,44,45,46,9,6,8,20,22,23,33,38,44,49,13,1,8,17,22,25,29,35,38,39,42,45,46,49,11,1,2,5,11,17,20,24,27,28,42,45,8,2,23,24,27,33,42,45,46,9,2,7,8,17,18,27,29,41,45,15,2,3,7,8,13,22,23,27,29,34,35,37,42,44,45,11,2,8,18,24,25,27,28,39,42,44,49
12,4,5,8,27,40,10,6,8,17,27,29,30,38,42,44,45,8,1,3,13,22,23,29,32,45,7,1,4,8,17,26,27,29,9,1,8,19,24,27,34,39,42,45,9,2,5,22,27,28,33,40,42,45,11,5,6,13,17,23,28,29,34,44,45,46,7,2,8,22,27,32,39,48,8,1,5,24,27,28,33,42,45,9,0,1,2,23,34,35,39,41,45,6,5,17,19,29,33,43,8,2,3,5,7,22,23,27,44
11,5,2,22,27,32,35,7,2,5,8,17,27,41,45,12,1,2,5,8,23,27,30,31,39,42,45,49,9,5,8,17,22,28,35,44,46,49,8,2,17,23,27,30,31,45,46,8,5,6,22,27,28,29,32,37,7,6,11,17,27,34,42,45,8,7,20,27,33,35,40,45,46,6,3,6,20,22,27,29,8,5,16,27,29,38,39,41,45,9,2,5,6,7,14,29,33,39,45
10,5,3,6,8,27,45,12,0,1,2,3,8,14,17,32,35,44,45,46,10,22,23,26,29,30,33,43,45,46,48,10,0,1,2,10,11,23,27,28,35,44,8,4,5,8,23,27,31,33,34,5,0,22,32,39,45,10,2,5,6,19,26,27,33,35,41,45,7,8,25,26,27,39,46,47,10,2,17,20,27,28,29,42,44,45,49,10,2,14,17,20,23,27,32,39,45,49
9,10,1,8,11,19,26,27,39,42,45,46,9,0,2,5,7,8,23,27,29,44,6,0,1,8,27,29,32,10,2,3,6,17,23,27,38,42,46,49,9,0,2,25,27,29,32,42,45,49,8,14,29,30,32,34,45,46,48,9,5,8,14,20,27,28,34,39,42,10,2,5,6,17,22,33,34,41,44,49,9,1,2,13,17,20,33,35,45,46
15,15,0,1,2,4,8,13,14,17,22,23,25,27,29,37,39,13,2,5,6,7,17,23,27,28,29,33,42,44,45,16,2,4,6,17,19,20,24,26,27,30,34,42,45,46,47,49,14,0,3,8,13,14,17,27,28,29,33,39,45,46,49,9,3,8,17,24,27,28,32,34,44,13,1,2,6,7,8,25,26,27,29,30,34,42,45,13,1,2,3,5,17,24,27,28,29,32,33,34,45,7,2,27,35,41,42,43,44,12,2,5,8,16,17,32,34,35,37,41,42,49,13,2,5,6,8,17,20,22,23,31,32,34,37,45,13,2,3,5,20,28,29,32,34,35,39,42,45,48,10,5,8,17,20,22,23,27,39,41,42,10,1,2,5,8,17,20,42,45,46,49,13,0,2,3,11,17,20,22,23,34,39,41,46,49,11,8,11,17,18,23,25,27,28,34,39,49
5,8,13,27,32,33,42,44,45,49,7,2,5,14,21,23,27,34,10,2,3,8,17,27,28,29,31,34,45,6,0,17,19,26,42,45,6,0,7,17,34,37,45
7,8,1,17,20,27,35,39,41,46,9,2,5,8,23,27,28,42,45,46,8,0,1,2,17,26,27,28,46,11,0,1,5,8,14,22,26,27,34,44,45,9,0,2,6,20,33,34,35,46,49,9,2,5,7,20,21,24,27,35,41,8,1,20,22,23,27,30,34,44
13,14,0,2,3,5,7,8,14,17,27,28,29,41,42,45,14,2,5,8,17,23,25,27,28,29,32,33,34,42,49,10,0,2,5,17,20,26,29,35,45,46,15,2,7,14,17,23,27,28,29,32,34,41,42,44,45,46,15,1,2,6,8,21,22,28,32,33,34,35,39,41,42,43,11,2,3,5,17,20,23,28,29,34,45,49,15,2,6,7,8,14,23,25,26,27,35,38,42,43,45,47,12,2,3,8,17,26,28,30,34,35,42,45,49,13,0,3,5,6,8,22,32,34,39,42,44,45,46,13,1,2,3,5,8,17,20,27,35,39,42,44,45,11,2,3,7,8,22,23,27,28,33,36,45,8,1,11,14,17,19,27,45,49,13,1,2,5,6,8,11,17,27,30,35,39,44,45
9,15,2,3,17,19,22,23,26,27,29,35,37,39,42,44,45,12,2,5,7,8,13,17,27,31,41,45,46,49,11,1,2,3,4,8,14,17,27,29,33,45,13,5,8,17,19,20,26,27,34,39,41,42,44,45,9,2,5,8,22,27,28,29,35,42,13,1,2,6,7,17,25,26,27,29,33,42,46,49,12,2,3,5,7,8,22,23,25,26,35,43,45,12,0,2,3,6,7,16,17,23,27,35,37,44,15,1,7,8,10,17,20,22,23,28,33,34,35,37,39,45
10,7,4,5,27,34,44,45,49,4,8,20,41,43,6,1,17,28,30,44,46,6,2,3,5,8,35,42,3,29,39,45,6,6,8,13,20,45,46,5,0,2,3,32,46,8,2,5,7,20,26,28,42,45,7,7,8,17,24,26,27,34,6,2,24,27,33,42,45
10,11,1,5,23,24,29,30,31,32,34,37,44,13,0,2,3,5,8,22,26,27,34,37,42,45,49,11,0,1,2,5,13,19,20,24,27,41,49,10,2,4,6,20,26,27,29,31,32,34,11,1,23,27,28,31,34,35,36,44,45,49,11,1,2,8,20,22,23,25,27,30,33,45,7,0,1,7,10,20,27,35,10,2,5,21,22,25,26,28,42,45,49,7,2,6,27,28,42,45,49,10,2,5,8,12,14,17,20,34,35,45
7,20,2,3,5,6,8,10,11,17,20,23,24,26,27,28,29,33,34,35,44,45,14,3,7,8,17,19,20,22,29,32,33,39,42,45,46,14,2,8,17,20,22,23,24,28,33,34,36,42,43,45,20,1,2,8,10,11,12,17,22,23,24,26,27,30,34,35,39,42,43,44,45,16,2,8,17,23,26,27,28,32,35,37,39,41,44,45,48,49,9,2,8,25,26,27,35,42,44,45,12,8,17,26,27,29,30,32,34,38,42,45,46
10,8,0,1,2,6,7,29,44,45,7,0,5,8,11,13,17,29,12,3,5,10,14,19,23,26,27,31,42,45,46,11,5,8,23,27,28,29,31,34,38,42,45,9,0,1,4,23,28,29,35,42,49,6,3,24,26,27,42,45,10,2,5,6,23,25,27,29,34,45,46,5,8,26,33,41,45,8,1,2,14,22,23,27,28,45,5,17,27,29,33,44
8,8,2,3,4,5,7,23,33,45,8,3,8,22,23,24,27,39,44,8,23,27,29,33,35,39,44,46,9,1,2,4,8,17,22,24,41,49,9,2,3,7,17,27,33,39,41,45,9,3,5,8,20,23,36,44,45,46,8,1,2,3,23,32,33,35,45,5,0,2,28,42,45
12,10,5,6,17,24,26,28,29,34,42,44,8,1,5,8,10,22,24,27,44,8,2,3,6,17,26,27,35,45,7,5,14,17,19,24,27,45,8,0,1,5,17,29,32,39,46,9,1,2,3,8,11,17,22,27,45,9,0,17,20,22,26,27,33,34,45,6,5,26,27,29,32,44,9,3,8,13,20,28,33,44,45,47,5,5,8,38,42,45,10,1,2,3,17,24,26,28,39,42,49,7,2,17,23,27,28,39,44
7,15,0,2,5,7,14,18,26,27,34,37,38,41,44,45,49,10,6,7,8,14,17,20,34,41,45,46,15,1,8,17,19,20,21,23,27,33,34,39,42,45,46,49,11,0,5,7,20,22,23,24,27,33,46,49,14,0,2,5,7,25,27,28,29,31,32,33,42,45,46,14,5,8,16,20,22,23,25,26,27,41,42,43,46,49,14,1,2,4,8,13,18,20,23,27,32,33,35,42,45
11,14,0,2,3,5,6,8,17,27,28,29,33,34,45,47,16,3,5,6,8,22,24,27,28,29,30,34,35,38,42,44,46,13,2,3,5,8,17,22,24,25,27,34,45,46,48,15,0,1,2,4,10,20,24,27,29,32,34,42,43,44,45,13,0,2,4,8,20,25,26,28,31,33,42,45,49,14,1,4,5,8,26,29,30,34,41,42,43,44,46,49,12,5,8,13,17,20,22,27,28,29,34,42,45,13,2,5,13,17,24,27,28,29,33,34,39,42,45,12,2,3,5,17,22,27,28,29,30,33,34,45,12,2,5,8,13,17,19,27,28,30,33,34,39,12,5,6,7,8,14,23,27,29,33,42,45,46
8,8,3,8,17,23,27,28,33,46,11,0,5,6,8,22,27,30,35,38,44,45,11,2,3,17,23,26,27,28,29,33,45,47,12,1,2,5,10,17,22,25,29,35,39,44,45,11,2,8,14,23,27,30,33,34,44,45,49,9,2,8,22,27,32,38,42,45,49,10,5,8,17,20,27,30,32,37,44,45,9,2,17,19,27,28,29,39,42,45
6,5,8,22,39,44,46,5,2,17,29,39,45,10,1,3,7,8,17,22,34,39,41,45,6,2,5,22,26,33,34,9,3,5,17,19,24,28,41,43,48,8,2,5,6,7,8,35,42,45
7,14,0,2,5,6,19,20,22,32,34,41,42,43,45,46,10,0,2,6,10,22,27,29,34,39,45,11,0,2,5,8,17,20,26,27,34,45,47,7,3,17,22,23,27,39,45,8,17,19,26,27,35,42,44,45,11,0,14,20,27,28,29,33,38,42,44,45,13,3,5,8,14,17,22,23,27,28,33,39,43,45
9,15,1,2,5,6,13,22,23,24,26,29,30,33,42,46,49,8,8,17,22,23,27,29,36,42,16,0,2,3,8,10,12,22,23,27,32,33,34,39,42,44,45,12,1,2,3,5,7,23,27,33,35,42,44,45,9,1,2,8,10,17,22,28,35,45,11,0,2,3,5,6,8,19,41,42,45,46,11,2,3,5,6,8,22,27,34,42,44,45,15,0,1,2,3,5,13,17,20,28,29,33,34,42,45,46,7,5,22,26,27,32,39,49
11,18,0,1,2,3,4,5,10,17,22,25,26,28,29,34,38,42,44,45,9,1,2,3,17,26,27,33,35,46,8,0,2,5,22,28,42,43,45,16,1,2,5,25,26,27,28,32,34,35,37,39,40,44,45,46,12,0,1,8,14,17,18,22,27,28,32,35,45,15,2,4,8,17,24,25,27,28,29,31,35,37,41,42,45,10,3,5,19,20,27,33,35,39,41,45,16,0,2,3,5,6,8,11,17,22,24,27,32,34,42,45,49,13,3,8,17,23,27,28,31,32,35,36,42,45,49,14,1,2,3,8,17,22,25,29,30,32,33,34,35,45,14,0,1,2,4,7,22,28,29,31,33,39,42,44,48
8,16,0,2,8,17,19,22,23,27,31,33,35,39,42,43,45,49,17,2,5,7,8,17,23,27,29,32,33,35,39,41,42,44,45,46,16,0,1,2,3,6,8,10,20,21,27,28,29,34,37,44,46,13,2,3,6,20,24,27,31,32,33,34,35,45,46,12,0,3,5,20,22,27,33,34,42,44,46,49,16,2,3,5,7,8,17,22,26,27,28,29,30,44,45,46,48,14,2,6,8,11,17,20,22,27,29,30,32,39,42,49,16,0,1,2,3,8,17,22,23,28,29,34,41,42,45,46,49
12,9,1,8,17,22,23,26,39,42,45,11,2,5,14,23,26,32,33,38,39,45,49,5,2,6,17,27,49,12,5,8,18,20,23,27,28,39,43,44,45,49,10,2,3,5,10,23,27,28,29,34,49,9,2,5,8,25,27,28,29,45,46,7,2,7,8,27,34,42,44,8,8,17,22,26,35,37,45,46,8,1,8,22,27,32,33,42,49,8,2,5,17,26,27,29,30,49,9,2,8,22,25,27,29,33,45,46,10,0,1,3,8,17,25,27,34,45,46
6,10,0,2,22,27,32,35,39,41,44,46,11,0,5,6,8,17,23,29,31,33,42,45,10,5,24,27,29,30,33,38,41,42,45,5,22,27,28,39,45,10,2,5,23,24,27,32,33,42,45,46,12,1,2,7,8,10,17,31,34,42,44,45,49
12,16,0,1,3,6,8,16,20,22,23,33,34,35,41,43,44,45,14,2,5,10,17,20,27,28,29,32,34,35,39,44,45,10,1,5,10,20,26,27,31,34,44,46,18,3,5,6,8,17,19,20,23,24,27,29,32,33,35,41,43,45,46,16,0,3,11,14,17,20,22,23,26,27,31,33,35,39,46,49,14,2,5,7,8,22,23,24,27,28,30,32,34,35,41,11,0,2,8,11,17,20,23,27,31,34,39,11,8,20,21,26,27,28,34,37,38,39,45,13,1,2,3,17,18,22,23,26,34,35,44,45,46,15,1,2,3,5,22,23,29,34,41,42,44,45,46,48,49,11,2,5,8,17,20,27,34,39,42,43,49,11,1,5,17,25,27,29,34,35,42,45,46
9,14,0,5,8,10,13,17,22,27,31,32,33,35,39,45,11,2,6,13,16,17,28,35,38,42,44,45,8,18,25,27,29,33,34,44,45,8,3,7,8,17,33,39,45,46,12,1,2,5,20,27,33,35,37,41,43,44,49,9,1,5,6,17,25,30,33,42,44,10,3,5,7,8,11,17,22,27,35,44,11,1,5,8,17,22,25,26,27,30,42,45,8,17,24,25,28,29,33,34,49
5,14,1,2,5,8,17,23,27,29,34,35,36,42,45,49,12,2,17,20,24,28,29,33,39,42,43,44,45,15,2,3,8,10,17,27,33,34,37,39,40,42,44,45,49,13,8,13,17,26,27,28,31,32,34,39,42,44,45,14,2,3,5,6,8,22,24,27,28,29,34,35,42,46
9,9,5,6,8,22,24,26,34,45,49,11,1,2,5,16,23,28,33,34,43,48,49,8,2,5,20,29,32,33,34,45,9,3,5,17,18,22,27,33,41,46,9,2,5,17,26,28,31,32,43,45,9,2,3,8,17,26,27,28,33,35,11,3,4,13,16,17,27,29,32,37,42,46,9,2,19,20,27,29,33,34,39,41,9,2,5,11,17,22,33,35,42,45
6,8,0,2,10,22,27,28,33,35,2,5,22,4,1,3,42,45,7,2,24,29,30,33,34,39,6,2,13,17,27,42,46,8,7,8,22,27,28,30,32,34
4,19,0,2,3,5,8,19,20,23,24,26,27,28,29,30,33,34,41,44,45,16,1,2,3,5,6,17,20,21,25,29,33,34,41,42,45,46,15,1,2,3,6,8,23,27,29,31,32,39,40,42,44,45,11,2,3,4,5,17,27,29,30,31,35,46
8,13,1,2,5,17,20,27,28,33,34,39,44,45,49,13,1,2,3,5,8,10,20,27,30,32,34,42,45,13,1,2,4,8,17,22,24,26,32,34,38,44,49,11,2,7,8,20,22,27,29,37,45,48,49,12,0,1,2,5,8,13,17,25,28,29,33,45,12,1,2,8,17,23,24,25,26,27,32,34,45,10,4,5,7,8,23,27,33,43,44,45,10,1,2,7,17,21,33,34,41,44,45
11,9,1,5,8,14,22,27,30,33,44,9,2,3,5,6,13,33,34,41,45,5,22,27,29,44,45,10,0,2,6,8,14,18,28,35,45,49,9,0,2,10,17,24,25,29,34,45,9,2,3,6,8,21,27,34,45,46,6,1,20,39,45,46,49,11,5,6,8,25,26,32,34,44,45,46,48,9,17,20,32,33,38,39,44,45,46,12,0,5,7,8,10,16,23,27,29,35,43,45,9,2,5,8,17,19,25,28,32,45
10,9,7,8,27,35,39,41,42,43,45,8,2,8,11,27,31,32,34,46,8,3,6,23,27,33,34,35,46,10,0,13,14,17,18,22,24,29,33,42,10,2,3,8,17,19,20,26,34,38,46,9,2,17,21,24,27,29,34,42,45,7,2,22,23,27,33,34,42,9,2,4,6,27,34,39,42,44,45,8,4,5,7,17,27,34,35,41,9,4,7,11,13,17,29,30,42,44
9,1,45,2,29,44,4,7,23,33,45,3,3,11,26,3,24,46,49,1,2,1,35,4,5,24,27,46,2,5,8
5,4,23,27,29,46,2,34,43,1,17,4,20,29,35,45,1,42
12,15,1,2,5,13,17,20,22,24,25,27,28,31,34,42,45,16,0,2,3,5,8,23,27,28,30,32,34,41,42,44,45,49,16,1,2,5,7,8,14,17,18,22,23,27,28,34,37,42,45,16,0,2,3,8,11,13,17,24,27,29,35,42,43,44,45,49,15,2,5,14,20,23,27,28,29,32,34,35,39,43,44,45,15,1,2,3,4,5,7,11,20,22,23,27,29,35,45,46,15,3,6,7,8,19,20,22,24,27,29,31,34,43,44,49,13,1,2,3,5,6,7,22,24,27,32,34,38,45,17,1,2,5,8,10,11,17,22,23,27,28,29,33,42,43,44,45,15,2,8,17,18,20,22,26,27,31,32,35,39,42,44,45,14,2,7,8,13,17,22,25,27,29,39,42,45,48,49,15,2,5,8,14,20,22,23,25,27,29,32,34,35,39,45
8,10,2,3,8,18,23,33,42,44,45,46,10,2,5,6,14,24,27,28,43,46,47,9,1,2,8,10,27,39,41,45,46,7,0,3,8,20,26,45,46,7,0,2,10,17,27,42,45,5,3,8,27,42,44,8,2,3,17,26,29,33,46,49,9,3,8,23,25,27,34,35,37,49
12,13,0,5,7,19,27,28,30,34,38,39,40,46,48,16,2,3,5,7,10,17,20,23,27,32,35,38,39,42,44,45,13,2,6,8,17,23,27,29,32,35,42,44,45,49,14,1,2,8,17,18,27,28,29,32,34,39,41,42,48,11,2,6,17,22,27,30,34,42,44,45,49,14,0,6,8,10,17,20,23,27,29,33,34,35,45,46,11,5,8,12,17,22,27,29,30,32,44,45,13,2,4,8,20,23,27,30,33,34,39,44,45,46,14,2,5,8,19,22,27,29,32,33,35,37,42,43,45,14,2,5,8,10,13,17,20,24,25,27,41,42,45,46,14,2,9,17,20,23,24,29,32,34,35,39,43,44,45,10,1,2,6,7,8,17,27,35,45,46
4,1,6,1,44,2,3,6,1,36
3,7,2,3,20,27,34,45,46,12,2,5,11,27,29,34,35,42,43,44,45,46,9,2,8,18,19,23,25,27,44,45
6,12,5,8,17,23,24,25,26,28,29,34,37,47,13,5,7,8,10,19,23,28,34,35,38,39,45,46,11,0,1,8,17,19,24,27,33,34,36,49,14,1,2,3,5,8,17,20,23,26,27,29,35,39,44,8,2,5,10,17,27,34,43,45,14,0,5,7,8,17,20,22,28,29,34,37,42,46,49
12,12,2,5,8,13,22,27,32,34,40,41,43,45,15,1,2,6,7,8,17,23,27,28,29,32,33,34,45,49,13,5,6,7,8,17,23,24,28,33,37,41,45,49,12,5,7,8,20,26,27,29,33,34,42,45,46,17,0,2,3,8,10,17,20,22,25,28,29,33,34,39,42,44,45,13,1,2,3,6,20,22,23,30,32,42,43,45,48,15,2,3,6,7,17,21,22,27,28,34,35,42,44,45,46,9,2,7,8,17,26,27,38,45,46,10,2,4,5,8,17,23,28,30,44,45,11,2,5,8,11,17,25,27,33,34,39,45,13,0,3,17,19,22,28,29,33,34,41,42,45,49,14,3,6,17,20,22,26,27,29,34,35,41,42,45,47
11,15,0,2,5,6,11,17,20,21,22,27,29,34,39,42,45,12,1,2,17,22,26,27,29,33,39,45,46,49,10,2,5,17,20,27,28,34,37,39,44,11,2,3,4,8,24,27,29,30,34,42,45,8,5,22,23,27,30,35,37,45,13,2,3,5,7,8,17,18,24,27,34,44,45,46,12,3,7,17,27,28,29,31,34,41,42,45,46,12,3,4,11,13,25,27,29,35,39,41,46,49,12,2,6,7,17,20,24,26,28,29,43,44,46,14,6,14,17,20,26,34,35,38,41,42,44,45,46,49,13,6,8,13,14,17,21,23,28,32,33,35,39,45
12,8,0,2,6,17,26,27,44,45,11,2,5,9,10,23,27,30,41,42,43,45,12,5,6,8,22,23,27,29,31,44,46,48,49,10,1,5,8,27,28,33,34,39,45,49,11,2,8,17,24,27,28,33,37,39,42,45,9,8,19,20,26,27,33,35,42,46,10,0,1,3,5,6,7,8,20,27,45,10,2,8,17,24,27,33,34,44,45,49,10,2,7,17,23,26,27,28,29,31,33,8,2,3,17,29,30,31,32,45,10,2,5,6,8,23,24,27,34,45,46,7,1,28,29,32,36,37,45
8,9,2,3,4,8,20,27,45,46,49,11,1,2,3,4,17,23,29,32,34,45,46,9,2,3,5,6,8,10,37,44,45,7,2,22,27,38,41,42,46,7,2,5,27,30,34,42,45,6,26,27,29,35,45,46,8,2,6,7,17,21,24,43,45,9,2,5,6,19,22,26,27,28,42
6,9,1,5,6,17,20,26,27,32,49,6,2,5,8,17,26,32,9,1,3,8,27,28,35,42,45,46,7,3,5,22,27,28,45,49,8,22,26,28,29,34,41,45,47,6,0,4,8,27,35,42
8,10,1,2,4,6,7,8,27,34,44,45,12,2,5,8,11,22,27,28,35,40,42,44,45,13,2,6,7,8,13,17,22,23,28,33,34,41,45,12,1,3,11,17,22,23,24,27,28,30,34,45,12,1,2,5,6,7,20,22,23,26,27,28,45,12,2,5,8,28,32,33,34,37,38,39,45,46,11,1,4,8,22,23,32,33,34,37,42,49,13,6,8,10,17,24,27,28,30,33,35,40,42,45
14,13,3,5,8,19,20,23,27,29,38,42,43,45,49,11,6,8,11,17,20,27,28,35,42,45,49,11,2,5,8,26,28,29,30,39,44,45,46,6,2,27,31,33,34,45,11,1,2,5,13,17,22,25,27,32,34,45,11,0,1,7,8,10,23,34,42,44,45,46,12,1,2,3,9,17,19,20,29,32,45,46,49,8,2,8,19,23,25,35,42,46,12,2,4,5,14,22,23,27,29,31,33,45,46,11,2,5,10,17,22,27,29,34,44,45,49,11,5,20,21,27,28,33,34,39,41,45,49,12,0,2,5,17,23,27,29,33,42,44,45,49,11,1,5,8,14,17,19,27,29,42,44,45,11,0,2,5,8,14,23,25,27,37,42,44
6,6,4,7,17,20,42,45,13,3,7,8,23,26,27,30,39,41,42,44,45,49,8,2,19,23,27,37,42,44,49,13,2,3,5,8,11,22,27,29,31,33,34,42,45,12,2,10,14,17,19,20,27,32,33,37,44,46,12,2,3,4,5,8,19,22,33,39,42,44,45
15,9,1,2,8,17,23,27,28,34,49,12,2,16,20,22,27,28,34,39,40,42,45,46,10,0,5,8,17,20,26,27,34,39,47,9,2,6,17,22,27,29,34,39,44,9,2,8,17,26,27,29,33,39,49,9,0,1,11,17,28,35,42,45,48,7,8,22,24,27,28,34,42,7,0,2,4,25,28,40,45,12,2,3,8,17,18,20,24,25,27,28,33,38,6,3,5,27,34,45,47,8,1,5,17,24,25,42,45,49,12,1,2,7,17,18,23,24,27,28,29,41,45,9,8,17,26,27,29,33,35,41,45,9,3,7,8,10,23,32,33,34,49,7,1,23,28,30,31,42,45
6,8,2,3,5,8,22,29,42,45,9,3,19,22,27,28,33,34,35,45,5,3,26,29,33,46,5,2,5,17,27,41,3,25,39,45,7,2,7,8,11,21,27,42
12,8,1,20,24,25,26,37,46,49,10,6,7,8,22,23,33,34,45,46,47,9,6,7,8,19,29,39,42,43,45,11,2,3,7,14,17,24,27,34,35,45,46,8,2,19,27,29,33,36,39,45,8,3,6,17,27,29,32,35,40,9,2,5,7,13,22,32,34,45,46,9,8,13,17,18,20,23,34,42,49,7,2,8,25,27,29,42,47,8,0,8,10,11,17,33,34,45,5,1,5,21,45,49,6,8,19,22,27,42,45
6,7,1,7,8,17,27,33,34,9,2,5,7,25,27,33,42,45,46,7,1,3,7,17,29,32,34,9,1,2,8,17,25,27,32,34,44,8,17,21,27,29,32,35,42,44,8,8,17,29,32,43,44,45,49
14,25,1,2,3,5,6,9,13,14,20,25,26,28,29,30,32,33,37,39,41,42,44,45,46,48,49,20,0,2,5,6,7,8,17,19,20,22,26,27,28,29,30,33,38,42,44,45,21,2,3,4,5,8,17,19,22,23,26,27,29,30,33,34,35,38,41,44,45,46,20,0,1,2,3,5,6,8,17,22,23,25,27,32,34,39,41,42,44,45,46,21,0,2,3,5,7,8,10,17,23,24,25,26,28,29,33,34,35,37,41,45,49,17,0,2,3,5,8,17,22,23,24,27,29,34,35,41,44,45,46,21,0,2,3,4,5,17,22,23,27,29,30,31,32,33,34,39,42,44,45,46,47,16,1,2,4,7,8,17,20,22,23,27,28,30,32,34,44,45,21,0,1,2,3,4,7,8,11,17,20,26,27,29,33,34,35,39,42,44,45,46,16,0,3,5,6,8,10,17,20,27,28,31,33,35,45,46,49,15,0,1,2,3,8,13,14,20,24,27,28,29,35,44,45,19,0,1,2,5,8,10,17,22,23,24,27,28,29,33,38,39,42,46,49,20,1,2,3,5,7,8,17,20,23,25,27,28,30,34,41,42,43,44,45,48,24,0,1,2,3,5,6,7,8,17,20,23,24,27,29,30,34,35,38,41,42,43,44,45,47
6,5,0,2,23,24,29,8,3,5,8,23,27,33,35,43,3,8,42,45,6,2,5,8,26,27,34,6,3,8,24,27,35,45,5,22,23,25,42,45
8,12,2,5,7,17,22,25,26,27,30,33,42,45,13,1,2,3,20,22,23,27,28,29,39,40,41,44,9,1,17,26,30,33,35,42,44,45,17,0,5,8,17,19,22,23,27,29,33,34,35,37,41,44,45,49,7,13,17,20,24,34,42,45,12,1,5,7,17,23,25,26,27,29,32,33,48,11,5,8,23,24,27,32,35,42,45,46,49,11,1,3,6,17,18,27,29,30,34,45,46
11,14,0,2,6,8,22,27,28,33,34,35,39,42,46,49,9,1,5,7,13,23,35,37,42,45,12,0,2,7,17,23,24,27,29,30,34,45,46,13,2,5,16,20,22,25,27,29,34,35,39,41,45,9,1,2,20,22,28,32,44,45,46,15,1,3,6,20,22,24,28,29,33,34,35,42,44,45,49,12,2,8,10,13,23,25,27,28,39,42,45,46,12,2,6,20,26,27,28,30,33,34,42,43,45,14,0,1,2,3,5,17,18,19,22,25,26,27,29,34,10,2,3,14,16,17,20,27,29,30,45,8,2,6,8,23,29,33,34,45
7,7,7,22,33,41,42,44,45,10,3,5,28,30,35,39,40,44,45,46,9,0,1,2,3,8,27,35,42,45,13,2,3,5,10,20,28,31,32,33,34,44,45,49,9,2,3,5,7,19,29,30,44,45,12,2,6,8,11,22,24,27,28,39,42,45,46,10,5,6,7,17,19,20,27,29,35,46
6,15,0,5,8,17,24,26,27,28,29,32,33,34,42,45,49,16,0,1,2,3,7,8,17,22,26,27,29,30,34,35,37,39,16,0,1,5,8,14,17,20,26,27,29,33,34,39,42,45,49,12,0,2,8,17,20,23,24,27,28,34,39,45,17,1,2,3,5,6,8,11,17,23,27,28,34,35,43,45,46,49,14,0,8,10,23,24,27,28,29,32,33,34,41,42,45
9,8,1,5,20,23,27,34,41,44,3,3,27,42,12,0,11,17,18,19,24,26,27,29,42,45,49,10,5,7,8,15,20,21,27,29,35,45,6,8,20,32,33,39,46,4,29,33,45,46,9,2,7,17,38,41,42,45,46,48,9,8,11,17,18,27,35,42,44,45,11,3,8,19,22,23,27,33,35,39,41,49
1,1,16
14,15,1,2,5,6,7,8,20,22,23,26,27,39,41,43,45,10,0,5,22,23,24,29,33,45,46,49,12,8,17,22,23,27,30,35,41,42,43,44,49,10,1,2,3,6,17,23,27,28,42,46,14,3,4,8,17,20,22,23,24,27,32,35,41,45,49,13,0,2,3,4,5,17,20,22,34,39,42,44,46,15,2,5,6,7,8,19,27,31,32,34,35,42,44,45,46,16,2,6,7,8,16,17,18,20,22,27,29,30,42,43,44,46,17,2,7,17,20,22,24,26,27,28,33,34,35,39,42,44,45,49,11,1,2,5,8,17,18,20,22,33,42,45,13,2,3,8,17,24,27,29,30,33,41,45,46,49,13,2,13,14,17,19,20,23,27,33,39,45,46,49,11,3,10,17,19,20,27,33,35,41,45,46,14,2,3,5,13,20,29,30,33,34,40,42,43,44,45
8,6,5,17,22,32,46,49,5,10,24,27,45,46,6,0,2,23,32,33,42,6,2,27,30,42,44,49,7,6,8,23,27,41,42,49,2,34,45,9,1,2,22,24,27,34,35,44,45,5,2,3,8,17,27
5,3,5,22,32,2,27,33,1,46,1,35,1,45
11,10,0,1,2,17,27,29,33,34,42,45,7,5,14,17,20,29,34,45,9,2,4,5,10,17,20,23,29,42,13,1,3,6,19,20,23,27,29,34,35,37,43,45,9,6,8,14,17,24,30,34,39,44,7,4,8,17,27,30,39,45,7,4,7,8,22,31,33,45,7,17,20,26,27,28,34,45,10,0,2,5,7,8,13,23,26,32,35,9,7,17,27,28,29,33,39,42,46,9,0,1,8,22,26,29,32,39,45
