36,2,3,39,2,8,45,1,7,1,41,2,11,42,3,5,8,39,3,27,34,39,3,35,46,49,4,29,31,41,46,2,2,29,1,8,1,28,3,2,6,45,1,32,1,6,2,5,32,3,14,23,45,1,27,3,8,29,45,2,2,8,2,22,42,3,28,34,46,4,17,34,41,46,2,2,11,5,4,5,11,28,32,1,4,2,17,45,3,2,10,32,1,27,3,17,33,45,4,2,27,34,39,1,29,2,44,45,2,22,42,1,29,3,2,27,39
32,5,18,28,29,42,45,3,17,27,42,3,20,44,48,3,27,28,44,3,2,28,32,1,8,5,8,25,26,34,45,3,6,7,39,2,5,28,5,5,7,27,34,39,3,0,3,41,4,4,26,27,45,3,2,7,45,2,2,29,3,25,28,34,4,3,34,42,49,3,20,28,33,3,5,13,27,3,1,8,22,2,8,33,3,2,5,42,3,2,22,24,5,24,26,27,32,33,4,13,29,39,42,1,4,1,44,4,17,27,31,34,3,17,28,45,2,14,29,1,30,3,1,2,39,3,20,31,37
38,3,1,17,27,6,2,7,8,27,30,45,4,2,27,37,39,4,7,33,44,45,4,2,22,26,45,3,27,42,44,3,22,39,49,2,28,42,3,8,27,44,5,20,28,29,35,49,1,42,3,20,29,33,3,20,44,46,4,2,5,29,42,2,17,34,4,24,41,44,45,3,2,28,35,2,2,17,1,33,3,6,8,17,4,1,8,25,41,3,8,41,43,1,23,6,7,18,25,27,29,48,3,10,17,27,2,2,3,5,2,3,8,42,45,8,0,8,22,27,29,34,42,45,2,14,42,4,5,8,28,45,2,19,46,3,2,23,41,3,8,13,26,2,6,23,3,2,27,46,2,19,44,2,24,45,4,1,28,42,45
31,2,29,45,3,30,32,34,2,8,45,6,2,8,34,39,45,46,2,2,23,2,26,27,2,44,45,2,20,45,3,3,27,34,2,17,45,1,17,2,22,49,2,2,45,3,2,32,42,2,22,41,1,20,2,29,33,2,27,29,4,2,6,22,45,1,17,3,4,14,17,1,42,1,22,1,2,4,5,24,28,48,2,6,14,3,0,2,5,3,0,17,46,2,33,42,2,5,43,3,19,27,45
19,2,46,49,2,19,27,3,0,8,20,2,28,45,3,23,34,42,4,2,26,29,45,4,6,22,27,34,3,1,2,33,3,3,11,41,3,10,27,31,2,0,33,2,17,42,2,28,29,1,8,2,28,35,1,5,1,33,2,2,27,1,2
23,1,27,1,45,3,5,11,28,1,29,1,0,1,29,1,27,1,2,1,5,1,4,1,27,1,17,1,5,1,33,1,42,2,17,42,2,17,28,2,20,23,2,5,35,1,32,2,8,22,3,17,37,45,1,42
25,2,28,29,5,17,27,33,39,44,3,3,5,42,4,27,28,32,45,3,13,22,35,3,3,34,39,1,39,3,22,30,42,5,1,2,22,33,34,3,8,23,33,5,23,27,43,44,45,2,27,39,3,26,44,45,1,2,3,0,7,45,3,2,25,34,3,27,33,45,1,7,4,5,17,21,22,2,25,28,3,27,28,44,3,2,17,31,5,3,6,27,45,46,1,34,4,8,17,24,34
21,2,17,19,1,27,1,34,1,30,1,27,2,0,17,2,1,6,1,24,1,22,1,45,1,0,2,3,34,1,37,1,27,1,44,1,31,1,37,2,0,27,2,8,17,3,2,20,35,1,20
23,5,0,2,27,38,46,1,42,2,5,42,1,45,1,27,1,0,1,1,2,2,27,3,2,27,46,2,33,35,1,27,1,27,1,27,1,1,3,7,17,42,1,20,1,1,1,2,2,8,24,1,42,2,28,29,2,1,39,2,16,17
16,2,17,41,1,6,3,1,4,46,2,17,42,1,27,1,5,2,8,44,1,49,1,5,1,49,1,3,1,17,2,5,41,2,20,29,1,26,1,7
30,3,2,8,49,4,0,22,26,27,2,0,42,3,8,39,46,1,20,3,2,8,42,3,2,5,34,2,3,27,2,27,35,1,45,2,13,45,2,17,30,3,6,11,49,2,2,44,1,45,2,8,28,5,20,23,28,29,42,1,6,2,14,32,1,35,1,36,1,46,3,20,27,29,2,42,45,2,17,46,1,2,2,27,41,1,5,3,27,29,44,4,3,11,24,25
27,2,28,45,2,39,44,2,8,45,3,17,24,27,2,1,17,1,34,5,3,8,22,35,48,1,0,2,17,33,2,5,41,1,39,3,4,5,27,1,39,2,2,14,2,35,42,1,29,1,49,2,2,41,1,42,1,32,3,5,29,45,4,2,17,29,33,2,20,23,4,5,6,8,37,2,17,49,2,8,29,3,8,42,45
25,3,6,19,38,3,5,17,44,2,28,43,1,28,3,28,39,44,1,2,1,34,2,25,41,3,14,33,44,2,4,5,2,5,31,4,3,42,44,46,2,37,46,2,22,45,1,33,3,2,8,17,1,35,2,29,33,3,0,2,29,3,27,34,42,3,4,17,27,2,2,25,2,6,28,1,8,1,8
28,4,1,17,28,34,1,28,4,17,23,42,45,3,2,17,45,2,33,46,1,17,4,2,20,27,33,2,35,38,1,17,7,14,27,28,29,42,44,46,1,6,1,20,3,0,25,39,3,2,20,22,2,17,34,4,2,17,27,35,3,13,17,45,3,8,22,27,6,8,19,22,24,27,45,2,22,28,3,6,28,39,3,1,23,34,2,7,40,4,3,5,35,39,6,1,4,6,19,37,49,2,2,42,3,8,23,32,3,34,45,46
34,3,5,32,44,5,2,30,33,39,45,3,5,17,32,4,20,34,37,43,3,5,27,34,4,0,27,28,46,3,13,41,45,5,5,8,24,27,45,5,19,33,34,39,45,7,7,8,20,22,27,29,46,2,23,35,5,1,15,17,39,45,4,14,17,34,42,4,17,25,42,45,4,2,23,44,45,6,5,10,17,27,28,33,3,1,3,7,4,5,8,24,29,5,2,5,6,37,43,4,17,27,33,44,4,2,5,29,44,4,3,19,29,47,4,1,8,34,35,2,1,18,4,1,8,27,45,4,5,8,19,27,2,27,30,6,0,3,26,29,30,42,3,33,45,46,4,5,28,34,35,2,17,45,3,0,27,29,4,8,23,46,49,4,1,6,22,27
29,1,1,1,3,2,32,33,2,2,22,2,23,34,5,0,8,24,33,34,4,5,8,17,27,3,17,28,41,5,20,27,35,45,46,3,5,7,27,3,2,34,46,8,2,4,5,17,20,23,27,33,2,45,49,4,0,17,20,45,3,1,8,41,5,29,30,35,41,42,3,8,25,45,3,2,5,33,2,29,45,3,7,45,46,1,3,3,17,37,45,2,0,33,5,8,17,27,34,35,4,0,20,23,28,2,33,39,5,1,7,17,42,45,2,2,34,2,43,45
36,4,2,7,27,46,2,31,46,2,1,22,2,26,45,2,29,38,3,2,6,34,1,1,2,27,49,1,24,2,17,22,5,8,17,22,45,46,2,2,25,1,8,2,5,27,2,5,45,2,20,46,4,8,17,29,32,3,19,34,46,2,45,49,2,8,27,2,3,17,2,34,46,3,25,33,45,3,14,22,32,3,5,8,17,2,5,42,2,8,29,1,34,2,1,28,3,23,29,44,2,20,34,1,2,2,27,39,1,2,2,17,42,2,8,24
23,4,17,28,45,46,2,14,26,1,17,3,8,35,45,2,5,44,3,24,34,45,1,33,1,34,1,5,3,17,20,29,1,7,2,17,39,1,2,2,22,24,2,22,27,2,0,7,1,29,2,34,44,1,8,3,17,25,49,4,17,33,42,45,2,23,27,3,22,26,39
17,2,1,24,1,45,1,2,1,19,3,2,26,30,1,39,2,26,39,1,6,1,20,1,30,1,17,2,5,45,2,36,41,1,23,1,27,1,49,3,25,34,45
30,2,33,45,2,28,30,4,3,17,44,46,1,29,2,2,45,2,20,32,2,1,42,1,34,2,27,33,1,42,2,8,33,1,33,1,42,1,44,1,14,1,8,5,5,32,34,45,49,1,26,4,2,3,20,27,3,32,35,42,2,6,8,2,33,34,1,30,2,7,45,1,8,2,33,45,4,3,6,27,45,4,7,34,45,49,2,1,22,3,23,27,33
26,2,14,27,1,39,3,32,34,35,1,17,1,4,2,34,42,2,22,33,1,27,3,1,27,29,2,5,49,2,19,27,3,27,37,46,1,17,3,2,34,46,2,3,33,3,27,29,40,3,2,5,27,1,43,2,2,27,2,20,27,1,17,2,17,35,1,44,2,27,34,3,0,4,35,1,28
18,1,39,2,27,30,1,45,1,45,2,41,45,1,27,1,17,1,6,1,27,1,46,1,35,2,7,14,1,39,1,2,2,27,32,1,46,2,8,27,1,45
23,1,5,1,33,1,46,2,3,24,1,45,3,27,42,45,1,17,1,2,1,17,1,24,1,7,1,7,1,27,1,35,1,2,2,2,29,1,44,2,11,28,2,24,45,2,17,25,1,27,1,24,2,11,28
31,3,1,17,43,2,29,46,2,0,35,5,2,7,22,31,39,2,14,42,5,5,8,16,23,49,1,20,3,19,34,45,6,2,5,14,27,32,38,5,1,3,17,28,45,4,8,25,42,45,2,3,29,3,22,29,42,3,5,17,35,2,0,42,2,3,27,5,8,14,17,32,37,4,17,27,30,42,3,2,28,34,2,26,27,3,2,7,33,2,1,17,2,1,20,4,18,34,35,45,4,28,33,48,49,3,22,23,34,1,6,6,5,17,29,39,43,45,2,17,30,3,29,33,34,2,8,32
25,1,32,2,25,45,2,32,49,1,27,2,45,49,1,42,2,28,37,2,43,49,4,2,8,17,43,4,17,24,27,29,1,33,2,17,46,2,1,27,1,27,2,14,30,2,27,44,2,23,28,1,49,1,45,3,27,45,46,5,17,22,23,43,46,2,5,42,1,44,2,5,22,2,1,8
36,4,6,8,17,34,4,7,23,42,43,2,2,13,4,1,10,23,45,6,2,6,20,23,35,45,6,14,30,39,42,43,45,2,17,39,7,6,7,19,20,39,40,45,5,2,5,6,10,19,5,7,8,23,33,39,6,17,18,29,41,45,46,6,7,8,27,33,45,49,5,1,3,13,33,42,5,2,3,5,7,41,6,7,8,25,27,29,34,7,6,7,17,23,32,39,45,5,8,29,30,33,45,3,1,5,16,5,20,25,27,35,48,5,1,5,17,30,45,5,6,26,27,34,45,7,5,17,21,26,27,42,45,11,8,17,20,23,24,25,27,29,31,33,45,5,13,26,32,35,45,4,2,3,14,26,3,20,43,49,4,28,32,34,44,5,20,22,23,44,45,5,1,2,4,17,29,2,3,24,9,2,7,8,21,26,35,42,43,45,6,1,6,20,42,44,45,5,17,29,34,45,49,5,8,17,27,44,46,2,3,23,5,28,41,42,44,45
43,5,8,22,26,27,41,1,30,3,6,17,34,4,8,10,23,45,4,5,22,27,42,8,5,6,24,26,33,41,44,45,5,2,29,43,46,49,1,2,2,2,30,1,10,2,8,33,2,44,46,1,34,5,5,27,28,33,35,3,2,19,41,2,4,42,2,8,35,6,2,8,22,33,44,49,2,27,42,2,34,39,3,6,8,22,1,45,3,6,27,34,3,8,35,46,3,6,34,38,1,8,1,39,2,34,37,2,17,42,4,1,5,29,45,3,3,28,45,3,20,39,46,6,6,7,32,35,43,45,1,17,6,5,7,18,22,24,46,2,8,27,4,1,17,27,29,5,17,37,38,44,45,4,17,33,41,45,5,7,17,27,30,35,3,0,2,3,3,5,32,36,3,2,5,33
30,3,7,27,45,4,27,28,44,45,2,27,43,2,43,49,1,27,3,3,27,42,2,27,45,2,17,32,4,27,34,45,46,3,2,20,41,2,17,45,2,18,27,1,25,1,8,1,20,2,2,23,1,2,1,2,1,27,2,27,28,1,49,3,4,5,8,3,6,14,45,2,27,43,2,23,45,4,20,24,29,45,5,3,29,32,33,45,2,7,24,2,17,41,1,45
32,4,24,27,28,45,4,8,24,27,34,5,1,17,18,22,28,4,5,8,11,45,6,23,27,28,45,47,49,4,22,23,39,41,4,8,27,29,44,6,27,28,29,34,42,43,3,17,20,32,4,2,29,42,45,2,32,46,2,23,39,4,24,35,41,45,4,16,27,34,45,3,2,7,33,3,2,4,5,4,10,17,18,19,4,26,28,32,41,3,8,22,32,6,0,1,7,27,39,41,4,0,33,39,45,5,1,4,17,44,49,5,2,5,8,21,27,7,13,19,20,27,32,33,42,2,27,45,3,27,28,44,8,1,5,8,22,23,33,41,45,3,17,27,39,1,29,4,5,28,29,31,6,2,10,20,28,29,45,3,2,8,27
29,5,19,23,27,29,42,4,2,5,34,35,4,28,31,32,45,2,13,39,4,2,26,45,46,5,3,20,23,24,49,4,2,22,27,35,4,2,17,41,43,3,2,8,33,6,3,6,11,28,39,45,4,3,7,41,49,4,5,8,34,49,2,42,44,6,8,27,29,34,45,49,2,29,48,3,8,22,46,2,1,28,6,5,24,28,29,33,48,5,2,5,10,29,42,5,2,17,24,33,45,5,6,27,39,43,47,5,20,24,27,32,35,3,2,8,23,3,24,39,42,2,6,23,5,2,8,27,30,33,6,7,8,17,31,39,42,3,2,22,43,4,2,8,17,27
25,3,6,28,45,3,2,27,33,3,7,23,45,3,2,8,44,6,1,3,17,26,27,42,4,1,2,32,46,6,3,5,6,8,34,44,3,6,8,45,3,2,3,20,3,7,27,45,1,17,2,27,45,5,3,14,17,27,46,6,3,7,8,20,28,35,2,3,27,4,5,8,23,27,8,8,10,32,33,34,42,45,49,3,7,22,46,3,4,34,42,4,5,17,42,45,9,1,2,5,17,28,29,42,45,47,2,17,29,2,8,35,4,7,8,19,28,6,19,23,33,35,46,49
