36,2,3,39,2,8,45,1,7,1,41,2,11,42,3,5,8,39,3,27,34,39,3,35,46,49,4,29,31,41,46,2,2,29,1,8,1,28,3,2,6,45,1,32,1,6,2,5,32,3,14,23,45,1,27,3,8,29,45,2,2,8,2,22,42,3,28,34,46,4,17,34,41,46,2,2,11,5,4,5,11,28,32,1,4,2,17,45,3,2,10,32,1,27,3,17,33,45,4,2,27,34,39,1,29,2,44,45,2,22,42,1,29,3,2,27,39
32,5,18,28,29,42,45,3,17,27,42,3,20,44,48,3,27,28,44,3,2,28,32,1,8,5,8,25,26,34,45,3,6,7,39,2,5,28,5,5,7,27,34,39,3,0,3,41,4,4,26,27,45,3,2,7,45,2,2,29,3,25,28,34,4,3,34,42,49,3,20,28,33,3,5,13,27,3,1,8,22,2,8,33,3,2,5,42,3,2,22,24,5,24,26,27,32,33,4,13,29,39,42,1,4,1,44,4,17,27,31,34,3,17,28,45,2,14,29,1,30,3,1,2,39,3,20,31,37
38,3,1,17,27,6,2,7,8,27,30,45,4,2,27,37,39,4,7,33,44,45,4,2,22,26,45,3,27,42,44,3,22,39,49,2,28,42,3,8,27,44,5,20,28,29,35,49,1,42,3,20,29,33,3,20,44,46,4,2,5,29,42,2,17,34,4,24,41,44,45,3,2,28,35,2,2,17,1,33,3,6,8,17,4,1,8,25,41,3,8,41,43,1,23,6,7,18,25,27,29,48,3,10,17,27,2,2,3,5,2,3,8,42,45,8,0,8,22,27,29,34,42,45,2,14,42,4,5,8,28,45,2,19,46,3,2,23,41,3,8,13,26,2,6,23,3,2,27,46,2,19,44,2,24,45,4,1,28,42,45
31,2,29,45,3,30,32,34,2,8,45,6,2,8,34,39,45,46,2,2,23,2,26,27,2,44,45,2,20,45,3,3,27,34,2,17,45,1,17,2,22,49,2,2,45,3,2,32,42,2,22,41,1,20,2,29,33,2,27,29,4,2,6,22,45,1,17,3,4,14,17,1,42,1,22,1,2,4,5,24,28,48,2,6,14,3,0,2,5,3,0,17,46,2,33,42,2,5,43,3,19,27,45
19,2,46,49,2,19,27,3,0,8,20,2,28,45,3,23,34,42,4,2,26,29,45,4,6,22,27,34,3,1,2,33,3,3,11,41,3,10,27,31,2,0,33,2,17,42,2,28,29,1,8,2,28,35,1,5,1,33,2,2,27,1,2
23,1,27,1,45,3,5,11,28,1,29,1,0,1,29,1,27,1,2,1,5,1,4,1,27,1,17,1,5,1,33,1,42,2,17,42,2,17,28,2,20,23,2,5,35,1,32,2,8,22,3,17,37,45,1,42
25,2,28,29,5,17,27,33,39,44,3,3,5,42,4,27,28,32,45,3,13,22,35,3,3,34,39,1,39,3,22,30,42,5,1,2,22,33,34,3,8,23,33,5,23,27,43,44,45,2,27,39,3,26,44,45,1,2,3,0,7,45,3,2,25,34,3,27,33,45,1,7,4,5,17,21,22,2,25,28,3,27,28,44,3,2,17,31,5,3,6,27,45,46,1,34,4,8,17,24,34
21,2,17,19,1,27,1,34,1,30,1,27,2,0,17,2,1,6,1,24,1,22,1,45,1,0,2,3,34,1,37,1,27,1,44,1,31,1,37,2,0,27,2,8,17,3,2,20,35,1,20
23,5,0,2,27,38,46,1,42,2,5,42,1,45,1,27,1,0,1,1,2,2,27,3,2,27,46,2,33,35,1,27,1,27,1,27,1,1,3,7,17,42,1,20,1,1,1,2,2,8,24,1,42,2,28,29,2,1,39,2,16,17
16,2,17,41,1,6,3,1,4,46,2,17,42,1,27,1,5,2,8,44,1,49,1,5,1,49,1,3,1,17,2,5,41,2,20,29,1,26,1,7
30,3,2,8,49,4,0,22,26,27,2,0,42,3,8,39,46,1,20,3,2,8,42,3,2,5,34,2,3,27,2,27,35,1,45,2,13,45,2,17,30,3,6,11,49,2,2,44,1,45,2,8,28,5,20,23,28,29,42,1,6,2,14,32,1,35,1,36,1,46,3,20,27,29,2,42,45,2,17,46,1,2,2,27,41,1,5,3,27,29,44,4,3,11,24,25
27,2,28,45,2,39,44,2,8,45,3,17,24,27,2,1,17,1,34,5,3,8,22,35,48,1,0,2,17,33,2,5,41,1,39,3,4,5,27,1,39,2,2,14,2,35,42,1,29,1,49,2,2,41,1,42,1,32,3,5,29,45,4,2,17,29,33,2,20,23,4,5,6,8,37,2,17,49,2,8,29,3,8,42,45
25,3,6,19,38,3,5,17,44,2,28,43,1,28,3,28,39,44,1,2,1,34,2,25,41,3,14,33,44,2,4,5,2,5,31,4,3,42,44,46,2,37,46,2,22,45,1,33,3,2,8,17,1,35,2,29,33,3,0,2,29,3,27,34,42,3,4,17,27,2,2,25,2,6,28,1,8,1,8
28,4,1,17,28,34,1,28,4,17,23,42,45,3,2,17,45,2,33,46,1,17,4,2,20,27,33,2,35,38,1,17,7,14,27,28,29,42,44,46,1,6,1,20,3,0,25,39,3,2,20,22,2,17,34,4,2,17,27,35,3,13,17,45,3,8,22,27,6,8,19,22,24,27,45,2,22,28,3,6,28,39,3,1,23,34,2,7,40,4,3,5,35,39,6,1,4,6,19,37,49,2,2,42,3,8,23,32,3,34,45,46
34,3,5,32,44,5,2,30,33,39,45,3,5,17,32,4,20,34,37,43,3,5,27,34,4,0,27,28,46,3,13,41,45,5,5,8,24,27,45,5,19,33,34,39,45,7,7,8,20,22,27,29,46,2,23,35,5,1,15,17,39,45,4,14,17,34,42,4,17,25,42,45,4,2,23,44,45,6,5,10,17,27,28,33,3,1,3,7,4,5,8,24,29,5,2,5,6,37,43,4,17,27,33,44,4,2,5,29,44,4,3,19,29,47,4,1,8,34,35,2,1,18,4,1,8,27,45,4,5,8,19,27,2,27,30,6,0,3,26,29,30,42,3,33,45,46,4,5,28,34,35,2,17,45,3,0,27,29,4,8,23,46,49,4,1,6,22,27
29,1,1,1,3,2,32,33,2,2,22,2,23,34,5,0,8,24,33,34,4,5,8,17,27,3,17,28,41,5,20,27,35,45,46,3,5,7,27,3,2,34,46,8,2,4,5,17,20,23,27,33,2,45,49,4,0,17,20,45,3,1,8,41,5,29,30,35,41,42,3,8,25,45,3,2,5,33,2,29,45,3,7,45,46,1,3,3,17,37,45,2,0,33,5,8,17,27,34,35,4,0,20,23,28,2,33,39,5,1,7,17,42,45,2,2,34,2,43,45
36,4,2,7,27,46,2,31,46,2,1,22,2,26,45,2,29,38,3,2,6,34,1,1,2,27,49,1,24,2,17,22,5,8,17,22,45,46,2,2,25,1,8,2,5,27,2,5,45,2,20,46,4,8,17,29,32,3,19,34,46,2,45,49,2,8,27,2,3,17,2,34,46,3,25,33,45,3,14,22,32,3,5,8,17,2,5,42,2,8,29,1,34,2,1,28,3,23,29,44,2,20,34,1,2,2,27,39,1,2,2,17,42,2,8,24
23,4,17,28,45,46,2,14,26,1,17,3,8,35,45,2,5,44,3,24,34,45,1,33,1,34,1,5,3,17,20,29,1,7,2,17,39,1,2,2,22,24,2,22,27,2,0,7,1,29,2,34,44,1,8,3,17,25,49,4,17,33,42,45,2,23,27,3,22,26,39
17,2,1,24,1,45,1,2,1,19,3,2,26,30,1,39,2,26,39,1,6,1,20,1,30,1,17,2,5,45,2,36,41,1,23,1,27,1,49,3,25,34,45
30,2,33,45,2,28,30,4,3,17,44,46,1,29,2,2,45,2,20,32,2,1,42,1,34,2,27,33,1,42,2,8,33,1,33,1,42,1,44,1,14,1,8,5,5,32,34,45,49,1,26,4,2,3,20,27,3,32,35,42,2,6,8,2,33,34,1,30,2,7,45,1,8,2,33,45,4,3,6,27,45,4,7,34,45,49,2,1,22,3,23,27,33
26,2,14,27,1,39,3,32,34,35,1,17,1,4,2,34,42,2,22,33,1,27,3,1,27,29,2,5,49,2,19,27,3,27,37,46,1,17,3,2,34,46,2,3,33,3,27,29,40,3,2,5,27,1,43,2,2,27,2,20,27,1,17,2,17,35,1,44,2,27,34,3,0,4,35,1,28
18,1,39,2,27,30,1,45,1,45,2,41,45,1,27,1,17,1,6,1,27,1,46,1,35,2,7,14,1,39,1,2,2,27,32,1,46,2,8,27,1,45
23,1,5,1,33,1,46,2,3,24,1,45,3,27,42,45,1,17,1,2,1,17,1,24,1,7,1,7,1,27,1,35,1,2,2,2,29,1,44,2,11,28,2,24,45,2,17,25,1,27,1,24,2,11,28
31,3,1,17,43,2,29,46,2,0,35,5,2,7,22,31,39,2,14,42,5,5,8,16,23,49,1,20,3,19,34,45,6,2,5,14,27,32,38,5,1,3,17,28,45,4,8,25,42,45,2,3,29,3,22,29,42,3,5,17,35,2,0,42,2,3,27,5,8,14,17,32,37,4,17,27,30,42,3,2,28,34,2,26,27,3,2,7,33,2,1,17,2,1,20,4,18,34,35,45,4,28,33,48,49,3,22,23,34,1,6,6,5,17,29,39,43,45,2,17,30,3,29,33,34,2,8,32
25,1,32,2,25,45,2,32,49,1,27,2,45,49,1,42,2,28,37,2,43,49,4,2,8,17,43,4,17,24,27,29,1,33,2,17,46,2,1,27,1,27,2,14,30,2,27,44,2,23,28,1,49,1,45,3,27,45,46,5,17,22,23,43,46,2,5,42,1,44,2,5,22,2,1,8
36,4,6,8,17,34,4,7,23,42,43,2,2,13,4,1,10,23,45,6,2,6,20,23,35,45,6,14,30,39,42,43,45,2,17,39,7,6,7,19,20,39,40,45,5,2,5,6,10,19,5,7,8,23,33,39,6,17,18,29,41,45,46,6,7,8,27,33,45,49,5,1,3,13,33,42,5,2,3,5,7,41,6,7,8,25,27,29,34,7,6,7,17,23,32,39,45,5,8,29,30,33,45,3,1,5,16,5,20,25,27,35,48,5,1,5,17,30,45,5,6,26,27,34,45,7,5,17,21,26,27,42,45,11,8,17,20,23,24,25,27,29,31,33,45,5,13,26,32,35,45,4,2,3,14,26,3,20,43,49,4,28,32,34,44,5,20,22,23,44,45,5,1,2,4,17,29,2,3,24,9,2,7,8,21,26,35,42,43,45,6,1,6,20,42,44,45,5,17,29,34,45,49,5,8,17,27,44,46,2,3,23,5,28,41,42,44,45
43,5,8,22,26,27,41,1,30,3,6,17,34,4,8,10,23,45,4,5,22,27,42,8,5,6,24,26,33,41,44,45,5,2,29,43,46,49,1,2,2,2,30,1,10,2,8,33,2,44,46,1,34,5,5,27,28,33,35,3,2,19,41,2,4,42,2,8,35,6,2,8,22,33,44,49,2,27,42,2,34,39,3,6,8,22,1,45,3,6,27,34,3,8,35,46,3,6,34,38,1,8,1,39,2,34,37,2,17,42,4,1,5,29,45,3,3,28,45,3,20,39,46,6,6,7,32,35,43,45,1,17,6,5,7,18,22,24,46,2,8,27,4,1,17,27,29,5,17,37,38,44,45,4,17,33,41,45,5,7,17,27,30,35,3,0,2,3,3,5,32,36,3,2,5,33
30,3,7,27,45,4,27,28,44,45,2,27,43,2,43,49,1,27,3,3,27,42,2,27,45,2,17,32,4,27,34,45,46,3,2,20,41,2,17,45,2,18,27,1,25,1,8,1,20,2,2,23,1,2,1,2,1,27,2,27,28,1,49,3,4,5,8,3,6,14,45,2,27,43,2,23,45,4,20,24,29,45,5,3,29,32,33,45,2,7,24,2,17,41,1,45
32,4,24,27,28,45,4,8,24,27,34,5,1,17,18,22,28,4,5,8,11,45,6,23,27,28,45,47,49,4,22,23,39,41,4,8,27,29,44,6,27,28,29,34,42,43,3,17,20,32,4,2,29,42,45,2,32,46,2,23,39,4,24,35,41,45,4,16,27,34,45,3,2,7,33,3,2,4,5,4,10,17,18,19,4,26,28,32,41,3,8,22,32,6,0,1,7,27,39,41,4,0,33,39,45,5,1,4,17,44,49,5,2,5,8,21,27,7,13,19,20,27,32,33,42,2,27,45,3,27,28,44,8,1,5,8,22,23,33,41,45,3,17,27,39,1,29,4,5,28,29,31,6,2,10,20,28,29,45,3,2,8,27
29,5,19,23,27,29,42,4,2,5,34,35,4,28,31,32,45,2,13,39,4,2,26,45,46,5,3,20,23,24,49,4,2,22,27,35,4,2,17,41,43,3,2,8,33,6,3,6,11,28,39,45,4,3,7,41,49,4,5,8,34,49,2,42,44,6,8,27,29,34,45,49,2,29,48,3,8,22,46,2,1,28,6,5,24,28,29,33,48,5,2,5,10,29,42,5,2,17,24,33,45,5,6,27,39,43,47,5,20,24,27,32,35,3,2,8,23,3,24,39,42,2,6,23,5,2,8,27,30,33,6,7,8,17,31,39,42,3,2,22,43,4,2,8,17,27
25,3,6,28,45,3,2,27,33,3,7,23,45,3,2,8,44,6,1,3,17,26,27,42,4,1,2,32,46,6,3,5,6,8,34,44,3,6,8,45,3,2,3,20,3,7,27,45,1,17,2,27,45,5,3,14,17,27,46,6,3,7,8,20,28,35,2,3,27,4,5,8,23,27,8,8,10,32,33,34,42,45,49,3,7,22,46,3,4,34,42,4,5,17,42,45,9,1,2,5,17,28,29,42,45,47,2,17,29,2,8,35,4,7,8,19,28,6,19,23,33,35,46,49
18,1,32,1,17,3,2,33,45,3,8,41,43,1,2,1,8,1,41,3,20,29,45,1,45,2,8,27,2,10,11,2,33,39,1,45,1,7,1,2,1,39,1,26,1,27
30,1,17,2,7,20,2,23,46,2,0,32,2,2,17,3,2,5,26,3,1,5,35,1,27,5,5,27,33,35,45,2,17,27,2,2,22,3,5,20,27,1,8,4,3,6,19,39,3,20,23,42,1,46,1,8,2,4,23,1,25,3,5,8,46,2,24,34,2,28,42,2,2,17,5,2,8,17,39,45,1,17,3,4,17,27,2,17,28,2,27,29,1,45,2,28,39
39,6,2,5,8,14,33,45,2,5,49,3,14,17,45,3,1,23,42,6,2,27,31,41,42,49,5,1,2,27,29,33,6,6,17,27,28,44,46,4,2,8,27,45,2,23,30,4,5,7,39,44,4,20,26,28,29,4,8,16,23,45,4,4,5,27,42,3,22,34,45,2,1,29,1,1,4,8,27,33,41,4,2,3,27,42,5,11,17,27,28,34,4,0,27,35,45,2,24,29,4,17,19,27,41,6,2,3,22,34,42,45,5,17,23,42,45,46,6,2,3,23,27,44,45,3,4,41,42,4,8,22,37,44,4,0,27,28,40,3,2,5,49,6,5,8,20,27,34,45,2,25,29,5,1,35,39,42,47,1,34,2,5,17,5,7,8,20,22,28,6,2,3,4,26,42,44,5,1,2,3,34,46,3,29,45,49,2,23,27
29,1,42,1,41,1,44,1,41,4,27,28,32,33,1,23,3,17,28,33,2,33,45,3,2,29,42,1,20,4,17,27,39,49,1,34,1,41,1,2,3,17,22,49,1,17,1,27,1,17,1,2,2,20,45,1,8,1,48,1,45,1,30,2,7,45,1,19,1,27,1,32,1,1
26,5,14,17,39,44,45,11,0,2,3,6,14,20,27,32,34,38,44,4,3,17,43,49,4,2,8,26,49,7,1,6,8,19,27,33,34,4,5,8,17,45,5,2,3,22,39,42,6,6,10,22,25,33,42,1,42,5,5,17,20,33,35,2,2,17,5,2,8,27,34,45,4,23,35,42,45,6,3,6,23,34,39,49,2,1,35,4,5,6,8,24,7,1,6,8,17,22,23,34,8,2,4,27,30,34,42,45,49,6,1,5,8,34,35,44,3,2,34,45,2,3,28,5,8,17,34,44,45,5,5,7,30,42,45,6,2,5,22,26,27,34,5,7,17,26,27,42,4,2,11,26,27
34,3,34,38,42,2,22,35,5,2,8,27,29,46,3,0,2,17,4,2,8,17,42,2,33,45,7,8,17,27,28,33,35,45,3,17,24,41,1,34,1,13,4,12,20,24,46,2,2,7,4,2,7,20,45,1,5,6,20,22,29,41,44,46,5,7,10,23,29,44,4,2,17,29,42,3,5,13,45,1,25,1,27,4,7,17,28,45,2,27,42,3,23,45,46,3,3,10,29,5,2,6,22,38,45,3,23,24,27,3,22,24,42,2,2,8,3,27,41,45,4,8,28,29,45,2,17,42,7,3,8,22,28,29,44,45,3,0,22,45,1,27
29,4,2,33,34,49,1,8,6,3,17,23,27,33,34,4,2,3,27,45,2,41,42,4,8,17,45,46,3,23,29,46,3,17,27,42,3,5,27,45,5,5,6,8,26,41,3,10,42,43,3,2,8,21,3,7,17,27,1,1,4,2,26,27,42,5,2,5,17,20,39,3,1,35,45,4,2,27,35,46,3,7,17,34,3,19,27,42,2,39,41,2,17,42,2,8,45,4,1,17,20,29,4,0,5,23,29,1,2,6,2,14,17,27,34,37,4,5,25,35,44,3,17,20,42
32,3,1,2,8,4,2,14,34,45,2,2,27,4,5,26,39,45,3,5,28,46,4,6,17,20,22,3,17,24,46,4,14,23,28,41,5,1,24,35,41,48,1,45,3,4,7,17,1,23,3,2,27,45,2,2,8,5,1,8,28,42,46,4,17,20,24,36,3,2,25,38,3,22,34,46,1,5,4,20,27,42,45,3,0,3,28,4,17,22,27,34,4,7,14,27,45,2,8,45,3,1,23,45,2,33,38,3,5,17,31,4,8,20,22,26,4,2,20,28,42,7,1,2,22,23,25,33,45,3,27,29,37,4,4,8,29,33
30,3,27,33,49,2,17,29,1,22,2,5,28,2,27,34,1,45,2,2,23,2,23,27,1,27,2,2,45,2,33,39,1,26,2,18,27,3,17,42,49,2,2,27,4,5,27,35,45,2,28,45,3,8,26,41,1,45,2,23,45,4,2,27,42,45,2,16,27,2,25,33,3,2,8,43,1,8,1,27,2,1,22,2,42,45,3,21,42,46,1,19
20,1,26,2,1,24,2,1,47,3,27,28,30,3,23,27,46,1,27,3,7,29,41,1,27,1,27,2,27,42,2,25,41,3,23,27,37,3,8,31,33,2,4,35,3,4,8,27,2,10,13,2,8,39,2,37,45,4,3,27,34,45,1,19
29,2,5,49,3,23,27,29,1,10,3,2,8,45,5,14,20,27,30,45,2,5,42,2,8,44,4,0,24,44,45,2,32,41,3,5,22,27,2,23,34,1,23,2,2,35,1,24,3,1,2,45,2,2,17,2,5,6,2,27,45,1,8,2,4,20,1,33,1,27,1,29,1,45,2,5,25,3,2,28,39,2,25,33,3,3,5,27,2,1,40
30,3,3,35,42,4,5,24,27,35,4,25,26,33,42,3,27,29,35,5,5,8,28,29,34,4,0,5,28,44,3,2,27,42,6,0,10,17,20,32,33,1,27,7,2,5,6,42,44,45,48,5,2,5,17,34,42,2,8,34,2,16,46,2,11,26,6,1,2,22,27,45,46,8,5,8,11,27,36,39,44,45,4,2,27,28,33,10,2,5,8,21,22,24,34,42,45,46,4,5,32,34,44,2,19,45,3,7,28,29,3,4,5,29,4,0,29,32,35,4,4,14,27,35,3,8,17,29,5,3,7,8,20,27,4,6,33,41,43,1,29,5,1,8,17,45,46,5,0,8,20,44,47
25,1,18,2,39,42,1,31,5,0,2,5,32,34,4,1,2,5,24,4,8,30,31,32,1,42,1,45,1,2,8,0,17,18,20,23,26,35,45,2,20,39,4,0,27,28,29,2,4,27,1,6,4,24,26,33,45,1,28,3,22,29,45,3,0,27,47,2,0,6,3,29,39,45,2,10,33,3,8,14,32,3,27,39,43,4,17,20,45,46,1,44
31,2,6,26,2,27,42,1,4,5,2,22,28,39,45,1,33,4,2,5,17,42,2,28,32,1,28,4,2,27,33,42,3,7,27,33,2,2,5,3,2,6,45,2,23,27,4,2,41,45,46,2,25,45,1,2,1,29,3,2,22,42,2,39,45,1,25,2,0,49,1,33,2,7,45,2,3,8,3,1,22,23,2,11,37,1,1,2,17,41,2,8,34,1,23,6,3,5,27,34,39,41
10,1,45,2,27,46,1,8,1,49,1,3,3,3,11,19,1,8,1,46,1,5,2,11,23
25,1,27,5,0,17,34,39,46,4,8,30,43,46,4,17,19,27,48,2,24,32,5,2,10,27,28,29,2,29,37,5,2,7,25,31,45,5,3,8,27,35,45,4,5,39,42,45,4,3,22,30,45,3,17,29,34,4,2,27,28,42,4,2,3,43,44,6,2,17,23,28,35,42,4,1,5,7,33,4,5,6,27,45,4,8,24,27,49,4,8,22,34,37,4,17,42,46,49,4,2,20,29,33,5,11,17,33,45,49,6,20,26,27,38,39,45,4,5,27,39,42,2,11,27
37,5,2,8,17,34,44,3,17,30,43,4,7,11,18,32,2,2,7,4,5,33,43,44,3,19,27,29,5,17,28,32,47,49,4,17,23,27,46,5,8,32,41,44,45,5,4,5,22,27,42,4,1,2,27,46,6,2,23,25,33,44,49,1,45,4,1,5,25,46,7,4,5,10,19,20,25,41,2,22,33,3,2,20,46,4,2,5,25,27,6,7,23,27,45,48,49,5,4,6,8,32,45,8,0,1,14,23,24,27,42,46,4,10,23,27,49,3,5,17,49,3,7,28,46,3,3,17,27,4,5,20,27,45,4,23,27,32,44,3,6,28,45,3,0,8,41,6,4,17,27,33,45,49,3,2,27,34,4,6,8,16,32,2,22,28,3,20,42,44,4,1,8,20,27,5,8,27,30,45,46,5,1,17,27,28,45
12,2,45,46,4,2,7,23,45,2,34,35,3,20,27,45,3,1,2,27,2,32,45,2,1,26,2,2,23,1,14,2,10,17,1,2,2,23,34
28,4,7,39,42,45,1,45,3,2,43,44,2,26,27,4,3,8,20,27,3,2,34,45,1,28,1,46,1,20,3,5,27,46,6,2,3,22,34,39,45,5,20,28,39,44,45,2,17,35,3,1,22,45,3,8,17,41,4,3,5,28,44,3,2,8,49,3,41,44,49,2,17,44,3,3,6,27,2,5,17,2,11,23,5,2,6,23,25,39,4,2,8,34,42,2,35,42,5,5,22,27,34,44,4,8,25,30,32,3,17,42,45
14,1,42,1,3,3,5,35,42,1,14,1,17,1,49,3,2,29,34,2,8,27,2,29,32,2,28,49,2,22,24,1,27,1,17,1,14
23,6,2,6,8,17,42,46,5,2,29,41,45,49,5,1,17,22,32,42,5,2,5,20,29,32,3,5,10,27,7,1,7,19,23,26,42,46,5,0,2,17,27,44,5,2,8,19,27,45,7,2,6,8,13,28,37,46,6,2,8,17,20,24,39,5,5,20,32,39,45,4,0,2,17,20,5,2,5,17,22,45,2,33,39,1,46,6,3,8,19,32,35,46,9,0,5,7,8,27,28,34,35,44,6,1,2,17,23,27,45,4,8,22,39,42,4,5,27,28,34,1,33,6,1,2,5,7,26,27,4,17,23,38,42
26,5,1,3,4,28,45,3,5,32,49,5,29,34,39,45,48,2,8,45,4,1,20,23,27,5,2,7,8,43,45,1,31,2,3,42,4,25,27,35,45,2,7,17,2,2,44,2,9,31,2,13,45,2,27,37,2,10,22,2,19,27,2,20,25,2,2,42,1,5,4,7,22,26,34,1,29,1,2,1,33,1,22,6,8,23,29,32,33,45,2,7,22
22,1,34,3,5,24,49,1,45,1,39,4,22,29,34,44,2,7,29,2,5,20,1,2,2,2,13,1,39,2,44,45,2,3,24,1,27,2,27,29,1,2,1,5,2,21,34,3,8,32,34,2,22,34,1,39,2,27,49,3,5,33,42
19,3,5,27,45,1,5,1,45,1,29,1,43,1,3,2,34,42,1,23,2,20,42,1,32,3,2,34,35,2,1,27,2,2,5,1,27,1,27,1,38,1,34,1,33,2,2,30
21,1,42,2,31,39,1,20,2,29,35,2,26,28,1,11,2,5,42,1,35,1,3,3,0,5,27,1,6,2,17,27,2,17,33,1,23,2,33,44,2,5,45,1,33,1,2,1,44,1,5,1,17
29,6,4,5,22,27,45,46,7,2,11,13,20,27,39,46,8,1,5,17,23,26,33,35,39,7,5,27,28,35,39,44,45,7,0,2,8,27,42,46,49,7,5,23,24,27,30,44,45,2,27,42,6,2,5,24,35,42,45,6,23,39,42,45,46,49,6,17,20,22,23,30,39,6,1,8,17,22,23,44,6,1,17,44,45,46,49,6,0,2,5,14,22,44,4,6,8,17,32,5,23,27,29,46,49,4,16,17,27,44,10,3,5,17,22,27,28,29,42,44,45,7,5,8,17,22,29,42,45,4,2,22,28,45,6,0,2,6,22,33,42,9,2,6,26,27,28,29,34,46,49,8,0,3,6,27,34,37,44,49,6,1,6,14,20,32,45,6,22,29,31,33,36,45,8,4,5,13,17,27,32,33,34,3,3,17,34,4,8,17,27,49,6,0,2,19,27,29,45,3,17,23,27
20,1,8,2,5,21,1,27,2,34,39,4,3,17,31,46,1,4,1,17,2,25,42,1,45,3,5,32,45,1,35,2,45,46,2,27,41,4,2,6,8,14,5,27,29,35,41,49,1,17,2,23,45,5,6,8,32,33,34,2,25,48,2,11,17
33,3,20,22,24,3,8,20,45,5,6,8,20,34,39,9,5,6,17,34,35,44,45,47,49,8,2,5,7,17,28,34,41,42,5,2,5,17,29,45,3,2,44,46,5,5,17,22,29,42,7,2,13,17,23,29,30,35,5,5,6,11,22,46,8,5,20,25,27,28,29,42,44,5,10,20,23,42,46,6,2,6,8,20,33,35,2,17,24,7,2,3,17,27,29,45,49,7,2,3,8,27,28,33,45,4,17,27,32,35,5,2,6,8,23,27,8,2,8,23,27,29,42,45,48,4,27,37,43,45,6,1,2,17,27,29,48,1,3,6,5,8,14,17,26,27,3,2,29,45,7,2,6,7,8,33,34,45,5,7,17,22,35,39,3,26,44,47,5,2,4,20,27,45,5,11,25,34,35,39,5,0,23,27,45,46,2,17,23,5,2,14,28,29,30,5,19,29,30,32,42
23,4,2,5,34,42,6,7,22,27,34,43,45,5,3,10,33,45,49,2,17,49,7,1,6,17,23,34,35,45,7,2,17,24,27,32,34,45,6,5,13,16,24,27,42,6,2,23,27,28,32,39,5,2,7,17,24,28,5,5,7,27,31,45,5,20,29,32,41,42,3,20,27,45,3,6,20,45,4,5,6,23,33,6,13,17,29,31,33,49,5,0,33,39,42,46,2,8,32,6,16,17,27,32,34,45,6,2,3,14,17,45,46,6,8,18,31,33,45,46,5,2,6,9,20,42,4,0,2,14,17,5,0,2,6,16,30
17,2,17,22,2,17,34,1,29,2,42,46,3,2,19,27,1,42,1,45,2,3,32,1,17,1,45,1,32,2,2,41,1,8,1,45,1,20,2,2,47,1,24
29,3,2,14,46,2,17,45,3,28,30,42,3,3,7,8,2,29,30,3,0,5,27,2,34,35,5,1,6,7,39,41,2,1,27,1,17,3,5,22,29,2,22,45,2,5,28,3,25,32,45,1,8,3,0,25,27,2,7,42,2,3,49,2,5,32,1,33,1,45,2,27,33,1,13,2,2,49,2,33,45,2,17,25,4,26,35,42,44,4,20,27,45,49,2,34,39
28,5,2,22,23,26,27,5,2,28,29,34,41,5,10,27,34,39,45,4,2,14,17,34,5,1,7,17,22,35,2,39,45,6,17,22,27,32,37,42,4,8,27,28,44,4,2,20,26,42,5,2,3,5,19,27,3,8,13,17,6,17,21,27,34,39,45,4,8,27,33,35,1,33,5,2,16,17,23,39,3,0,23,26,5,5,6,23,33,45,5,0,2,6,27,39,3,17,33,45,1,20,4,5,7,30,45,4,3,8,17,45,5,1,10,24,33,42,6,3,4,27,28,44,48,4,17,27,33,45,4,24,27,28,45,5,5,8,26,42,44,3,23,42,45
25,2,3,6,2,5,8,2,41,45,2,37,42,2,22,25,4,20,44,45,49,4,0,7,41,43,2,20,33,2,23,43,2,28,33,3,2,14,27,2,8,17,1,1,2,17,27,1,23,2,27,45,1,39,1,38,2,17,26,2,5,37,1,8,2,1,27,2,0,27,2,23,46,3,22,27,33
29,1,20,2,3,45,1,44,2,13,17,5,1,8,22,34,41,2,8,44,1,45,2,3,22,1,2,4,2,23,25,29,2,7,28,2,17,29,2,5,27,1,29,2,27,49,2,7,11,2,3,22,3,17,44,46,4,17,27,33,35,1,8,2,27,45,3,0,27,49,3,2,8,27,3,0,23,35,1,19,2,13,32,4,3,22,27,46,4,3,13,42,45,1,23
30,7,0,8,21,24,27,33,41,1,20,7,24,27,28,34,42,44,46,3,23,32,42,4,2,13,29,33,2,8,22,6,8,17,27,42,45,46,5,11,17,22,28,42,3,5,36,42,4,1,2,17,30,1,48,4,3,17,39,44,3,29,42,45,5,2,4,25,27,34,7,2,5,6,7,29,39,45,4,2,17,23,28,2,23,26,1,17,4,7,29,33,41,2,5,27,4,22,34,46,49,2,25,45,3,7,17,33,5,6,28,33,45,46,4,14,20,35,46,2,32,42,4,10,28,33,49,6,7,22,29,41,45,49,7,10,11,28,34,35,42,46,4,2,23,27,33
21,1,5,1,2,3,23,41,46,1,43,3,22,44,45,2,3,34,3,27,32,45,1,17,1,0,1,7,1,35,1,49,2,45,49,1,5,1,33,1,45,1,42,1,32,1,45,1,33,1,45
23,3,34,37,46,4,17,19,33,45,4,8,33,35,44,5,8,10,17,25,45,2,45,46,4,3,22,29,46,6,0,22,23,27,35,42,4,32,33,45,46,4,0,9,29,35,4,5,20,42,44,3,5,6,27,3,2,28,45,3,0,3,34,3,23,39,45,4,2,17,34,45,4,2,31,34,49,5,6,8,11,39,43,6,2,29,31,35,42,46,6,2,35,42,44,46,49,6,5,7,28,34,42,45,5,3,19,23,31,41,6,2,3,8,27,34,49,4,8,28,29,31
28,2,16,23,1,31,3,34,39,46,3,2,34,42,2,22,27,1,8,3,2,33,44,4,10,31,34,49,2,28,41,1,41,3,8,19,27,2,8,33,1,2,1,2,2,8,20,1,24,2,29,49,2,8,45,2,23,28,2,28,34,1,22,4,1,29,42,45,4,2,27,28,29,1,0,2,3,39,2,27,29,3,26,32,33,4,5,38,46,49
27,2,27,32,5,1,8,27,28,45,3,3,5,17,4,10,28,30,42,2,3,32,3,2,27,29,2,8,27,3,5,34,46,2,8,20,1,27,2,17,35,1,27,1,17,3,2,27,45,1,39,2,29,41,2,22,45,2,8,27,1,2,2,5,27,3,22,27,28,2,7,33,2,32,43,1,8,2,1,13,2,5,35,1,32
22,1,45,3,1,6,46,2,3,46,4,2,10,32,45,3,0,8,27,3,8,22,42,1,31,1,27,8,2,3,5,7,20,34,39,45,3,33,39,45,2,25,42,8,1,23,24,29,33,35,44,45,5,30,31,33,35,39,2,0,27,4,8,17,32,49,4,0,8,42,44,5,20,22,27,28,44,3,3,22,45,4,5,34,36,44,5,1,27,33,39,42,3,19,27,29,1,8
27,2,5,42,1,22,2,5,44,1,44,3,2,5,17,3,5,11,46,2,8,42,3,22,23,27,1,17,3,15,29,49,3,5,30,45,3,14,32,45,4,14,27,45,46,4,3,6,39,48,2,3,33,1,27,2,2,25,2,33,34,2,2,45,3,1,22,32,4,1,2,22,45,2,5,20,3,2,23,26,1,39,3,10,30,33,2,27,46,2,2,28
25,4,8,41,44,45,3,14,35,45,3,8,17,45,3,17,19,23,4,23,27,35,45,4,7,20,30,48,2,13,42,5,8,27,38,44,48,2,20,39,3,27,45,49,2,26,45,2,5,42,3,0,2,27,1,34,5,19,26,29,32,37,5,0,1,5,17,45,6,17,19,20,34,42,46,3,28,39,45,2,2,42,5,0,2,8,29,45,3,22,44,49,4,2,42,43,45,3,32,33,44,3,8,27,35,3,22,42,49
24,4,5,8,17,41,4,8,23,32,39,2,20,33,4,6,17,30,34,1,34,5,5,26,34,42,49,4,14,23,41,44,3,2,5,27,5,3,22,24,35,49,6,2,20,25,27,33,42,2,23,29,2,17,25,7,1,2,11,23,42,43,45,2,27,30,7,2,5,8,17,21,35,49,3,19,26,27,8,1,2,7,8,17,29,34,45,3,2,19,42,5,5,23,31,45,46,1,46,8,7,17,20,23,42,45,48,49,4,17,18,42,46,4,28,29,33,35,4,2,8,34,46
25,4,2,28,37,42,1,13,2,34,46,4,19,25,27,33,2,38,46,1,45,3,23,29,49,3,0,8,27,2,23,34,1,26,2,20,22,2,7,42,4,2,24,27,44,4,22,33,42,46,3,1,22,27,2,34,44,1,32,2,8,39,1,42,1,27,2,35,49,4,0,6,27,34,2,43,46,1,23,4,8,20,25,41
27,3,17,34,39,2,2,39,3,17,20,28,3,2,27,46,3,27,42,46,2,34,44,5,5,21,23,29,33,4,8,27,29,32,2,2,8,3,2,27,39,3,17,23,34,1,39,3,26,27,45,2,0,42,4,8,27,34,42,2,27,31,5,0,4,8,24,44,3,5,14,42,3,8,46,49,3,10,17,45,5,8,17,24,31,34,2,28,42,2,23,45,3,2,8,14,7,20,24,27,28,30,34,35,5,2,17,36,42,45,5,0,2,8,23,39
23,3,26,42,45,3,17,22,45,4,1,2,19,27,5,2,24,27,45,49,5,7,17,20,35,49,1,6,2,8,26,1,24,3,0,27,45,3,17,31,32,2,10,43,4,1,19,24,32,3,5,28,44,4,0,29,39,46,3,2,17,32,3,17,25,27,3,17,29,45,3,3,20,27,3,17,32,42,3,26,42,49,3,0,3,27,4,2,31,35,45,1,17
35,6,2,5,8,17,44,46,2,27,35,6,2,23,33,34,39,46,7,0,5,7,17,27,39,42,5,5,28,32,33,45,4,2,8,27,44,5,2,17,33,44,45,4,29,42,44,48,1,8,6,5,25,27,30,45,49,3,2,29,44,5,17,31,33,39,42,5,8,14,27,30,45,5,2,10,27,35,45,5,2,45,46,48,49,3,27,41,49,6,4,6,8,27,30,42,3,2,29,33,6,1,3,5,8,33,43,8,8,14,17,23,25,27,32,41,6,2,5,17,27,44,45,1,33,10,5,8,20,23,24,26,27,39,45,49,6,2,5,34,39,42,45,7,0,2,7,8,14,39,44,6,2,6,17,23,39,45,6,2,10,19,29,35,46,6,5,26,28,33,35,45,3,2,45,49,7,2,3,5,30,39,42,44,5,8,14,29,35,49,5,4,5,7,17,33,5,8,19,27,37,39,3,8,22,29,7,11,17,23,32,34,41,45
25,1,27,1,29,2,28,29,1,28,1,41,1,35,1,45,3,24,27,33,1,27,4,23,33,45,49,1,0,1,42,1,14,1,22,2,33,34,2,2,27,1,6,2,5,27,1,45,1,20,1,32,1,49,2,20,33,1,42,1,34
26,4,16,24,33,42,2,7,45,2,17,48,2,3,6,1,29,1,44,2,23,35,2,1,22,1,5,2,22,41,1,46,2,32,42,4,8,17,34,45,3,17,34,44,4,23,30,39,43,2,17,29,3,20,26,37,5,2,33,34,45,46,4,22,23,39,45,3,5,27,45,1,47,3,20,22,27,3,23,42,45,1,46,2,3,5,2,45,46
28,6,2,3,13,22,33,39,1,20,8,3,19,24,27,28,30,42,44,2,3,17,5,5,10,27,29,35,3,2,22,42,1,42,4,3,22,33,34,1,5,1,30,3,25,27,29,1,29,3,22,28,33,4,2,20,42,45,5,1,22,23,34,43,2,17,34,4,1,33,44,46,3,23,33,45,2,5,17,3,18,27,33,1,34,3,8,32,35,4,23,27,41,45,3,13,33,42,5,8,27,29,41,46,4,2,5,10,23,2,5,27,3,24,27,35
14,1,8,1,14,2,8,22,2,17,32,1,17,1,45,1,2,1,45,1,49,1,26,3,1,22,49,1,8,1,34,1,17
29,4,8,22,27,46,3,11,14,35,5,2,10,28,39,49,1,29,4,8,32,42,44,3,6,8,39,2,34,40,3,2,17,29,2,17,42,4,27,28,44,45,2,3,29,3,27,28,33,4,17,27,41,44,1,1,1,2,4,17,27,34,39,7,1,2,5,8,17,27,45,3,3,32,45,2,17,45,4,1,17,24,25,3,22,29,33,3,2,5,7,3,3,27,42,5,17,32,33,38,45,3,4,27,45,2,1,33,3,1,7,45,3,1,27,32,2,5,7
18,5,5,26,33,39,49,3,24,27,35,4,3,29,42,46,3,17,45,49,5,2,17,29,41,46,4,8,20,34,37,4,17,29,32,45,3,41,45,49,3,7,35,44,8,2,7,8,19,27,33,45,46,4,2,17,27,42,4,6,8,27,45,3,28,45,49,4,0,17,24,35,2,17,23,4,27,28,29,30,6,2,4,20,32,42,45,5,4,7,8,27,45
33,2,3,49,2,1,36,2,1,29,3,2,34,46,2,17,20,2,5,45,2,1,22,2,34,45,3,23,32,49,2,27,31,1,10,2,27,36,4,23,27,29,33,2,0,7,3,5,29,39,3,2,23,46,1,17,2,17,44,2,25,29,2,34,44,2,3,28,3,0,43,45,2,28,37,2,27,41,2,45,49,1,32,2,8,27,2,27,30,1,29,4,2,17,23,42,2,5,45,5,0,7,30,35,45,2,17,27
29,9,2,10,26,29,32,33,34,42,44,6,5,8,14,29,34,44,3,3,6,20,5,28,30,39,43,46,3,25,31,42,5,8,24,27,42,45,3,2,17,27,2,1,27,4,2,19,35,40,4,2,26,28,44,4,7,8,27,45,4,2,32,39,45,4,6,8,17,25,6,8,22,23,27,34,45,2,6,35,4,5,17,35,42,3,27,39,42,2,17,27,5,3,27,28,29,45,2,5,46,6,17,23,27,40,45,49,4,8,27,39,45,3,17,27,46,4,22,34,46,49,4,20,27,41,46,4,13,28,32,41,5,0,2,24,38,46,3,2,29,46,3,1,27,33
27,3,7,27,41,2,17,39,2,33,45,4,2,3,30,34,4,2,31,39,44,4,8,27,34,45,6,2,27,31,34,40,46,4,31,35,39,41,4,2,5,23,29,4,0,1,17,33,4,0,2,28,33,2,6,24,2,17,39,6,22,26,33,35,37,44,7,2,5,8,27,42,45,46,4,2,11,19,23,4,23,27,33,42,3,7,27,46,2,28,34,4,5,6,27,45,5,2,17,33,45,46,2,2,34,4,6,17,28,42,4,22,26,28,29,6,1,22,23,27,41,49,4,2,11,17,30,4,2,14,27,29
22,4,8,28,42,45,3,8,20,45,2,22,45,3,2,35,42,2,35,45,3,2,8,37,2,8,45,4,2,6,32,42,3,20,40,44,5,2,23,29,31,42,5,4,22,27,33,46,1,35,3,22,24,45,3,27,29,49,1,39,2,33,45,4,14,22,23,46,3,1,17,25,2,6,11,5,6,22,43,45,46,4,2,27,42,43,3,5,25,29
33,5,3,5,24,38,42,6,1,5,8,32,42,45,5,1,8,22,27,29,5,2,27,42,44,45,6,5,27,32,43,46,48,5,5,21,29,42,45,6,8,21,23,33,34,39,6,2,17,22,27,29,39,3,22,27,39,3,23,26,45,4,5,17,20,34,3,2,23,42,5,3,6,22,24,46,6,10,28,29,32,38,42,5,8,13,19,27,34,7,0,1,17,27,29,43,45,6,2,3,6,17,25,27,5,2,19,27,30,42,8,1,3,7,26,27,35,45,46,7,1,6,7,27,29,42,45,5,3,8,27,41,42,4,10,17,27,39,4,2,34,46,49,5,2,8,26,33,43,6,6,20,29,32,38,45,1,8,5,2,20,22,24,46,3,5,24,45,6,2,5,17,20,45,46,7,0,5,19,21,28,38,45,3,27,29,32,7,4,5,22,23,33,42,46,2,45,49
25,1,42,3,17,34,49,2,2,28,2,7,35,1,2,3,8,17,45,4,1,2,35,42,4,26,28,33,44,5,2,3,5,27,45,3,26,34,46,3,2,34,42,6,1,8,17,21,26,34,4,1,8,23,45,3,0,4,5,1,27,2,5,8,3,6,8,27,3,14,19,20,3,14,17,32,3,2,10,42,3,2,23,43,4,20,28,29,33,2,33,45,3,0,8,46,3,17,23,45
23,2,0,17,1,8,1,13,1,27,2,20,45,1,35,3,27,28,47,2,5,43,1,6,1,34,1,42,1,22,2,6,34,1,27,1,1,2,7,35,1,46,3,7,28,41,1,6,2,6,45,1,33,1,48,1,45
23,4,26,27,46,49,1,38,2,8,45,3,17,34,35,2,13,44,1,1,3,8,26,45,2,26,43,4,13,17,25,34,1,22,4,17,22,27,34,1,34,3,14,17,45,1,31,4,17,24,27,28,2,8,17,2,17,35,2,23,39,1,27,2,20,46,5,2,20,27,45,46,3,8,19,42,2,3,34
24,2,3,17,2,2,8,5,6,20,35,42,45,1,27,3,1,17,32,2,5,13,1,4,1,42,2,19,33,1,5,1,48,2,3,27,2,20,27,2,2,41,3,0,17,34,2,46,49,3,17,28,33,2,5,17,3,2,6,27,2,12,20,1,45,2,1,20,2,5,27,4,28,41,42,49
25,5,22,31,33,38,49,4,6,19,46,49,1,25,2,27,45,4,1,27,38,41,3,27,32,33,6,17,27,33,34,39,46,3,1,2,42,6,5,6,10,26,39,45,3,20,29,45,3,8,34,42,5,5,17,22,23,35,1,8,3,1,5,27,3,33,34,45,3,2,42,45,2,28,45,5,7,20,40,41,44,3,6,17,34,1,42,4,20,27,39,45,1,8,3,6,27,43,2,3,5,3,2,31,45
31,7,2,5,6,8,20,23,45,4,2,39,41,45,5,17,23,27,33,39,4,0,2,7,27,7,8,13,23,25,27,28,33,4,0,2,5,45,2,34,45,6,6,27,33,34,39,44,4,20,25,28,48,4,3,8,34,42,5,0,2,31,32,45,3,8,17,22,3,8,33,45,3,2,24,39,6,1,2,5,8,29,45,6,8,17,34,37,45,46,5,0,3,27,39,49,4,0,26,27,33,2,6,42,1,7,4,2,6,11,28,3,27,34,45,5,19,23,29,45,49,4,3,5,29,41,4,2,17,30,34,2,2,27,3,2,5,8,3,8,27,46,2,5,17,4,1,5,17,46,5,17,22,28,34,39
24,1,2,5,3,5,8,11,22,3,27,39,45,2,27,29,7,3,17,27,33,35,40,45,3,17,35,45,2,44,45,5,5,7,25,27,35,5,10,17,30,35,45,2,23,28,3,17,34,45,3,44,45,46,3,19,25,41,4,28,33,41,46,3,29,34,38,1,45,4,2,8,22,45,2,3,5,4,8,24,33,49,2,17,32,2,8,32,3,1,4,49,4,5,16,23,29,2,7,28
28,3,8,10,23,3,2,29,38,4,27,32,33,43,3,3,42,45,6,7,19,27,31,35,45,5,2,5,17,27,42,4,17,19,27,41,3,3,34,35,5,6,22,30,39,45,5,5,17,27,33,42,3,27,42,49,4,26,27,30,45,5,17,25,28,33,41,3,2,6,34,2,1,46,4,17,20,44,45,3,5,42,45,2,27,29,3,3,20,39,2,27,34,3,27,33,34,2,20,29,3,8,32,45,2,22,27,2,27,34,3,17,20,45,2,28,44,2,2,45
19,1,34,1,8,5,2,19,27,33,46,1,43,1,45,1,5,3,3,27,46,1,14,1,29,1,25,1,0,1,23,1,17,1,13,1,0,1,45,4,2,5,21,45,1,8,1,27
34,2,28,42,3,1,5,14,2,30,45,2,2,42,1,30,2,5,17,1,27,4,2,27,29,35,1,17,1,24,2,2,20,5,22,24,29,33,45,2,33,49,4,8,26,27,34,2,20,45,2,3,5,2,6,29,4,23,27,35,47,2,5,49,2,24,45,3,17,29,44,1,27,3,3,13,27,3,2,10,45,2,5,17,3,7,45,46,1,2,2,39,41,1,15,1,45,3,2,19,22,3,20,28,29,2,33,34,3,8,14,45
31,4,2,8,22,28,3,8,34,45,4,17,27,33,45,3,22,29,46,3,2,22,26,6,2,6,8,17,29,41,2,8,22,2,3,20,2,1,2,4,17,32,39,46,4,2,13,26,45,3,2,35,46,2,22,34,5,2,4,5,29,32,2,0,42,4,2,22,27,40,2,17,45,5,13,17,25,30,45,2,29,34,1,34,1,42,1,32,3,8,29,45,2,28,45,4,2,10,39,45,2,9,28,4,20,27,44,45,3,2,42,45,3,5,29,32,3,0,1,45,4,27,44,45,46
37,3,2,34,45,4,23,29,35,45,3,8,17,45,2,17,46,3,7,8,22,4,5,20,23,33,2,28,35,5,14,17,27,29,32,3,17,33,44,1,46,3,2,8,44,2,2,22,4,2,4,27,34,5,0,4,5,14,24,1,27,2,13,34,4,23,24,27,28,4,3,33,39,46,4,17,27,38,45,5,7,22,33,42,45,1,45,6,17,20,29,30,31,49,2,8,45,5,6,17,23,30,43,1,33,1,34,2,29,32,3,3,28,45,3,5,34,45,1,27,4,22,27,32,45,3,17,22,45,3,28,32,34,1,27,3,27,43,49,2,3,46,6,17,27,39,42,43,45
26,2,27,33,7,1,3,17,23,30,35,46,3,2,3,45,4,4,17,23,27,3,1,13,41,6,17,24,42,44,45,49,4,21,27,34,45,4,13,22,27,34,8,20,22,24,27,29,30,38,43,6,7,20,23,32,33,39,5,4,17,23,34,46,2,5,27,7,2,17,23,24,34,35,46,5,2,20,27,35,44,3,6,14,27,4,1,2,37,43,2,19,32,4,3,21,27,45,4,19,20,24,45,3,7,32,42,3,42,45,49,4,2,25,28,45,4,27,28,35,45,5,2,5,17,24,46,2,5,17,4,19,22,28,39
26,1,7,2,45,46,1,33,1,35,4,7,8,17,27,1,8,2,5,41,1,5,1,23,2,26,29,5,2,5,26,27,46,1,6,1,5,3,2,26,41,2,1,8,5,2,25,29,33,45,2,27,45,3,35,39,45,1,29,3,5,11,45,3,2,35,45,4,2,8,28,45,1,45,1,23,2,7,28,2,17,33
25,1,5,1,3,2,5,45,1,5,1,28,2,3,34,2,0,17,2,2,34,1,4,1,23,2,2,29,1,45,1,27,1,1,1,33,2,29,41,1,17,2,27,29,1,17,1,8,1,35,1,23,1,6,1,28,3,17,33,42
25,2,44,46,2,7,8,1,27,3,2,8,46,2,3,28,2,17,23,2,32,45,2,5,45,1,8,4,20,27,42,46,4,2,3,30,42,1,33,4,2,17,27,41,1,8,3,32,42,45,4,8,17,33,45,3,14,35,45,1,41,1,34,1,45,3,17,26,45,1,49,3,36,46,49,3,2,34,48,2,26,27
24,6,1,3,17,27,29,33,4,5,32,40,45,2,6,17,1,26,3,33,43,45,2,28,46,1,45,1,45,3,19,27,35,1,8,3,3,26,29,2,33,46,1,27,2,27,45,2,2,42,2,1,17,1,20,4,2,5,33,41,3,5,29,45,1,22,4,2,27,28,42,3,5,22,34,4,1,3,29,35,2,2,46
27,4,2,8,11,27,3,2,28,42,3,2,26,34,3,6,8,28,3,2,6,17,5,1,4,24,30,39,3,7,17,23,3,2,43,45,3,20,27,34,2,27,46,2,27,34,3,27,37,41,1,17,3,5,20,45,3,2,5,45,3,5,42,45,3,32,33,42,6,1,2,20,23,34,42,3,34,35,46,2,17,28,4,2,17,42,49,4,27,34,35,45,4,8,23,42,44,4,2,5,29,42,2,34,47,3,25,38,45,1,32
25,1,32,1,2,1,18,1,8,1,5,3,5,23,33,1,27,2,27,46,2,27,45,1,27,2,2,19,2,29,37,1,41,1,20,2,28,44,1,46,1,17,2,1,41,1,27,1,13,1,34,1,33,1,8,1,14,1,46
30,2,27,39,2,17,42,3,13,22,46,3,14,26,29,2,17,22,1,2,5,4,8,35,37,45,4,2,17,35,42,2,27,29,2,22,31,2,4,28,4,5,6,17,20,1,45,1,10,1,27,1,45,2,4,13,2,20,45,2,27,39,2,23,26,3,28,29,45,2,22,44,2,3,17,2,42,46,1,17,3,1,24,30,2,7,42,2,8,14,2,13,34,1,22
24,2,2,33,1,3,2,5,27,2,5,17,3,27,42,44,2,25,32,2,2,22,3,20,27,33,2,14,44,3,17,23,45,2,2,34,2,23,33,2,2,45,4,2,7,8,29,2,7,34,3,8,27,28,2,43,46,3,5,17,23,2,5,31,2,2,5,4,6,7,17,24,2,8,37,2,22,27,2,8,27
36,4,2,17,27,44,4,27,30,45,46,5,2,5,17,22,45,3,3,5,17,4,1,5,27,45,3,3,30,49,4,2,29,37,46,3,3,7,34,3,31,39,45,3,17,27,45,7,5,10,22,30,32,44,49,5,1,20,27,29,40,4,3,5,22,45,4,6,19,27,42,6,12,17,24,27,34,49,4,2,28,29,44,2,2,8,5,7,27,33,42,43,2,17,35,4,2,8,24,45,4,17,24,26,34,6,5,28,34,44,45,46,5,2,5,19,22,45,1,3,4,1,17,19,45,3,7,27,43,2,27,45,4,3,5,27,34,2,30,38,3,17,19,46,5,0,26,29,33,37,5,2,17,20,22,23,4,23,33,39,43,3,2,5,46,4,3,24,27,37,4,27,32,33,46
19,3,1,32,45,5,2,21,23,42,46,3,5,8,45,5,1,5,20,27,46,4,5,23,27,44,7,0,1,5,17,19,27,34,4,8,17,37,39,5,0,5,6,27,28,1,8,6,1,23,31,33,44,46,3,23,27,46,3,13,45,46,5,1,18,20,27,33,8,7,14,23,32,33,34,42,46,6,1,2,16,18,23,31,6,17,22,29,33,40,46,9,2,3,8,17,23,28,41,42,49,5,6,8,28,29,42,7,2,21,22,27,28,35,37
23,1,44,6,2,5,7,17,27,42,5,0,2,32,40,46,1,31,2,0,35,1,49,1,29,2,2,34,4,8,14,22,23,2,27,46,5,1,8,17,33,35,3,6,26,45,1,44,3,3,17,44,2,5,7,3,2,17,42,1,2,2,31,44,2,20,23,2,27,42,3,7,30,45,1,43,1,25
30,5,0,17,23,42,45,4,2,8,45,46,7,1,5,8,22,27,29,33,6,17,27,28,29,42,44,2,19,25,5,2,7,27,38,42,4,2,20,33,40,8,2,4,7,22,33,34,43,45,2,33,39,5,0,8,17,42,45,6,2,5,12,17,30,46,6,17,28,29,34,42,45,6,8,17,22,26,27,39,3,20,29,44,3,2,23,48,4,2,6,29,33,6,2,6,23,42,44,45,6,3,13,32,35,41,46,4,0,4,24,25,5,8,17,29,30,45,5,1,5,8,21,23,8,3,5,8,28,30,32,34,39,2,22,33,5,3,5,17,28,49,10,5,8,22,23,28,29,30,39,42,49,7,1,5,7,27,34,42,45,4,6,10,24,29,6,8,17,26,37,39,42,5,6,8,17,34,45,6,17,24,27,29,43,45
31,1,34,3,13,41,49,3,20,22,45,3,6,17,29,1,1,2,1,2,2,41,43,2,13,27,3,3,5,27,1,27,2,2,38,3,27,42,46,1,41,2,26,27,2,32,45,2,22,32,3,34,37,43,2,10,20,4,17,29,42,45,3,25,34,42,2,28,44,1,22,4,20,27,33,45,1,7,2,23,27,4,2,18,29,42,2,3,22,2,29,39,1,44,1,45,2,3,8
28,6,2,22,26,35,39,44,3,2,5,14,8,4,5,17,27,34,35,39,42,4,10,27,29,42,2,14,17,8,2,23,28,29,31,35,39,46,5,5,8,29,41,45,5,2,14,29,39,42,7,5,19,23,33,44,45,46,6,2,3,34,38,39,45,5,1,2,3,4,27,6,2,4,5,20,35,41,5,1,5,24,27,28,2,26,46,1,46,5,2,20,28,44,45,6,2,7,17,23,36,45,2,1,27,6,5,27,35,42,44,45,4,17,23,28,37,3,20,30,42,6,2,5,14,33,42,49,5,2,5,23,27,34,5,2,17,27,30,42,8,0,2,14,20,24,39,46,48,2,0,1,6,2,17,29,32,42,45,4,27,34,39,41
32,5,2,4,7,8,28,2,1,22,3,8,33,49,2,5,22,3,17,32,39,3,17,28,45,1,34,2,28,33,4,6,27,42,45,3,8,24,29,3,8,39,42,3,22,27,42,1,39,1,32,2,6,42,3,2,5,49,3,22,27,33,1,6,2,2,6,3,7,27,42,1,5,2,28,35,1,2,3,2,19,44,2,0,20,1,45,4,27,38,42,45,2,8,27,4,3,8,27,41,1,27,2,24,42,1,45
28,1,2,5,19,24,26,42,45,4,10,22,23,45,3,3,35,46,5,1,5,11,42,46,4,29,34,35,45,1,31,5,5,27,34,35,49,5,13,17,20,29,43,7,1,2,7,20,29,34,42,5,17,22,28,34,49,4,2,5,28,35,5,2,17,30,39,44,1,13,6,5,7,17,34,45,46,2,24,27,3,5,45,46,4,2,19,34,41,4,5,10,27,39,4,17,20,33,49,6,4,29,30,35,42,44,6,5,7,10,22,29,34,4,2,14,27,45,6,11,27,32,33,39,42,2,2,27,3,17,29,35,4,6,8,25,44,5,2,8,27,39,46
29,3,7,27,32,3,8,42,45,2,7,9,2,1,29,2,28,41,4,23,27,34,45,2,26,27,1,18,3,1,23,32,2,42,45,4,20,27,35,46,2,2,27,3,2,6,34,1,45,2,2,27,4,3,28,31,34,3,1,17,27,1,43,1,44,1,29,1,35,2,7,33,1,45,1,43,1,20,2,17,27,3,24,28,29,2,33,46,1,34
37,3,6,39,42,3,2,5,46,4,0,23,27,42,2,5,35,2,22,33,3,3,27,29,3,5,33,44,3,17,27,43,1,28,1,2,3,27,29,38,2,27,45,3,14,39,45,4,3,27,34,42,5,2,28,31,34,40,4,5,13,19,25,3,2,14,33,3,8,14,24,3,29,32,42,2,3,27,3,5,27,29,4,23,34,44,45,6,0,3,27,34,46,49,4,0,17,27,39,4,2,29,37,45,3,5,29,44,3,7,42,45,4,0,23,30,45,3,7,34,45,1,23,3,3,10,39,3,23,33,45,3,17,33,46,2,1,2,2,27,34,2,17,20,1,17
37,6,8,23,28,33,34,39,1,45,1,2,1,45,1,18,2,7,46,2,22,24,3,2,21,44,3,2,29,44,1,45,4,0,8,31,45,2,8,45,1,28,1,8,2,27,45,2,0,23,1,45,2,29,45,2,3,49,2,17,44,3,39,43,44,2,2,27,2,23,27,3,0,42,45,1,17,2,17,26,4,7,17,27,42,2,27,45,1,33,1,45,3,3,27,42,2,2,42,5,8,20,29,34,41,2,16,27,3,5,22,41,3,4,21,29,3,1,19,27
28,9,2,17,27,28,30,33,34,44,45,4,5,14,26,33,4,3,27,37,42,4,2,4,23,32,5,7,24,27,42,45,4,17,24,25,39,7,2,5,27,29,39,42,45,7,2,7,8,17,27,34,45,3,17,27,39,2,8,39,3,5,44,49,2,14,27,5,8,17,22,31,42,5,0,8,22,23,27,3,3,34,41,2,4,20,3,2,5,29,6,2,18,19,20,29,44,2,17,24,3,2,7,42,3,2,7,19,3,17,22,27,3,6,14,35,3,17,37,42,4,23,28,39,42,4,8,25,26,35,3,3,27,29,4,8,19,27,45
21,1,44,2,27,44,2,27,39,2,2,25,3,3,5,34,2,2,34,3,5,37,45,1,49,2,17,24,4,20,23,27,49,2,5,20,2,27,33,2,27,49,2,10,33,2,27,28,4,25,27,32,44,2,11,27,2,5,39,6,0,3,5,27,28,45,1,27,2,29,39
19,2,5,24,3,2,24,49,3,25,27,46,4,2,17,29,44,2,2,46,2,2,22,2,17,41,4,3,19,38,49,5,2,20,42,43,46,4,25,29,30,34,4,3,5,33,49,2,28,45,2,3,33,3,5,37,46,3,3,11,44,3,8,27,30,3,2,22,41,3,8,26,45,5,1,8,17,22,45
31,5,10,11,22,27,42,2,28,45,6,7,8,26,34,35,45,4,2,27,29,33,6,10,17,20,22,44,45,4,2,3,22,39,3,10,17,20,5,2,22,23,32,43,3,27,34,45,4,2,5,26,45,2,34,45,4,17,23,42,49,6,1,2,5,24,29,44,4,5,26,27,31,3,2,17,49,4,7,41,45,49,4,2,5,8,42,5,5,17,19,42,46,5,17,20,24,29,42,3,28,32,49,4,2,13,26,42,6,1,2,17,33,34,45,5,7,8,24,27,42,5,2,8,26,33,37,4,2,3,8,35,5,2,23,33,42,45,6,3,8,27,32,35,45,4,7,23,26,42,3,19,39,45,5,0,8,19,32,45,4,1,27,42,43
23,5,4,5,13,33,34,1,34,4,8,27,34,45,3,3,22,27,3,0,8,17,2,6,34,2,1,33,1,20,7,6,8,20,29,32,34,42,1,27,2,17,46,3,8,27,28,3,0,17,23,2,2,45,2,34,35,3,20,35,45,2,0,32,3,5,32,42,5,7,17,28,42,44,5,1,2,5,7,16,1,7,3,28,32,45,4,1,28,32,33
14,3,2,5,34,1,17,1,37,1,45,1,42,1,8,1,27,1,8,2,2,42,2,2,33,1,39,2,8,45,2,7,32,1,29
35,3,13,25,42,4,7,20,35,46,4,2,8,45,49,6,1,2,19,30,41,42,4,0,5,8,44,2,2,34,6,8,18,28,29,34,45,4,5,21,33,45,4,0,8,19,27,3,17,20,29,6,1,4,22,25,34,45,4,3,27,29,49,7,2,16,22,29,33,45,46,5,0,17,23,25,34,5,3,7,17,26,49,3,29,32,46,1,2,3,1,26,34,3,17,27,45,4,2,17,27,45,2,35,46,3,6,34,45,2,6,45,3,13,29,42,3,8,26,28,4,5,20,29,38,4,0,8,17,35,3,3,27,29,3,2,28,45,4,0,1,44,45,4,2,3,34,48,4,2,27,30,45,7,17,23,27,28,41,42,45,5,2,14,25,32,42,6,5,27,36,42,44,45
37,2,5,34,7,2,17,26,39,44,45,46,6,5,22,23,27,42,45,3,22,34,42,3,3,8,35,5,2,5,6,27,49,7,3,7,11,17,20,30,46,6,24,27,33,42,46,49,4,2,6,20,25,9,2,5,8,23,27,32,34,42,44,3,17,39,49,4,1,8,33,42,4,1,2,45,49,6,0,4,5,39,42,45,2,27,34,2,5,39,4,5,13,27,45,5,6,20,25,34,48,4,2,4,19,44,3,28,34,40,4,2,23,29,39,3,3,24,27,4,7,27,29,49,5,7,8,32,34,39,3,24,27,35,3,17,24,31,4,5,8,27,29,3,8,22,32,1,34,3,17,19,45,4,1,17,25,28,6,3,5,6,26,33,41,4,3,26,29,30,4,8,29,34,49,3,5,27,49,3,1,42,45,2,5,27
25,1,8,2,19,27,2,2,44,3,8,14,34,3,19,34,49,2,17,28,2,14,38,1,41,3,0,8,44,3,1,2,32,3,5,42,45,1,23,2,8,20,5,8,27,44,45,49,4,17,34,42,46,2,20,27,2,8,42,2,27,45,3,27,35,42,2,8,30,2,7,26,2,1,32,2,5,41,3,17,23,29,2,6,26
31,8,2,5,14,21,27,34,35,49,3,1,3,49,4,3,14,32,44,4,34,41,45,49,4,2,8,44,45,7,3,5,27,28,33,39,49,6,8,17,24,29,42,44,4,2,3,20,24,2,27,34,3,17,39,45,4,10,27,29,45,5,2,17,34,45,46,3,5,17,27,6,2,5,25,30,35,49,4,2,17,27,44,2,25,42,3,8,27,45,5,2,5,8,39,42,4,20,27,34,41,2,35,42,5,6,27,33,35,45,7,0,3,4,17,28,35,45,3,14,24,42,1,3,2,27,45,3,5,35,38,2,2,29,3,8,17,23,6,22,23,27,34,42,45,5,0,1,2,20,48,5,3,24,28,34,45
24,5,1,2,5,27,40,3,8,23,29,3,1,29,41,3,24,29,44,5,5,8,26,29,45,2,34,44,2,2,33,1,27,2,43,48,3,8,22,35,4,1,8,10,44,3,17,34,45,2,5,17,3,23,27,42,2,5,34,7,8,19,27,29,41,43,45,3,5,36,46,3,27,42,44,3,2,17,24,3,5,7,8,1,27,3,5,17,20,4,7,27,33,41,3,27,33,39
29,1,8,2,34,47,1,46,2,26,45,1,8,1,41,2,25,41,5,17,19,28,32,45,2,17,27,5,2,19,27,35,45,1,33,2,5,27,3,22,27,33,2,11,22,1,34,2,33,36,3,1,22,29,1,0,4,6,8,17,22,4,24,26,33,45,1,34,2,4,45,1,49,6,8,17,24,34,44,45,2,23,25,2,35,42,4,8,22,23,48,2,20,31,1,20
27,5,3,17,27,28,49,3,6,33,45,3,1,34,45,3,17,30,45,3,27,41,45,3,19,33,46,1,44,1,8,3,1,4,32,2,6,40,3,0,7,27,3,2,27,28,3,5,17,18,4,1,6,27,44,4,27,29,43,45,3,20,45,49,2,42,45,3,5,27,43,3,5,8,24,2,27,42,3,17,20,27,4,4,23,26,49,2,0,32,3,27,33,42,4,7,22,27,46,4,3,5,27,46,2,13,42
14,1,27,1,46,5,6,23,29,33,45,1,1,1,5,1,2,1,27,1,27,2,32,44,1,33,2,5,28,1,27,1,0,1,2
16,1,46,1,20,1,45,1,43,1,2,1,27,1,28,1,34,2,5,29,1,35,3,2,21,41,3,8,39,45,3,2,8,20,1,28,1,43,3,1,24,46
26,2,24,27,3,22,41,48,2,17,27,2,22,27,4,5,37,42,44,4,23,42,44,45,1,3,4,8,20,24,42,4,1,2,17,42,2,29,44,2,3,17,3,0,3,32,3,5,39,42,2,2,17,2,8,33,5,17,20,28,33,49,2,27,35,2,23,44,2,42,47,2,27,30,1,42,2,5,29,2,14,29,1,2,3,11,28,39,1,2
17,1,29,1,25,1,39,1,14,2,25,42,1,8,1,45,1,22,1,22,1,3,1,2,2,17,18,1,17,1,33,3,6,34,46,1,32,1,43
23,3,28,42,46,4,31,34,39,45,3,17,23,46,1,8,3,29,42,49,3,6,29,44,3,8,25,27,3,17,39,43,4,17,22,32,42,4,3,4,34,44,5,14,29,32,33,45,3,23,24,27,1,30,3,24,29,37,3,17,23,27,2,33,49,1,27,1,2,4,17,23,27,45,4,2,22,42,46,5,2,23,28,29,35,6,0,8,17,35,44,45,3,11,41,42
23,6,19,27,29,33,41,45,3,22,27,44,1,20,1,0,4,23,28,35,44,3,7,31,45,3,2,33,45,3,5,17,46,2,28,30,1,43,2,13,33,2,2,29,2,38,46,1,28,3,17,29,41,1,5,3,2,3,27,2,42,45,2,2,20,2,23,24,2,2,29,1,22,2,8,35
24,4,20,22,35,45,2,8,34,3,5,8,11,2,2,32,4,2,14,37,45,4,21,27,43,44,4,7,17,30,45,5,2,8,24,27,30,1,29,2,8,27,3,27,30,35,4,27,33,42,45,3,3,17,19,2,2,29,1,41,4,2,4,17,23,3,6,17,23,2,17,38,2,7,45,3,22,33,35,1,34,2,5,33,3,8,22,44,4,1,8,19,41
21,5,2,23,30,39,42,4,0,8,28,37,2,22,41,5,1,17,24,34,45,5,6,7,17,26,27,4,3,5,26,42,2,28,39,5,0,22,27,43,45,3,0,33,38,3,8,20,24,5,6,10,27,29,45,2,8,44,3,2,6,27,5,3,5,17,31,34,3,17,20,46,5,5,18,29,39,45,5,11,17,26,27,45,3,27,29,44,3,2,5,33,5,2,23,30,32,35,3,5,17,28
20,3,17,32,46,2,20,33,2,22,24,3,2,5,20,6,2,23,27,29,42,44,5,2,5,27,29,49,4,20,24,44,49,3,8,22,46,3,42,44,45,2,5,42,1,20,3,29,39,45,1,33,2,7,33,5,17,27,28,33,49,3,26,27,48,3,17,23,36,4,1,8,17,27,3,1,5,34,5,20,27,28,43,46
28,4,17,19,27,29,1,42,1,43,3,19,27,45,4,1,3,22,29,5,0,2,5,8,45,6,5,8,11,20,27,29,1,2,3,2,17,45,2,28,30,2,27,28,4,2,17,20,24,3,27,42,45,3,7,8,45,2,3,8,4,5,8,33,45,4,33,37,42,45,3,23,24,42,1,49,4,0,27,28,45,3,1,28,35,2,1,30,3,1,34,45,2,8,41,3,1,17,41,2,2,29,5,3,27,30,34,42,3,3,17,45
33,9,1,8,16,22,24,29,41,42,44,10,8,13,19,23,29,33,42,44,45,46,8,2,5,22,29,33,34,35,42,8,1,5,16,20,32,34,44,45,6,2,3,5,17,41,45,6,2,8,34,35,36,45,8,2,10,17,41,42,44,45,48,9,17,20,27,28,29,34,42,45,46,5,2,8,17,27,41,8,2,17,20,22,26,33,35,46,4,1,2,23,42,2,2,24,5,14,23,25,27,45,4,0,17,26,45,7,5,8,14,33,35,42,49,6,2,5,23,28,32,45,7,17,32,37,43,44,45,46,7,0,1,3,7,11,42,45,5,2,10,19,27,41,8,5,6,22,26,28,34,41,46,9,5,22,26,27,28,33,42,45,46,8,3,8,17,24,28,32,45,49,2,20,22,7,7,8,22,26,34,35,42,8,3,5,7,8,28,32,33,34,8,2,8,17,27,34,42,45,46,8,14,23,27,29,33,34,44,45,6,7,17,22,27,34,46,7,17,22,26,27,29,37,43,6,5,22,23,27,34,45,9,2,5,8,17,24,28,29,35,49,7,3,5,8,27,30,45,46,6,2,6,8,20,33,45
32,4,8,20,26,30,2,2,5,5,1,8,17,29,45,6,3,20,27,28,29,46,3,2,8,17,3,21,33,34,1,3,4,20,27,34,40,1,45,4,27,29,32,34,4,11,25,33,42,3,7,8,35,4,2,5,17,28,4,2,23,33,49,4,8,27,28,45,3,17,24,45,2,23,45,3,17,24,32,4,5,27,29,39,4,0,27,43,44,5,20,26,27,45,46,1,44,3,0,33,45,3,6,8,39,3,5,44,45,5,17,19,33,45,46,2,8,20,5,7,17,28,32,49,1,2,3,17,23,45,4,17,28,32,39,4,24,33,39,45
29,5,2,3,20,34,45,1,42,1,32,6,2,6,7,9,17,34,3,32,42,45,2,27,43,4,33,35,45,46,2,29,46,3,34,42,43,5,6,27,28,44,45,3,2,3,45,1,6,6,22,28,31,32,34,49,2,1,35,2,33,41,1,2,2,20,44,4,0,2,17,27,3,1,8,33,3,27,42,44,2,5,45,5,1,28,29,31,42,2,46,49,4,0,7,32,35,3,1,23,42,2,8,42,4,2,3,20,27,6,1,2,7,17,32,45,1,44
30,4,5,12,20,34,2,8,34,2,7,44,2,27,45,1,36,7,7,14,17,36,41,42,44,1,17,3,1,6,17,2,33,45,3,7,8,42,3,2,42,48,3,1,3,27,3,17,23,27,3,5,17,34,1,13,3,32,35,43,1,42,2,17,24,2,45,46,1,8,2,27,29,2,27,41,2,8,33,4,20,27,34,45,1,20,1,19,1,49,3,0,24,39,2,27,45,3,8,23,29
29,4,20,26,34,39,2,2,29,3,3,33,45,3,27,29,42,3,22,31,36,7,3,7,23,27,31,34,45,6,5,8,23,28,44,46,3,5,39,45,5,2,13,21,22,33,4,17,25,44,45,4,2,22,23,46,7,8,27,29,38,45,46,49,5,5,8,19,23,45,5,8,23,26,34,42,2,0,17,5,0,23,37,44,46,4,2,3,22,31,1,49,8,1,7,14,31,33,35,44,45,4,3,8,27,34,1,35,2,8,44,4,10,24,29,39,6,13,27,33,39,42,49,5,1,22,30,39,46,3,3,36,46,4,8,17,23,27,5,6,20,27,35,39,4,0,1,8,22
39,5,2,4,23,27,45,5,17,29,35,42,45,5,2,8,17,26,39,9,0,1,6,8,17,27,34,42,45,7,4,6,8,34,45,46,49,7,0,2,10,20,27,28,49,5,2,17,29,35,42,2,17,44,4,6,20,39,45,6,0,2,18,24,28,35,4,17,27,32,49,4,2,20,33,39,2,1,8,2,24,41,3,5,27,45,1,1,2,3,20,2,45,46,4,5,17,20,29,5,2,5,27,33,34,6,16,20,26,28,39,42,4,7,27,29,40,5,7,27,45,47,49,3,1,20,27,1,2,5,20,27,29,33,39,1,45,4,5,8,22,28,5,3,7,8,27,45,6,27,28,30,34,42,45,7,2,8,22,27,33,34,46,3,0,23,42,5,17,27,42,45,46,5,2,8,20,28,45,2,0,32,3,11,20,27,5,8,27,28,33,46,2,13,33,3,17,22,42
31,4,2,14,27,33,3,25,38,42,4,8,27,33,45,6,2,6,20,24,26,27,3,1,3,42,4,5,22,27,33,4,13,17,27,34,2,10,27,3,2,28,44,3,3,32,46,3,27,32,45,3,6,34,45,5,2,19,29,33,45,2,8,35,1,29,3,1,20,28,2,17,45,2,5,44,3,6,8,34,3,34,45,49,4,20,32,33,49,6,2,4,27,28,34,42,5,3,5,8,17,49,3,29,30,44,6,1,2,27,44,45,46,3,1,32,33,3,0,23,27,1,28,2,2,42,2,17,46,2,34,45
15,1,45,2,33,45,1,49,1,20,2,13,45,2,2,42,2,8,45,1,5,2,23,49,2,22,29,2,1,29,1,42,1,17,1,5,1,37
35,4,2,22,23,42,2,2,27,3,2,20,45,5,17,19,24,41,44,7,1,3,20,23,32,43,44,4,1,7,39,42,5,1,2,6,20,29,6,2,4,27,28,34,44,2,30,35,3,26,27,46,3,8,17,29,5,8,27,34,42,49,3,27,35,39,4,3,24,27,33,5,2,3,5,34,45,4,5,29,39,43,2,23,36,3,17,23,42,5,0,17,23,34,45,4,2,31,34,45,1,43,5,7,8,29,39,42,5,7,17,29,45,46,4,8,27,29,39,1,20,6,10,17,26,27,34,39,4,3,6,23,27,7,2,5,8,28,32,39,49,5,5,20,35,44,45,6,0,2,5,20,28,33,3,2,8,46,5,22,35,42,44,45,3,0,13,33,3,30,35,42,4,2,20,34,42
14,4,8,17,22,45,2,27,29,3,31,34,45,2,17,26,1,35,2,27,29,2,24,25,2,5,33,3,14,41,42,2,3,49,3,2,45,49,2,5,26,3,8,28,33,2,42,46
35,6,8,19,27,38,39,44,3,8,27,44,3,2,35,41,3,5,6,24,3,7,17,34,5,5,7,27,45,46,4,2,20,26,28,2,8,41,3,2,13,25,1,34,3,8,17,48,3,3,8,35,1,2,4,6,7,22,25,3,3,23,27,1,8,3,37,44,49,2,3,23,4,2,6,20,33,2,23,34,4,3,28,41,45,1,42,3,8,33,42,7,2,3,8,10,34,42,44,3,4,27,42,2,17,27,3,23,29,45,5,0,6,32,35,43,3,20,42,45,3,23,27,45,3,17,23,27,3,5,20,45,6,0,2,22,42,44,46,3,3,7,45,2,11,34
19,1,45,1,23,1,33,1,32,1,2,1,2,1,35,1,49,1,5,2,5,33,1,40,1,44,1,27,2,4,33,3,20,28,42,2,7,8,2,33,35,1,32,1,45
32,3,27,41,44,4,19,27,41,43,2,22,27,3,2,5,17,4,4,23,32,45,2,2,29,1,33,2,8,46,3,5,23,45,1,27,4,2,27,34,44,5,3,5,20,34,45,4,27,29,42,45,2,2,43,6,2,3,20,22,30,45,2,1,29,2,34,45,3,8,29,33,1,39,4,5,19,23,34,3,19,41,46,2,28,45,3,8,33,42,1,17,4,27,30,32,45,7,5,20,24,30,37,41,42,4,5,8,27,35,3,17,34,42,3,28,30,34,3,8,20,28,3,7,8,49,3,35,42,45
25,1,4,2,2,25,4,2,14,27,42,4,2,6,23,33,5,2,8,33,34,43,3,5,28,42,1,49,3,8,42,45,4,0,5,8,45,3,17,29,34,7,0,2,3,8,10,24,34,4,5,8,30,33,4,0,2,27,45,2,7,46,1,1,5,26,32,35,44,46,2,4,6,3,25,27,42,2,23,45,1,45,2,44,45,3,2,6,17,4,2,20,27,43,3,5,17,46,2,8,22
27,4,5,8,26,45,5,29,30,37,45,46,2,20,45,3,3,17,44,4,1,2,24,27,1,39,3,8,13,49,4,6,26,42,45,3,3,11,27,6,2,3,17,33,42,44,1,1,4,4,19,23,46,1,29,2,8,23,3,7,8,34,4,0,35,44,45,3,1,17,49,5,2,5,6,34,39,2,2,27,3,27,33,35,4,30,35,37,45,2,5,8,1,42,5,5,20,26,27,42,4,5,16,28,45,6,1,7,24,31,45,46,2,8,34
20,2,3,27,1,45,2,5,28,3,7,28,33,2,27,33,1,35,4,0,8,24,33,2,7,17,1,22,3,2,27,46,1,45,1,17,1,27,1,45,1,43,2,17,24,1,28,1,4,2,17,42,1,28
28,3,2,34,49,3,10,19,27,3,0,27,35,2,2,46,3,2,27,29,1,33,3,1,27,32,1,29,3,1,20,45,3,27,43,49,4,4,17,22,27,4,5,27,42,45,3,5,8,41,4,2,4,24,27,3,2,27,49,2,7,27,5,2,4,10,31,42,4,11,17,29,34,3,29,34,45,1,33,2,7,8,5,17,21,22,33,45,3,1,42,46,4,24,27,39,42,4,1,33,41,46,5,8,17,20,23,45,2,2,3,4,0,2,27,32
27,1,8,1,42,1,30,1,29,3,2,8,27,1,24,1,19,1,2,2,5,6,1,49,2,5,29,2,28,42,1,1,1,17,2,2,8,1,27,1,28,1,28,3,3,27,45,1,17,4,2,17,23,34,1,16,1,32,1,45,1,2,1,8,1,45
17,2,23,27,2,27,43,3,17,28,35,2,25,32,2,18,32,2,2,25,2,30,35,2,34,49,2,2,27,3,8,29,32,1,34,2,25,27,4,8,31,39,45,4,5,17,35,45,1,49,2,17,19,2,17,32
24,1,2,1,45,1,29,3,8,39,44,1,46,1,45,1,29,3,10,27,42,1,17,1,6,1,0,2,17,27,2,17,24,1,2,5,8,20,27,42,45,1,33,3,2,38,45,1,1,2,7,22,2,2,49,2,8,45,1,29,1,43,1,39
35,4,6,32,33,35,4,5,13,33,45,3,17,20,32,3,8,29,33,3,5,13,17,5,3,5,24,34,38,1,3,1,27,4,5,17,30,41,4,1,5,23,45,5,11,17,25,42,45,1,43,1,33,3,2,7,19,4,5,8,23,25,3,17,42,46,3,36,45,49,1,42,1,1,5,17,22,24,42,45,3,2,5,45,2,22,49,3,3,19,26,1,2,2,22,43,2,5,34,4,2,5,10,22,4,3,20,45,49,5,3,5,8,26,49,2,2,23,6,14,19,33,34,37,46,2,17,19,1,31,3,17,43,45,2,2,42
20,1,2,2,3,22,1,27,1,42,1,17,1,5,1,45,1,2,3,2,42,45,2,43,44,2,27,49,1,2,2,6,25,1,28,2,7,17,1,40,2,33,35,1,45,3,1,29,34,3,1,26,30
24,1,22,3,2,17,29,4,3,5,8,29,2,2,27,3,2,17,18,2,4,34,1,27,2,24,27,2,27,28,1,45,1,14,2,35,41,2,2,27,3,8,20,29,1,29,1,20,2,34,45,2,18,27,2,1,28,1,1,4,17,28,32,44,1,7,2,34,45,2,0,17
40,3,27,39,42,4,19,27,34,45,3,8,27,45,6,3,4,5,10,29,33,4,17,26,27,39,4,3,24,34,46,3,28,32,45,4,1,8,29,33,3,5,27,44,2,17,23,3,5,35,46,3,6,8,22,4,2,5,8,20,2,27,42,1,8,4,2,30,35,46,2,17,27,3,20,24,27,3,2,17,29,4,5,6,20,26,5,3,4,8,31,49,4,3,7,10,48,1,44,5,19,22,28,29,41,3,2,27,34,2,5,23,3,3,25,34,6,2,6,23,26,29,43,1,13,3,8,34,46,4,5,29,39,45,3,3,27,34,3,7,8,35,2,17,46,2,5,8,2,0,42,1,6,1,49,2,25,34,3,1,20,46
23,5,2,5,8,35,37,2,5,45,1,29,3,34,39,45,2,22,45,2,17,35,2,18,27,3,3,25,30,2,8,26,4,7,8,17,34,2,23,49,1,26,2,2,8,2,34,44,3,25,30,45,1,17,3,17,28,34,1,45,2,11,45,2,5,20,1,3,2,2,27,2,1,22
24,3,2,45,46,1,20,1,34,2,24,41,2,45,49,4,22,29,30,42,2,27,33,1,8,1,32,1,33,1,46,1,20,1,42,1,7,1,27,1,0,1,17,1,2,1,39,2,14,19,1,6,1,42,2,25,48,3,17,18,20
37,8,5,8,27,29,37,41,44,45,1,19,3,8,23,42,4,6,26,27,45,5,5,13,27,32,44,4,2,17,30,32,8,3,8,17,24,28,32,34,42,2,8,42,2,8,30,2,3,41,1,46,4,8,10,33,34,2,20,34,6,0,6,22,27,44,49,6,2,3,6,34,35,49,7,0,3,17,23,37,45,49,2,20,27,7,2,3,20,23,28,33,44,5,5,19,28,32,44,3,1,2,39,3,5,7,22,6,5,6,17,20,28,46,3,32,44,45,4,3,5,20,34,2,0,8,7,0,3,6,20,23,29,33,7,1,3,23,27,34,35,45,4,5,17,20,44,4,0,1,33,45,2,17,26,4,6,23,33,43,2,37,40,4,29,42,44,49,4,1,27,33,44,3,17,27,32,5,5,29,33,35,45,4,5,20,27,29
24,1,39,2,39,43,2,27,46,2,1,46,2,1,30,2,17,39,2,27,30,1,27,4,28,33,44,45,2,24,35,2,34,35,3,8,23,26,2,1,45,3,6,27,29,2,1,8,2,5,36,2,0,45,1,2,2,5,28,1,45,5,2,24,29,33,49,3,5,20,27,2,35,49,2,5,46
29,6,2,8,39,42,43,46,5,2,5,8,11,17,4,0,28,29,42,3,3,27,34,2,27,46,3,2,17,37,2,27,29,3,13,22,30,1,2,3,8,35,44,1,32,3,7,8,24,5,3,20,27,28,30,3,5,8,11,2,8,44,3,28,29,38,6,0,5,16,17,27,28,1,23,3,1,17,29,3,29,38,46,5,1,17,20,23,42,3,18,45,49,6,5,20,27,29,35,39,2,29,39,1,28,1,27,1,1,2,34,45,1,8
30,1,17,2,8,17,1,29,3,3,5,34,1,35,1,8,1,5,1,23,1,45,1,45,1,10,1,17,1,29,1,23,3,27,30,45,1,39,1,5,1,17,3,3,17,39,1,18,1,17,1,17,4,23,35,42,47,1,45,1,35,1,49,2,28,44,1,7,1,28,1,27
30,5,0,13,27,29,34,2,23,46,4,2,8,27,45,1,45,1,6,1,20,2,6,34,3,2,27,46,2,8,45,2,1,16,3,5,44,49,1,8,1,45,2,17,23,2,11,27,1,41,1,45,1,44,3,19,27,32,3,18,33,45,2,3,24,1,27,2,2,26,1,40,2,1,3,2,2,8,3,24,27,44,2,22,47,2,1,29,1,29
36,3,0,29,45,3,23,35,39,1,8,2,5,42,1,14,2,5,49,2,23,27,3,2,7,43,3,23,33,45,2,1,2,1,5,1,13,3,17,41,49,3,5,23,29,5,2,20,23,27,45,2,45,49,1,0,2,8,36,1,17,2,23,27,2,2,27,2,34,45,2,33,46,3,22,35,44,2,8,23,3,29,45,46,1,32,5,2,11,28,41,42,1,27,2,8,20,2,0,8,1,0,2,20,45,2,45,46,5,2,17,37,41,45,2,27,42
32,2,39,44,4,5,23,26,29,3,35,39,46,1,28,2,2,29,1,45,3,3,17,28,1,27,5,2,8,25,33,38,1,24,3,19,26,27,2,5,45,1,3,1,45,1,45,2,2,42,1,35,2,42,49,3,1,3,45,2,2,27,2,45,46,2,2,17,2,17,33,3,4,33,34,3,1,17,33,3,25,34,42,3,17,33,45,2,5,8,1,17,2,27,34,2,27,45,1,33
23,1,17,7,5,22,27,28,39,42,45,6,2,8,27,32,34,45,6,1,2,6,8,22,42,10,1,3,13,23,27,28,30,33,45,46,4,17,24,33,45,8,1,2,3,6,8,33,45,49,8,5,32,34,35,41,43,45,49,4,1,27,34,45,4,23,37,42,45,6,8,23,27,32,42,49,8,2,5,8,17,27,31,44,45,7,1,2,8,17,28,34,42,3,8,27,45,8,5,22,29,34,35,42,44,45,4,27,32,41,45,6,17,24,27,32,37,39,5,3,17,20,25,27,5,2,6,20,28,35,8,0,13,17,21,22,27,29,49,8,3,8,17,19,27,30,33,34,7,5,17,23,27,35,42,49,7,1,6,8,20,28,29,45
25,7,2,5,10,11,23,33,39,2,27,45,2,42,45,3,17,22,41,1,5,4,8,17,25,46,3,3,22,49,3,0,2,34,1,20,3,1,8,34,3,27,40,45,2,0,27,5,3,5,26,27,40,3,7,27,42,3,17,27,35,3,6,23,27,4,7,22,34,45,3,1,3,49,2,1,44,3,28,31,49,3,1,27,42,3,33,34,49,3,7,17,27,3,2,5,17,3,22,29,48
17,1,5,1,1,3,2,25,42,1,45,1,17,2,41,49,4,4,27,33,45,2,17,46,1,42,2,6,34,1,45,1,7,1,32,1,8,1,45,2,1,22,1,0
18,3,2,5,17,4,22,24,41,43,4,18,31,33,45,2,2,30,3,2,34,45,1,26,1,32,2,8,42,2,23,45,2,2,44,2,45,49,2,3,32,3,3,27,33,2,7,17,5,0,21,23,28,45,1,17,3,17,32,46,3,2,14,27
35,3,29,34,36,3,3,33,46,3,5,17,30,3,2,29,49,3,1,32,38,5,2,17,22,31,41,1,29,2,0,22,2,3,17,1,8,2,22,27,5,2,10,41,42,45,3,21,42,45,3,4,13,41,3,19,20,29,6,5,20,23,32,34,45,2,5,42,3,22,32,45,3,0,7,27,1,33,3,29,43,49,3,2,10,20,5,1,17,27,33,34,2,5,29,4,7,20,26,27,3,10,17,26,3,0,2,34,3,29,42,45,4,1,23,34,44,3,14,17,32,4,18,20,28,49,4,8,26,42,44,5,2,10,17,27,33,3,1,33,35,1,27
22,2,2,27,2,2,3,4,2,23,25,39,5,17,29,32,33,35,2,2,7,1,2,1,6,1,1,1,8,2,40,46,2,29,45,4,19,23,27,34,2,2,28,3,0,8,49,1,8,3,1,27,30,4,3,6,28,42,1,20,1,45,2,13,29,1,22,2,5,20
29,2,29,34,2,7,46,2,28,31,2,21,33,6,8,14,27,28,30,34,1,33,2,8,27,3,17,27,28,2,17,34,2,5,17,3,7,8,45,4,2,5,8,45,2,39,44,2,22,34,3,8,11,44,1,29,2,29,45,2,1,27,1,34,2,24,27,5,2,5,27,29,45,2,0,32,1,49,3,24,34,44,2,39,42,3,17,34,45,1,27,2,4,42,1,5
27,1,45,1,30,2,34,39,2,44,45,2,18,27,2,5,45,2,27,45,3,8,19,40,3,22,39,42,2,2,29,2,5,34,2,3,6,3,0,2,27,1,20,4,0,8,23,39,1,5,2,8,34,2,8,29,2,8,33,1,3,5,2,22,26,30,40,2,2,6,3,3,6,37,1,22,1,28,3,2,24,46,2,7,34
27,4,2,5,17,43,1,5,5,10,17,22,27,44,3,26,27,35,2,5,6,1,42,4,8,25,35,42,5,3,6,14,27,45,2,19,27,7,8,20,27,30,32,41,42,3,22,26,31,2,24,41,4,17,27,36,42,2,25,42,2,5,27,3,0,26,27,1,17,3,7,27,45,7,2,23,27,39,40,42,46,1,46,3,8,24,27,3,17,24,42,3,8,17,45,1,45,2,20,29,5,2,14,30,38,45,2,27,45
26,3,29,33,49,2,0,23,4,14,23,35,44,1,46,4,2,7,8,27,3,2,17,27,3,8,22,39,3,17,27,46,3,20,34,40,3,17,42,47,3,8,17,37,4,3,20,23,29,5,7,17,27,29,46,4,1,28,29,46,4,2,17,28,35,3,20,27,45,3,1,22,29,2,8,42,4,8,37,42,45,5,4,22,28,32,45,2,25,45,2,22,45,2,6,17,3,8,20,28,3,1,8,44,5,26,27,35,45,47
29,3,44,45,46,4,10,27,28,44,3,27,42,45,3,18,33,44,4,27,28,39,47,4,33,39,45,46,3,29,39,42,2,5,30,6,2,8,23,44,46,48,3,17,33,42,3,1,3,42,2,3,8,4,13,17,45,49,3,1,22,36,3,22,33,34,2,2,27,3,5,27,39,3,23,27,41,4,17,26,38,45,4,4,5,27,28,4,27,30,42,47,5,5,8,22,30,45,3,5,13,42,4,17,29,31,45,3,27,44,45,1,45,6,1,6,29,32,45,46,2,0,5,1,25
31,4,5,14,29,49,3,8,22,27,5,2,5,27,29,34,3,11,17,45,3,8,11,28,2,5,41,4,5,27,34,49,3,1,23,25,4,0,2,32,44,4,2,8,25,39,4,29,41,42,45,2,17,20,3,7,17,24,5,0,7,27,28,45,3,1,23,27,6,0,2,3,27,45,49,1,6,1,27,3,8,41,44,3,33,35,44,1,2,6,5,7,17,39,45,48,1,27,4,2,17,29,48,3,27,28,43,1,8,2,4,45,2,3,17,2,3,5,4,2,17,29,43,4,5,8,27,42
30,4,2,6,30,34,7,1,2,5,17,26,39,42,2,0,32,3,21,23,28,4,27,35,42,45,4,25,29,44,45,3,2,8,17,4,2,5,8,33,2,25,34,3,2,39,45,1,3,5,1,22,28,29,44,1,27,3,2,22,45,2,23,39,5,1,10,17,23,35,2,2,15,2,5,27,4,2,17,34,49,2,10,44,4,11,42,43,45,2,1,8,3,3,5,24,4,29,33,34,41,2,1,46,6,8,22,32,33,35,42,2,8,28,1,45,1,6,3,2,5,7
24,2,2,44,2,17,27,3,1,24,45,2,8,17,3,1,17,44,2,23,33,1,45,1,7,3,5,34,46,2,24,27,2,23,39,3,5,29,43,3,18,20,33,1,23,1,33,3,2,4,23,1,17,3,27,43,45,3,27,42,46,1,17,2,17,27,3,28,34,44,3,27,32,45,2,45,46
26,3,0,24,42,2,0,27,3,17,35,45,3,1,22,23,3,2,14,44,2,22,27,3,1,8,33,2,2,20,2,2,17,3,8,17,29,4,25,41,45,48,1,45,3,12,44,46,4,2,17,19,45,3,1,2,27,3,7,27,43,2,3,46,2,32,34,3,11,17,41,2,32,45,2,23,27,5,2,17,25,45,46,4,1,2,7,17,4,6,44,46,48,3,0,34,45,3,2,7,22
31,5,8,14,23,33,35,3,3,33,45,6,2,5,14,17,27,34,3,3,24,35,5,5,16,17,19,45,1,28,3,23,45,46,1,2,7,5,23,27,33,39,45,49,6,5,23,28,40,42,49,6,2,3,5,20,34,35,5,2,6,33,38,42,6,2,19,27,33,34,44,5,1,2,5,27,46,3,33,45,49,1,40,5,6,8,17,27,42,4,17,28,34,45,4,20,27,42,45,4,0,5,17,39,4,20,23,34,35,3,7,22,49,4,5,6,34,45,3,5,19,27,7,0,2,7,19,22,25,27,4,17,27,29,44,3,8,17,22,3,29,39,45,5,1,2,8,27,44,4,1,5,27,34,3,5,27,34
26,2,8,34,1,17,3,23,27,42,3,7,22,45,1,6,3,0,35,42,1,27,3,27,34,35,1,41,2,29,45,2,2,42,2,7,22,1,24,2,30,42,6,1,5,26,28,34,46,1,22,6,2,5,24,27,28,34,1,27,2,2,46,2,8,42,1,45,1,34,4,3,28,30,42,1,0,3,33,45,49,1,43
31,6,2,28,29,33,34,42,4,8,20,22,42,3,23,35,45,7,17,20,22,27,34,44,45,5,7,22,37,45,46,3,23,28,33,6,2,22,29,39,41,42,5,4,5,28,33,45,4,2,8,34,42,6,17,24,27,28,39,46,5,2,5,8,24,35,4,1,22,27,45,5,17,22,25,27,41,3,10,42,45,2,35,45,6,0,17,19,32,39,46,6,2,5,8,17,23,33,5,0,8,17,32,39,5,8,17,20,28,39,5,1,39,42,45,49,6,6,17,33,34,42,45,3,0,1,24,5,5,17,24,43,45,6,0,2,17,22,28,45,6,1,8,32,33,44,46,3,1,27,46,7,0,27,28,34,37,39,45,8,2,11,14,17,22,27,28,33,4,26,27,39,45,2,42,45,3,1,23,34
37,5,3,7,27,34,39,4,8,20,39,45,3,27,41,44,5,22,23,26,27,33,4,1,23,27,32,5,1,8,14,27,35,4,3,8,26,28,6,1,7,19,33,45,49,5,7,13,17,25,45,2,27,42,5,8,13,23,42,46,5,8,22,29,32,46,4,3,8,10,29,3,6,20,27,5,1,23,42,43,45,1,45,4,8,17,29,45,6,3,19,22,27,34,46,4,8,20,33,44,5,28,39,42,45,46,7,3,5,7,31,34,45,49,6,3,6,8,17,23,44,4,3,34,35,42,4,13,33,41,42,5,3,23,44,46,49,3,8,27,46,3,29,34,49,7,1,2,3,22,27,41,46,5,1,5,22,24,45,4,17,24,44,45,3,7,8,24,2,17,42,2,33,35,4,6,20,26,34,5,3,28,29,33,41,4,17,20,42,46,3,23,26,44
19,1,23,1,17,1,19,1,4,1,0,3,5,39,42,4,0,5,35,45,1,8,1,27,1,3,1,24,2,28,29,1,2,1,26,1,45,1,3,1,22,3,30,42,45,1,39
18,3,24,29,34,2,2,8,2,5,45,2,17,27,1,28,3,20,25,34,1,42,4,33,35,42,46,1,45,1,43,2,26,45,1,2,2,33,34,4,4,20,34,42,3,8,17,27,1,42,2,7,45,2,27,28
26,3,23,27,45,2,27,44,2,8,22,1,34,2,8,20,2,14,39,2,27,34,2,8,28,2,27,40,6,22,26,28,34,39,49,2,42,46,2,27,28,2,2,28,2,5,8,1,42,2,39,45,2,29,33,1,46,4,5,33,42,45,2,28,40,2,29,37,4,13,23,32,33,2,27,31,2,22,38,2,17,28,2,2,39
34,4,5,17,20,45,2,8,27,3,6,17,34,4,1,2,13,22,6,2,8,24,25,26,44,4,2,5,9,20,2,8,17,4,2,27,34,45,5,2,8,33,44,45,7,5,6,22,26,27,35,45,5,8,27,29,45,49,5,23,27,29,33,45,5,7,23,25,45,46,3,20,34,39,3,8,17,22,6,0,6,20,32,33,45,4,8,28,42,46,3,23,27,42,3,18,20,25,4,7,23,29,44,4,1,3,6,41,6,2,19,27,28,33,49,5,4,22,23,27,34,4,0,3,45,49,1,22,5,2,6,19,34,45,1,33,5,6,8,21,29,30,6,5,11,21,24,33,42,10,0,2,3,5,8,29,30,33,47,48,4,0,8,32,43,4,2,27,39,46,4,0,17,23,39,1,39
26,4,4,27,42,46,4,6,8,19,33,3,2,34,46,5,2,17,22,29,39,8,14,17,19,22,27,33,34,45,6,2,5,8,23,32,34,6,6,8,18,20,22,34,4,1,8,28,42,5,17,20,26,32,46,3,8,44,48,4,3,8,17,46,2,6,46,2,24,42,3,17,42,46,6,0,8,20,32,33,45,5,5,7,13,22,26,4,8,23,27,42,6,1,10,26,27,33,45,1,25,4,2,33,41,42,3,8,35,42,3,22,26,45,1,32,7,2,17,19,20,27,42,46,4,7,11,17,29,5,2,27,34,39,45
21,1,45,1,29,1,42,1,2,1,19,4,17,22,27,45,2,23,39,3,5,41,43,1,23,1,6,3,2,27,45,2,27,35,1,22,2,8,23,1,45,1,8,2,17,33,1,27,2,0,44,1,44,1,5
16,2,0,34,2,8,33,1,5,1,28,2,22,33,2,2,45,1,49,1,26,1,3,1,42,1,2,1,23,1,3,2,8,13,1,32,1,46
18,1,2,3,17,34,35,1,8,2,3,44,1,1,1,22,1,49,1,45,2,1,45,1,29,2,5,34,3,17,20,23,2,17,34,2,1,45,1,30,1,8,1,17,2,8,46
13,2,5,26,2,6,38,2,2,34,2,29,45,7,8,17,25,27,29,33,45,4,17,22,35,43,2,27,44,1,20,2,11,42,1,27,3,2,23,45,3,33,41,42,1,2
33,1,34,3,1,6,34,3,8,13,34,3,8,22,45,4,2,8,16,27,3,19,27,42,2,44,45,4,5,17,32,45,2,20,33,4,19,20,27,30,3,8,29,33,2,27,33,1,41,1,2,2,35,40,5,5,8,22,24,28,5,1,8,10,17,45,2,29,30,2,45,46,3,22,28,41,6,6,23,34,44,45,46,3,7,26,37,3,20,23,45,5,4,32,33,41,46,4,11,17,38,46,2,1,14,4,2,4,32,45,4,2,22,29,35,3,24,27,40,5,5,8,20,28,32,4,2,5,29,45,3,3,20,41,4,20,22,34,45
19,1,42,1,17,1,44,2,8,42,1,34,3,0,20,24,2,33,49,1,17,1,8,3,34,45,46,1,8,3,3,7,17,1,17,1,49,1,1,1,22,1,2,1,8,2,26,27
24,4,23,33,34,42,3,27,41,43,2,44,45,1,17,2,33,44,5,8,17,27,29,45,1,5,2,27,28,3,8,17,29,3,23,42,46,3,27,42,45,1,6,1,30,2,5,21,2,22,24,2,5,45,1,23,4,5,6,19,45,1,22,2,34,45,1,20,4,27,32,41,44,2,30,43,1,29
15,1,46,2,5,27,2,17,18,1,2,1,33,1,13,4,2,8,23,37,1,27,2,2,6,1,28,1,27,1,42,2,2,26,1,17,1,8
32,5,2,33,34,35,49,4,13,17,23,42,1,17,3,2,25,33,4,1,17,27,34,1,45,4,2,29,32,34,4,2,6,19,45,2,8,39,2,6,46,4,17,33,45,49,2,27,41,3,6,27,28,2,17,29,3,2,27,39,1,44,3,17,35,42,4,17,20,28,35,5,8,22,23,29,44,3,27,28,40,5,8,19,27,34,42,3,17,27,49,4,2,29,39,45,1,43,3,5,44,49,5,0,2,17,23,45,3,8,17,45,3,25,26,45,4,5,10,17,27,3,2,5,27,5,5,8,11,27,41,2,33,39
36,3,27,45,46,2,1,3,4,8,14,45,46,1,2,3,17,34,41,3,2,5,17,5,1,3,17,20,22,5,1,2,16,17,23,5,17,27,32,33,45,2,5,45,2,27,45,1,27,4,5,8,28,45,3,13,42,44,3,10,17,31,3,2,20,37,4,8,30,34,45,2,5,27,2,27,49,3,5,26,35,3,17,27,45,3,5,33,42,3,17,45,46,2,28,35,1,6,5,0,2,27,42,43,2,27,30,3,1,2,25,4,5,23,28,35,3,3,6,17,2,2,43,3,8,29,35,3,8,17,19,5,7,14,20,30,42,1,5,5,8,22,32,35,42
24,2,1,17,4,27,29,32,37,1,1,2,2,42,1,45,1,6,3,17,20,43,1,44,1,3,1,23,2,17,47,1,46,1,6,1,29,3,2,31,42,1,29,1,8,1,42,1,46,3,8,18,39,2,6,42,2,7,29,1,44,1,34
18,1,45,1,8,1,19,1,2,1,5,2,28,39,1,4,3,2,20,29,1,5,3,28,32,34,1,2,2,5,27,4,2,3,8,19,1,0,2,8,39,1,17,1,22,1,45
19,1,2,2,14,45,2,2,17,1,27,4,8,27,33,49,1,29,1,33,1,45,2,29,35,1,45,2,35,42,4,3,6,20,23,2,1,39,1,27,2,2,5,1,27,1,32,2,26,29,1,44
21,3,2,22,25,3,3,5,45,2,1,46,3,8,17,47,1,42,5,2,17,27,35,46,6,2,5,33,39,45,49,3,1,3,34,5,1,28,29,34,45,6,8,27,32,33,45,46,3,8,17,28,2,1,33,1,27,2,22,24,3,2,20,45,3,2,23,45,3,3,17,29,2,17,28,2,2,30,4,11,28,32,42,2,6,29
21,1,30,2,2,26,1,24,1,45,1,42,1,13,1,5,1,30,1,8,1,8,1,2,1,5,1,48,1,2,2,7,13,1,17,2,2,34,2,11,17,1,32,1,3,1,29
19,1,20,1,45,1,2,1,27,3,1,7,37,2,20,34,1,2,1,8,1,33,3,5,34,45,1,30,1,45,1,29,3,27,29,34,4,1,2,8,23,2,34,45,1,17,1,45,1,26
27,1,45,1,39,3,4,23,27,2,20,42,2,40,46,4,2,6,13,21,3,22,23,43,3,2,8,28,2,17,22,3,27,28,44,2,23,42,1,17,1,0,3,6,8,14,2,23,34,3,27,43,45,1,43,2,27,45,1,39,2,0,20,2,4,48,2,23,29,4,1,24,30,34,1,2,4,5,39,45,46,2,13,29,2,20,35
16,1,27,3,1,8,20,2,1,29,4,2,8,25,34,3,7,8,45,3,0,2,17,1,42,3,23,32,45,2,14,31,4,3,20,23,42,3,5,24,48,2,27,29,2,8,23,2,24,27,1,27,1,17
25,6,7,8,27,33,46,49,5,2,17,19,29,35,3,1,5,27,4,3,5,8,42,2,42,45,3,5,32,42,3,8,20,27,2,2,32,4,1,27,33,45,5,8,27,32,34,37,6,2,21,27,30,33,45,2,8,46,2,23,44,3,17,41,45,5,5,23,39,42,46,5,17,27,29,32,39,4,8,27,34,37,4,2,8,28,45,4,8,20,29,32,5,0,2,23,30,32,3,2,26,39,5,14,27,28,34,45,4,5,8,13,28,5,6,20,34,43,49,4,17,19,22,27
37,1,29,2,34,39,2,1,24,1,8,2,8,44,2,33,45,3,4,17,34,1,45,6,4,33,34,39,44,45,4,0,2,32,45,2,5,6,2,8,37,2,3,27,2,5,45,1,4,4,8,22,27,42,1,29,1,0,2,23,44,3,14,27,30,2,0,23,1,39,2,26,42,2,8,46,5,5,8,46,48,49,1,2,1,33,2,2,45,2,19,34,3,20,23,39,1,20,2,39,49,2,23,27,5,2,3,8,33,42,3,2,5,22,4,3,6,24,29,2,13,46
29,1,34,4,19,22,33,45,1,2,1,33,3,7,27,42,1,42,1,45,1,2,2,5,45,3,3,20,45,1,5,1,2,1,46,2,19,40,1,27,1,44,1,30,1,45,1,2,1,2,1,5,1,27,1,29,1,17,1,3,1,13,2,44,45,1,2,1,20
29,3,8,35,46,4,6,34,37,43,6,5,6,8,26,33,43,2,17,34,6,19,27,35,42,45,46,4,2,22,23,39,3,5,32,45,2,28,33,5,2,17,27,33,42,3,27,45,46,3,8,10,14,5,24,27,34,45,46,3,2,20,45,5,33,34,42,45,49,4,3,11,28,42,6,8,26,27,29,32,49,5,5,8,28,29,34,3,3,8,27,4,27,28,45,49,4,5,28,32,44,4,27,34,35,43,4,1,17,29,35,3,17,32,44,5,5,25,33,42,43,5,3,17,26,28,33,3,3,27,32,4,22,33,43,46,7,17,22,23,25,29,32,45,4,14,17,23,32
23,3,20,21,33,2,6,34,3,2,3,34,3,30,44,45,2,2,27,3,5,17,44,2,14,45,7,5,6,11,17,22,27,32,3,33,35,45,1,3,5,1,2,4,19,44,4,8,10,17,39,4,5,17,46,49,3,27,28,34,2,23,38,1,37,4,8,23,29,39,3,2,17,29,4,8,27,32,33,2,2,45,1,17,3,5,17,34,2,24,45
11,1,44,4,5,8,16,25,1,5,1,20,1,5,3,32,35,44,1,33,3,22,28,41,1,43,1,34,2,5,32
19,1,17,1,17,2,34,49,1,24,3,2,24,33,2,2,33,1,45,3,5,7,24,2,3,8,1,33,1,2,2,8,28,2,27,42,1,27,1,34,1,37,1,25,1,11,1,22
31,1,45,2,23,39,2,0,29,3,1,9,27,3,2,32,47,2,3,27,2,27,45,2,2,45,3,8,24,44,2,28,33,2,21,34,2,8,17,1,45,2,6,45,5,12,14,22,23,46,3,23,32,42,1,17,2,2,3,1,21,3,6,17,37,1,2,1,34,3,2,35,42,2,2,27,2,29,42,2,13,49,1,35,2,34,49,2,34,45,1,20,1,17
24,1,27,2,20,45,3,0,2,27,1,3,2,2,45,1,8,2,8,14,2,24,33,1,29,1,34,1,5,1,35,2,2,17,1,18,1,17,1,39,1,27,1,32,1,5,2,27,32,1,8,1,27,1,28,1,29
25,3,8,26,34,3,11,20,45,2,41,43,2,26,42,5,2,14,17,27,49,2,22,45,2,2,29,3,18,24,34,1,44,1,1,2,28,40,4,2,3,24,35,2,5,25,2,1,5,1,45,2,11,31,2,11,37,4,2,20,35,42,1,44,2,0,25,1,17,2,17,27,1,33,2,2,8,2,32,34
22,4,7,26,27,46,3,20,29,45,2,17,27,2,5,27,5,1,7,29,33,43,2,29,41,4,2,22,28,44,2,6,8,2,8,28,3,0,35,37,1,34,1,42,2,24,29,2,8,49,5,8,20,24,27,46,2,3,5,1,19,2,22,33,2,17,40,2,1,33,2,2,20,5,5,6,7,26,32
32,2,34,42,1,32,2,7,22,3,2,8,17,3,2,28,46,4,2,17,32,45,2,6,44,1,26,1,42,1,35,2,17,49,5,3,5,17,34,42,3,7,32,42,3,3,27,45,1,5,2,24,27,2,27,30,2,6,45,1,2,2,7,27,1,27,2,30,42,1,44,1,32,3,8,11,17,3,6,22,28,2,29,46,3,17,23,27,1,37,1,37,1,26,2,3,42
17,2,0,5,1,39,2,5,6,1,24,3,2,5,29,3,13,27,31,1,28,4,0,23,33,35,1,44,1,6,4,27,29,41,45,1,27,1,35,1,29,1,27,1,42,1,27
40,3,5,6,33,2,1,3,5,3,26,33,39,49,3,27,34,45,2,2,42,1,34,3,3,22,45,4,5,8,29,45,3,8,28,49,1,45,5,2,8,22,33,48,4,22,23,24,33,3,7,27,49,4,1,2,30,34,2,34,42,2,8,22,1,5,1,42,3,5,28,29,1,45,3,1,5,42,3,2,44,46,2,8,27,4,0,8,17,44,3,8,16,45,4,2,7,26,49,3,19,20,23,3,7,27,40,3,27,32,35,2,7,41,4,2,17,41,45,4,23,25,27,35,3,0,3,29,4,7,23,24,48,3,17,44,49,3,2,17,46,1,39,3,34,43,45,3,22,34,39,3,28,42,45
23,1,45,1,5,2,5,29,1,8,1,8,2,6,19,1,2,1,27,2,22,32,1,33,1,2,1,19,1,0,1,20,1,5,1,19,2,27,38,1,2,2,17,45,2,21,45,1,17,3,42,44,49,1,19
28,3,5,29,42,1,28,1,35,3,8,26,30,3,19,23,45,3,2,5,45,3,2,34,39,3,3,28,45,2,6,24,7,7,16,17,27,30,42,45,4,3,23,32,49,2,8,29,4,2,27,44,45,4,3,27,29,35,4,8,23,27,32,3,3,20,27,1,42,3,8,29,40,5,2,28,32,40,46,3,2,11,45,1,47,4,17,45,48,49,2,1,31,3,8,29,45,2,17,45,3,25,34,45,4,23,27,30,33,2,25,45
35,1,42,4,5,17,33,44,1,7,2,17,42,3,3,5,45,3,6,29,34,1,2,3,23,33,45,2,5,44,1,28,1,8,2,5,22,2,2,45,2,8,10,1,27,3,0,8,28,3,3,33,45,2,2,28,3,1,27,29,1,27,2,33,34,2,3,17,2,16,46,1,3,2,17,27,3,8,24,42,2,18,29,1,49,3,2,8,17,2,23,46,2,7,27,3,0,27,45,2,29,39,2,18,23,2,8,29
22,2,38,45,2,24,44,3,8,41,46,1,8,4,8,22,24,42,5,8,17,29,43,44,2,20,45,2,3,35,3,5,8,39,2,4,41,4,2,3,35,42,2,2,6,3,20,23,49,1,14,2,0,5,2,17,45,4,5,6,27,49,2,27,32,3,1,11,45,1,2,3,17,27,45,2,8,19
18,4,0,3,19,33,1,34,2,8,28,5,25,33,40,45,49,3,27,29,32,1,27,3,8,22,33,4,18,38,43,45,4,5,17,32,43,3,4,6,34,2,27,44,5,1,4,30,32,49,3,0,2,29,3,5,17,29,3,8,13,43,7,7,17,27,35,41,42,49,3,0,27,34,3,5,8,23
25,2,24,34,1,6,2,13,45,3,1,2,20,1,38,2,27,45,1,49,1,5,3,8,18,45,1,45,5,2,7,22,23,26,2,31,39,3,8,40,44,6,1,3,5,27,34,47,1,2,1,34,6,0,7,17,22,31,37,2,5,43,2,20,37,2,37,45,4,0,2,16,45,2,17,45,2,2,44,1,27,1,0
30,2,8,49,1,6,5,10,27,42,44,45,6,17,18,26,27,29,30,3,8,22,27,5,2,5,30,34,42,5,2,17,21,27,46,3,17,24,44,4,9,27,28,45,5,0,13,14,27,45,6,2,5,17,42,45,46,4,3,29,31,34,5,20,24,29,35,45,5,5,7,24,25,42,5,8,22,23,29,45,4,28,35,42,45,4,8,27,30,31,4,2,27,41,45,2,5,45,5,7,20,29,39,49,2,25,45,4,11,28,39,45,3,3,4,22,5,5,7,17,26,45,3,10,20,29,1,22,3,17,29,34,5,3,22,25,33,34,4,3,5,8,17,5,0,1,8,11,24
24,4,6,13,44,45,7,1,2,6,23,33,39,45,5,1,2,8,24,32,5,8,17,33,43,44,4,1,3,8,39,1,5,4,2,3,42,43,4,0,8,28,32,5,3,5,6,24,45,2,2,31,6,2,5,20,28,29,45,3,33,35,46,2,20,34,3,20,24,44,7,1,3,17,20,22,34,46,3,27,29,49,5,1,22,42,45,46,1,2,3,5,27,45,2,2,27,7,1,5,17,27,33,44,45,3,11,28,42,2,8,45,3,25,27,32
23,9,8,23,27,30,33,34,36,44,45,8,1,2,4,5,7,17,32,41,9,2,4,8,10,14,19,28,45,49,5,2,5,27,32,44,9,3,14,22,24,27,29,33,38,42,9,5,14,19,24,27,28,35,40,42,8,2,4,20,27,33,42,45,46,3,2,34,45,3,22,34,39,2,2,6,5,0,2,22,34,43,6,2,19,20,24,45,49,7,3,6,27,28,32,35,46,7,8,17,26,27,30,45,46,6,2,5,29,33,41,45,6,17,20,39,42,45,49,8,2,22,23,24,28,29,33,34,6,2,28,34,40,44,46,7,2,5,8,27,29,42,46,8,4,6,24,27,32,39,43,45,6,0,8,29,32,34,37,10,2,8,17,22,28,32,34,41,42,45,10,2,4,5,8,22,26,28,37,42,44
33,3,27,33,46,4,2,3,17,35,3,25,27,49,2,2,28,4,3,17,29,45,3,28,29,47,5,27,39,42,44,45,4,17,18,33,42,4,0,5,6,34,2,2,44,3,17,19,20,3,3,10,22,3,5,42,45,3,8,34,45,3,20,45,46,2,17,29,5,2,17,33,34,46,4,26,42,43,45,5,17,26,27,29,41,1,32,4,14,20,32,34,3,8,25,30,3,5,32,41,2,26,31,1,34,3,6,20,46,3,26,41,43,3,2,10,27,8,0,5,7,17,23,28,32,43,3,8,27,34,3,27,29,45,1,2,4,1,10,28,33
31,4,2,5,8,20,3,17,27,41,4,7,21,33,42,5,1,3,20,28,37,2,13,49,3,2,44,45,5,2,17,27,42,45,3,28,35,46,6,11,20,26,27,35,45,1,46,2,7,41,4,3,17,22,38,3,1,17,25,1,6,6,3,17,23,35,40,44,3,32,33,34,2,5,44,4,2,8,17,25,5,17,22,29,42,45,3,3,23,46,4,2,8,17,33,3,13,17,46,2,2,20,2,1,45,4,1,22,25,27,1,0,3,5,17,27,3,8,32,35,4,5,13,24,45,3,23,44,45,2,27,42
22,3,3,6,42,2,0,27,2,5,10,4,3,27,33,45,2,11,42,3,3,24,27,1,35,2,0,27,1,23,3,0,2,6,4,8,13,28,34,2,17,27,2,5,45,2,5,20,2,18,39,2,8,45,6,8,10,22,38,42,45,1,17,1,24,4,5,6,33,45,2,6,22,4,17,34,37,46
27,5,5,7,22,39,43,4,2,5,32,44,3,34,39,49,5,1,5,7,17,27,4,17,20,33,42,1,29,4,10,17,18,33,3,23,27,28,2,10,33,3,3,5,44,2,35,37,6,2,17,35,45,46,49,2,34,46,3,2,20,40,4,8,27,28,39,3,5,13,28,4,3,29,33,39,8,2,3,6,8,19,22,27,45,1,17,3,0,20,45,3,10,22,29,5,33,35,42,45,46,2,2,27,2,17,29,2,6,32,2,17,42,3,5,14,17
28,2,20,39,3,1,17,40,1,14,2,2,45,4,2,5,8,45,2,17,29,1,16,4,5,18,45,49,2,2,28,3,8,25,42,1,45,4,1,3,33,45,1,1,3,8,10,17,3,8,19,45,2,28,42,2,2,28,4,8,22,26,33,1,17,1,0,3,2,7,23,2,27,35,3,29,32,45,4,2,3,22,27,2,25,45,2,27,45,1,28,1,42
33,2,34,44,2,8,17,1,45,3,7,30,33,5,8,22,29,32,45,3,22,24,39,2,5,32,1,23,5,2,6,10,27,30,4,5,8,11,43,3,17,27,39,3,13,26,34,3,17,23,45,2,17,27,8,2,3,7,22,33,38,41,46,3,24,27,43,2,27,46,2,23,31,2,31,33,1,30,4,5,8,27,45,3,38,43,46,3,3,8,29,4,1,7,11,17,4,7,22,28,45,6,1,28,33,45,46,49,3,8,33,39,2,1,28,4,1,4,45,49,4,5,7,8,29,3,5,27,49,6,0,8,10,29,33,45,3,20,45,46
29,2,23,33,2,1,6,5,17,20,27,45,46,2,27,34,2,24,40,2,5,8,3,5,30,42,1,5,1,29,3,27,45,46,2,5,27,1,8,1,45,2,5,45,3,8,17,42,3,1,2,45,1,23,2,23,27,2,3,8,1,4,4,8,17,28,45,1,35,2,14,17,2,0,42,4,17,27,32,37,1,27,4,1,25,27,33,3,0,3,26,6,1,6,27,28,29,35
27,5,8,24,35,39,45,4,5,29,35,42,3,0,5,44,3,5,14,39,4,0,2,7,23,4,8,31,41,45,3,29,34,39,6,2,8,27,39,41,45,3,8,20,42,3,0,44,45,4,1,2,45,49,2,20,37,4,8,20,27,49,2,2,8,4,5,21,26,45,5,2,17,27,28,45,3,25,34,49,5,17,28,30,33,34,3,13,42,45,3,2,30,42,3,25,27,35,5,3,27,28,34,46,2,20,42,3,2,27,33,5,2,25,38,45,46,4,3,27,33,45,5,4,23,27,28,32
24,4,2,5,8,20,5,17,28,34,42,45,2,1,27,3,5,27,42,4,5,22,27,33,3,3,33,42,5,2,6,16,23,30,1,18,2,0,27,4,26,30,35,44,2,33,42,1,27,4,2,3,5,29,4,6,37,38,44,2,20,25,6,5,7,17,22,29,33,5,2,19,28,41,49,4,0,19,27,45,3,3,8,29,1,45,4,8,17,42,46,3,0,22,26,3,3,33,37,3,5,17,45
30,4,17,23,35,45,4,5,22,23,46,2,43,44,2,19,41,4,8,17,22,45,4,1,14,20,27,5,2,6,17,29,43,5,5,10,22,44,45,3,8,13,45,3,3,7,8,3,5,27,44,2,30,33,3,5,33,45,3,2,8,32,3,27,34,49,3,8,17,38,3,33,39,42,2,22,23,5,2,5,22,27,44,2,0,17,3,5,6,27,1,45,3,8,27,40,2,4,27,6,14,17,30,33,35,37,1,24,3,35,37,45,3,2,19,27,4,7,27,35,42,1,39
24,2,27,34,1,20,2,3,27,1,24,1,45,1,34,1,33,2,8,34,1,27,1,1,1,39,2,20,45,1,8,1,34,1,17,1,27,1,34,3,23,27,49,1,32,2,27,32,1,17,1,45,1,26,1,2
13,2,3,34,1,34,1,20,3,7,22,49,1,17,1,49,1,42,1,6,4,6,27,33,42,3,2,33,42,1,39,1,29,1,48
13,1,34,1,42,1,5,1,27,2,8,35,1,28,2,17,46,3,8,35,45,1,44,2,29,41,1,13,1,7,3,5,24,39
37,2,30,45,3,5,32,33,2,5,45,1,17,4,2,5,8,41,2,23,42,2,17,27,2,3,5,3,3,27,47,2,1,22,2,8,23,1,0,1,49,4,2,8,14,49,2,23,27,2,17,26,5,2,8,20,45,49,2,1,27,2,44,45,2,44,45,1,29,3,23,28,44,5,1,2,17,22,42,2,23,33,3,4,7,17,1,23,3,2,28,29,2,34,46,1,13,3,3,7,8,1,24,2,17,22,1,41,1,45,2,6,45,1,34,3,33,45,46
32,3,4,8,27,2,13,16,3,3,8,49,3,17,35,49,4,28,33,35,45,2,19,29,3,3,32,41,2,27,29,2,29,49,2,8,26,4,3,23,28,29,2,44,49,2,5,29,3,27,36,42,2,13,44,3,2,19,29,2,2,8,6,2,14,26,34,42,46,2,20,45,3,2,5,25,2,23,45,1,49,1,0,4,2,26,29,41,10,0,2,5,8,20,21,24,29,30,45,4,5,21,23,27,3,4,8,46,3,2,5,46,3,2,5,27,2,34,39,2,2,7,3,7,26,27
31,2,35,49,2,16,22,5,8,33,35,44,49,3,5,39,44,2,5,10,3,5,7,45,3,5,42,45,3,0,45,46,3,23,35,45,2,4,29,3,14,32,45,3,5,6,10,3,0,17,45,4,3,22,27,49,4,2,23,32,49,1,23,7,2,8,11,22,34,42,45,6,17,27,30,42,45,49,2,8,27,3,6,19,45,5,2,20,28,39,42,2,2,45,4,17,27,45,46,2,17,36,2,32,44,3,2,27,35,6,0,1,6,39,42,45,2,4,44,3,22,26,30,3,8,10,29,1,20
30,3,3,5,41,7,0,23,27,29,33,45,48,7,0,1,25,32,34,42,45,6,5,7,8,11,20,41,5,8,27,28,39,42,4,27,42,43,45,3,5,27,42,4,22,31,39,41,8,3,8,19,27,31,33,41,45,4,2,22,26,49,5,5,8,22,27,29,3,27,29,44,5,2,5,42,45,46,6,6,8,28,30,34,39,2,17,46,4,8,11,39,43,3,0,35,41,5,2,5,23,28,34,5,5,17,34,42,45,5,2,17,20,33,34,7,5,8,22,33,42,46,49,4,2,3,27,42,3,27,28,42,5,4,17,27,42,46,5,4,11,20,38,44,6,1,4,8,17,27,49,6,5,8,21,27,29,45,6,0,3,24,27,29,45,5,2,7,19,35,44,7,0,5,21,25,26,27,29
29,2,8,27,2,19,35,3,28,35,49,3,6,17,33,1,34,1,45,1,20,3,3,17,44,4,13,17,27,33,2,7,17,1,2,3,8,27,29,2,27,46,5,2,5,8,10,48,2,7,17,6,1,5,6,17,26,27,1,27,2,20,35,3,23,42,44,2,17,27,2,28,48,3,17,27,45,4,2,4,39,42,1,5,3,1,8,19,1,22,1,45,1,17,1,34
26,4,7,26,41,45,4,0,3,27,35,3,2,27,33,2,5,17,4,24,44,46,48,3,19,41,43,5,7,8,11,22,34,3,7,32,45,2,1,14,4,0,2,7,20,4,5,34,39,45,3,22,29,32,3,0,33,37,3,21,33,34,3,1,13,17,3,2,20,42,3,5,41,45,2,8,42,1,17,2,27,32,5,2,22,42,44,45,2,27,41,3,2,35,42,1,23,4,0,5,42,43,4,5,19,31,34
29,2,17,35,1,29,1,17,1,36,1,27,1,27,2,20,45,2,28,46,1,23,1,17,1,46,1,8,1,22,1,35,1,46,2,1,46,1,17,1,46,1,27,3,5,7,35,2,3,8,3,1,6,46,1,39,1,29,1,8,1,34,1,1,1,33,1,3
30,2,23,28,2,6,23,2,17,46,2,5,45,3,8,22,45,2,29,39,3,8,26,36,2,8,22,1,27,3,23,27,29,3,22,27,46,2,2,27,5,5,23,32,42,49,2,16,46,3,2,33,45,1,44,1,28,2,1,27,2,27,45,2,33,46,1,27,2,17,43,2,8,26,3,0,23,33,1,44,2,27,29,1,27,2,8,34,2,5,11,3,28,31,45
31,2,17,34,2,28,42,1,34,1,5,4,2,5,16,42,4,2,7,45,48,2,14,45,1,3,2,27,45,2,20,27,1,4,4,3,8,17,46,2,8,34,2,30,45,4,3,7,42,44,2,3,44,2,7,20,2,29,42,2,2,27,3,0,28,39,1,5,1,8,2,29,33,1,5,1,49,3,2,34,39,3,5,31,45,1,0,3,22,27,37,4,7,17,35,44,2,27,42
20,4,7,19,41,45,2,23,33,2,8,46,1,24,3,14,29,39,2,6,8,2,45,46,2,29,39,2,8,20,2,29,45,2,2,5,1,17,3,3,20,45,1,39,3,8,28,49,2,19,46,3,6,35,46,3,8,11,33,2,27,42,3,27,28,39
29,5,24,27,30,37,45,2,5,43,2,7,27,3,3,19,49,3,2,28,49,1,29,2,22,27,2,39,45,2,17,25,4,1,17,19,24,2,2,42,1,44,1,8,1,28,2,29,42,5,8,10,29,38,45,1,7,3,2,17,42,2,23,27,5,10,29,35,38,45,1,49,2,5,21,1,33,6,8,26,27,29,33,37,2,22,45,3,8,42,45,2,17,45,4,18,22,29,41,1,29
36,8,2,5,8,17,24,25,29,45,7,1,4,17,29,34,44,45,8,2,17,29,30,33,37,44,49,7,2,18,32,34,43,45,46,3,2,41,44,10,3,8,17,18,23,27,31,34,46,49,7,1,2,6,17,23,24,45,6,2,6,14,19,39,45,4,1,24,27,34,9,2,17,19,23,27,39,41,44,45,8,8,17,27,29,33,34,38,42,7,0,1,22,27,32,35,42,8,3,8,17,18,27,33,34,42,5,2,5,8,28,39,7,1,3,23,25,45,46,49,8,2,3,28,29,33,34,43,45,6,23,26,27,29,41,45,7,0,1,8,17,20,23,29,9,1,3,5,11,27,28,34,43,47,9,2,3,5,8,23,32,42,44,45,7,0,2,27,28,32,37,42,6,5,17,18,22,39,44,8,6,10,23,27,28,33,34,45,7,2,7,8,24,27,28,45,7,2,3,5,7,17,29,45,5,1,4,6,27,29,5,2,23,27,31,44,7,0,2,17,27,30,32,35,7,2,26,29,32,40,42,46,8,1,5,17,27,28,29,40,41,7,3,8,17,26,27,32,45,8,4,5,17,26,28,42,44,45,7,1,5,7,17,27,29,33,6,0,1,6,18,23,27,6,6,7,8,26,30,45,7,13,26,27,28,30,35,49
25,4,8,27,28,43,3,27,33,34,2,0,34,1,38,2,2,23,4,2,8,12,42,4,1,30,42,49,4,3,6,33,46,3,3,5,42,9,3,5,8,10,17,28,31,34,42,2,27,34,1,27,4,3,5,8,24,2,34,45,2,28,34,5,5,27,42,43,45,1,17,3,3,17,20,3,2,5,39,3,19,27,33,4,2,5,19,45,1,29,1,7,2,17,27,3,17,23,34
24,1,6,2,32,41,4,7,23,34,45,3,2,17,39,2,4,42,2,29,39,1,33,1,22,1,27,1,27,1,5,2,20,45,1,42,2,17,20,1,45,1,3,2,33,45,1,34,1,39,1,23,1,44,3,1,38,45,1,45,1,27
33,4,8,22,32,33,2,42,45,3,3,27,45,3,27,31,45,7,6,7,10,32,41,42,44,3,22,29,42,4,23,27,39,42,2,29,44,4,2,28,32,39,3,27,29,45,4,3,27,29,37,4,1,4,10,45,5,2,20,23,27,28,6,5,16,17,20,27,28,4,1,8,27,49,5,2,22,27,33,41,6,8,17,27,33,35,42,5,8,11,27,34,41,4,5,8,35,38,6,6,22,27,28,29,45,5,22,27,44,45,46,4,1,19,23,34,4,13,28,33,42,4,1,27,34,45,4,2,4,32,45,3,7,43,45,3,8,28,41,2,23,28,4,4,8,39,44,5,17,30,34,39,45,3,5,8,10,5,17,22,23,25,44,5,3,8,27,41,44
32,5,10,17,27,42,45,3,8,29,42,2,3,22,3,1,5,8,4,0,27,42,45,5,3,5,8,27,34,3,19,28,33,4,2,5,23,46,5,7,17,41,42,44,5,2,5,8,11,42,3,7,10,49,4,27,39,44,46,6,5,7,17,25,33,41,6,19,25,26,27,28,34,5,22,23,24,27,45,2,8,41,5,7,17,27,29,45,2,14,44,6,1,8,14,22,27,34,5,7,8,14,20,27,4,6,23,35,44,2,45,49,4,23,29,42,45,6,3,6,28,32,44,45,6,17,34,40,45,46,49,4,2,22,25,45,4,2,10,40,46,4,4,23,27,45,5,27,33,35,44,46,4,1,23,45,46,2,23,27,3,19,22,39
14,3,17,29,34,3,17,28,34,1,14,3,27,33,42,1,45,1,13,1,35,2,6,22,1,41,1,45,2,27,42,2,19,33,1,28,1,32
37,4,3,17,22,44,2,8,27,4,7,17,20,42,4,27,29,42,44,6,5,23,27,28,35,45,6,2,8,24,29,39,44,3,8,27,34,6,19,28,29,33,44,45,4,5,28,29,49,4,5,17,22,27,4,8,14,29,49,5,2,5,7,14,29,3,20,21,33,5,2,11,17,25,28,4,5,27,31,42,5,22,27,29,46,49,5,2,6,14,27,42,6,1,8,27,36,45,49,4,2,5,28,29,1,42,8,2,22,27,32,33,44,45,46,3,2,23,45,5,2,22,32,33,45,2,27,49,4,20,33,39,45,4,6,28,42,45,2,3,23,4,2,8,33,46,3,2,6,8,4,3,11,28,46,3,1,6,46,4,3,23,27,39,4,2,28,29,30,7,2,7,24,29,33,42,46,2,3,19,4,6,20,23,45,7,1,6,17,23,33,35,45
17,1,17,1,23,1,27,1,5,1,4,1,28,1,2,2,2,28,1,5,1,1,2,2,5,1,17,2,44,45,1,8,1,35,2,3,5,1,2
29,3,1,2,45,3,2,6,34,5,19,27,32,33,41,3,34,38,44,5,0,10,27,34,42,3,8,27,34,2,26,27,3,2,5,49,2,2,33,3,8,33,46,3,7,27,46,3,20,25,34,4,8,13,43,45,3,1,8,17,4,3,7,27,45,3,8,19,27,1,8,3,22,30,34,1,33,5,20,25,27,29,34,4,1,17,20,45,1,29,2,2,42,4,1,2,27,45,2,20,45,6,2,6,22,23,28,41,3,5,22,45,3,1,2,5,3,2,27,32
26,2,40,41,2,2,44,3,4,32,38,1,27,5,2,8,17,32,45,2,27,42,1,20,2,3,17,1,2,1,33,3,5,28,34,2,27,32,5,0,3,5,29,43,2,5,44,3,21,27,33,2,18,23,2,29,45,1,45,2,28,35,2,2,41,1,45,1,44,1,32,4,3,28,44,46,2,18,20,3,17,22,28
35,2,23,49,2,0,8,2,3,17,3,8,45,48,2,0,2,2,5,27,2,39,43,3,22,27,32,4,0,6,35,46,4,1,23,34,42,1,45,2,8,9,4,1,8,22,27,2,17,23,7,10,20,28,33,34,35,45,3,8,27,45,2,14,49,1,17,1,34,3,8,27,42,5,6,17,20,39,44,1,25,3,33,34,42,2,3,29,2,29,39,1,42,1,17,2,22,33,2,2,7,2,17,39,2,39,44,1,19,1,5,2,27,45,2,14,36
32,2,25,34,1,32,1,27,2,26,44,3,2,27,29,3,29,31,46,2,35,46,1,41,4,0,23,29,44,2,19,27,2,3,37,4,25,33,34,39,5,22,23,27,32,34,2,10,33,3,5,8,44,3,20,39,48,3,33,39,45,2,27,42,2,42,46,3,30,34,42,2,17,37,1,7,1,6,1,48,4,0,17,24,35,2,29,32,1,0,3,2,7,34,5,3,5,10,35,45,2,6,41,1,7,1,8
30,3,8,20,45,3,5,42,46,2,27,32,3,2,8,45,2,2,49,4,5,8,39,45,1,32,3,0,11,44,4,8,26,27,31,3,2,3,39,1,1,5,10,27,28,35,45,3,26,30,45,3,0,38,42,3,26,37,45,3,0,2,45,4,8,14,17,22,6,17,23,28,39,44,45,2,3,27,4,2,5,26,29,3,8,17,42,2,2,33,3,13,23,30,3,1,8,45,3,17,25,28,4,8,11,27,31,1,2,4,2,3,29,33,3,1,5,35,1,17
26,3,1,2,45,2,6,27,3,6,14,27,3,3,24,27,3,2,42,45,4,2,3,7,34,7,2,12,19,26,27,28,33,3,2,4,43,1,27,5,2,7,14,35,45,2,42,44,3,2,27,45,2,20,33,5,17,20,25,27,45,4,5,13,24,39,4,6,11,28,39,2,17,26,4,1,23,35,45,3,17,22,45,3,7,8,27,5,1,27,35,41,42,1,4,1,23,3,8,24,27,3,3,5,29,3,20,27,28
26,5,29,34,39,42,46,4,1,17,27,34,2,10,14,2,27,34,2,2,42,4,8,27,30,42,3,1,27,44,3,7,27,45,7,0,2,5,17,35,44,49,3,1,29,34,3,17,27,29,3,5,29,45,6,6,7,8,23,27,34,3,17,33,42,5,5,26,29,33,42,2,5,27,3,25,44,45,2,39,49,2,17,29,2,34,35,7,2,5,7,17,21,33,34,3,5,17,49,3,10,34,44,2,10,45,4,2,27,28,45,3,22,28,42
26,1,46,5,5,6,19,32,45,3,8,27,42,2,3,18,2,33,34,3,17,28,45,4,17,27,34,35,1,20,4,1,22,27,29,3,2,8,35,2,28,34,4,1,2,34,44,3,25,39,45,4,7,17,20,46,2,17,24,2,5,30,3,10,17,29,8,5,11,27,29,32,33,42,44,3,3,32,43,2,32,39,3,1,29,32,9,0,1,3,8,11,27,39,45,46,2,34,45,2,17,42,1,27,1,27
21,4,7,22,27,41,2,20,35,5,1,2,22,23,35,4,22,29,42,45,1,39,1,5,5,0,27,28,42,44,2,17,27,3,34,42,45,4,31,42,45,49,5,2,3,5,39,42,3,23,27,46,6,6,10,27,28,35,42,3,27,34,37,1,45,3,21,34,42,5,2,3,20,27,33,2,30,42,3,2,26,34,3,13,20,27,2,32,42
38,4,19,36,44,46,5,2,34,42,46,49,4,34,36,41,43,3,0,29,49,5,7,27,34,45,46,5,6,8,18,37,43,3,27,33,39,1,45,3,1,8,17,5,7,8,23,27,45,3,8,27,34,4,0,23,34,45,8,2,19,20,22,33,34,39,44,3,41,45,49,7,0,5,22,30,33,44,46,2,44,46,7,5,14,26,30,32,34,35,4,26,37,42,43,5,3,5,6,26,27,5,20,22,27,33,42,3,8,33,45,3,23,44,45,3,17,20,45,3,42,45,49,4,2,6,13,29,7,1,5,7,27,28,33,36,3,19,29,33,4,8,17,28,45,2,0,26,4,6,14,17,26,6,2,6,14,24,29,35,4,1,2,34,35,1,46,3,2,23,33,5,2,18,29,32,45,1,28,7,2,6,7,17,33,35,45,5,17,22,39,41,44
21,3,23,29,34,1,39,2,3,46,4,23,32,45,46,1,35,1,17,2,8,45,2,8,28,3,27,33,45,1,27,1,49,3,2,23,42,1,37,1,2,3,1,2,27,1,32,1,46,2,2,42,2,5,42,1,17,3,27,42,45
28,6,3,5,6,17,33,34,2,14,45,2,1,7,2,23,34,3,5,38,46,2,22,26,3,5,27,34,2,0,20,2,17,23,3,20,29,45,3,17,27,29,4,5,17,23,29,3,7,27,37,4,22,24,25,28,4,16,17,42,45,1,45,2,2,7,2,1,5,1,1,2,42,45,1,8,2,17,23,1,8,2,2,8,2,29,45,3,17,24,45,2,2,34,2,22,45
27,6,5,6,8,42,44,49,5,4,27,31,33,48,6,3,7,8,28,33,45,3,17,20,29,6,2,17,26,33,45,46,5,2,3,22,24,42,5,13,20,34,42,45,2,1,5,3,5,17,37,6,4,22,29,34,35,39,5,2,20,27,42,44,5,2,17,32,35,49,6,5,10,27,29,35,42,5,2,22,27,28,33,4,22,29,37,46,6,0,3,34,45,46,49,5,2,6,27,28,35,5,7,8,22,25,35,5,1,5,19,24,27,6,1,2,17,20,22,46,7,2,8,17,20,39,42,43,3,3,8,34,3,17,38,45,5,2,4,5,21,49,5,2,6,20,27,29,6,0,2,8,17,22,49,7,2,5,17,25,35,44,46
26,3,0,7,17,2,20,31,3,22,42,45,3,1,23,32,3,1,8,29,2,3,6,3,2,22,32,2,3,31,3,27,34,49,3,2,8,17,2,17,44,1,27,3,5,13,30,4,2,17,44,46,3,7,8,35,4,0,5,27,45,3,17,29,35,1,37,3,22,27,41,2,7,23,5,3,13,23,24,36,5,1,8,23,25,45,2,7,39,3,20,22,34,6,1,5,27,39,42,45,3,7,13,43
35,6,2,13,26,27,34,46,2,34,44,3,29,42,44,4,0,2,17,27,2,8,20,3,2,32,46,4,2,8,34,49,3,7,8,45,4,1,34,44,45,1,34,3,20,33,43,3,8,17,28,5,1,2,6,24,30,4,27,29,32,33,3,20,29,32,3,1,29,32,4,2,8,32,37,1,48,3,3,17,45,1,31,3,0,5,34,3,22,45,47,3,3,17,46,4,2,24,30,45,1,27,3,17,27,34,4,32,34,42,46,4,5,42,45,49,6,2,8,26,27,33,45,3,27,45,49,4,6,8,19,24,5,5,13,27,34,35,4,27,32,41,45,4,3,14,26,45,6,1,3,8,20,27,46
24,3,33,44,49,3,1,8,24,1,34,8,1,2,6,22,42,44,45,48,4,3,27,33,42,1,26,3,8,29,35,3,8,28,35,4,8,20,28,35,4,8,24,28,45,2,0,29,2,7,32,2,14,49,3,2,5,7,3,2,13,33,4,1,22,28,45,4,4,28,42,46,3,29,43,44,1,45,2,29,34,3,20,23,47,3,8,19,27,2,24,44,3,2,27,28
30,4,2,5,6,45,4,17,27,29,42,7,19,27,28,33,34,35,45,4,2,22,23,32,6,1,2,8,17,27,33,4,1,2,27,34,1,44,4,0,35,38,45,3,20,26,45,3,35,45,49,3,1,7,46,3,8,26,44,4,2,22,27,44,1,28,3,0,14,27,4,5,27,29,44,4,0,2,5,8,4,1,5,20,45,4,7,22,26,46,9,2,3,7,17,19,34,35,44,45,3,2,6,43,3,35,45,46,6,2,29,32,41,45,49,5,0,3,27,32,35,6,8,27,35,37,42,46,4,2,17,27,32,4,5,22,32,44,6,1,8,19,28,34,46,4,17,26,27,29,5,7,8,33,35,45
27,5,0,1,22,27,32,8,8,10,27,32,33,41,42,44,3,8,16,29,4,2,6,22,31,4,17,26,29,30,5,3,5,14,19,23,3,5,33,42,4,2,17,29,32,1,5,1,5,3,2,29,49,4,20,41,44,45,3,0,17,23,4,25,27,29,33,3,17,29,45,5,1,8,27,29,34,6,22,27,28,30,35,41,4,3,28,34,46,4,3,5,23,44,5,0,6,13,34,45,3,29,33,44,5,2,29,34,45,46,6,5,13,17,25,27,42,4,22,29,30,42,4,29,42,43,46,4,2,22,24,45,4,4,5,25,45
20,3,10,22,27,3,27,37,39,1,5,2,5,27,1,2,2,34,35,2,28,45,1,27,1,49,2,23,33,1,42,2,23,45,1,27,1,6,2,35,46,2,2,27,1,45,1,5,1,26,1,39
30,3,4,5,45,2,2,6,4,2,3,19,27,3,3,5,27,5,1,3,17,27,41,5,5,14,17,27,45,5,20,25,42,44,45,4,20,33,45,46,2,35,45,3,29,45,48,3,1,22,23,1,27,1,2,2,5,8,2,2,33,3,1,17,27,3,28,35,42,4,2,7,46,47,4,2,23,34,46,3,2,22,27,2,8,17,5,17,24,27,28,45,5,2,22,28,41,44,3,4,5,45,3,6,32,41,3,34,45,46,3,2,25,42,5,2,17,27,28,43,4,5,8,23,33,1,6
32,1,3,1,3,1,2,4,20,28,32,46,1,35,1,44,1,17,1,29,1,33,1,4,1,3,1,3,1,40,1,1,3,1,6,20,1,26,1,2,1,35,1,20,1,30,2,3,26,2,2,23,1,33,2,6,8,1,42,3,1,2,45,2,2,27,1,5,2,2,24,1,27,1,42,3,17,28,34
34,3,6,19,34,3,8,17,27,1,44,1,49,2,45,49,1,3,2,2,45,2,13,49,2,2,17,2,29,42,2,27,44,1,26,1,5,1,27,2,24,44,1,43,5,2,17,30,32,45,2,25,46,2,28,45,3,2,22,35,2,1,7,2,3,45,4,1,28,33,42,1,41,2,1,27,1,17,1,8,1,3,3,8,17,29,2,27,49,2,8,17,4,1,8,19,45,2,17,27,4,6,14,32,34
31,5,8,23,42,45,46,3,5,8,28,5,8,17,27,28,41,5,27,28,33,42,44,5,2,5,22,27,42,3,13,23,45,5,8,17,23,27,49,5,7,27,28,29,33,5,0,5,6,33,49,6,8,17,27,33,42,49,5,17,28,34,39,46,6,4,6,7,8,20,42,2,4,24,4,8,13,29,46,2,2,13,5,1,8,19,27,41,7,1,5,23,25,43,44,45,2,17,28,10,2,4,17,27,29,33,35,42,45,46,4,5,17,38,45,5,8,38,42,44,45,3,5,8,27,5,8,20,27,34,39,7,1,8,17,26,27,29,45,5,8,12,23,34,39,6,5,7,19,22,32,49,4,11,17,45,49,6,8,17,20,34,44,46,1,25,5,5,17,23,32,45,6,5,17,20,23,27,39
22,1,8,1,8,1,17,1,45,1,7,1,27,1,27,4,0,1,39,46,1,5,1,49,2,2,29,2,20,28,1,8,1,20,1,45,2,2,17,1,4,2,6,35,3,27,41,43,1,17,1,27,2,26,48
27,3,5,42,49,2,17,32,4,28,35,45,46,4,2,27,42,46,4,2,5,17,27,3,5,8,24,4,2,8,28,43,1,3,6,5,7,17,28,39,44,1,3,2,23,45,3,1,2,42,2,20,49,4,23,35,39,44,4,2,28,29,45,3,17,31,46,1,27,4,5,27,44,45,4,8,42,44,45,3,1,42,45,3,17,22,32,5,2,19,20,34,45,1,43,6,2,17,34,42,43,45,4,5,8,27,39,2,1,23,1,39
30,4,27,34,45,49,3,5,24,45,3,5,27,34,3,5,27,44,4,0,5,27,42,2,2,29,5,8,29,32,44,45,3,2,35,41,1,4,3,23,27,45,1,30,4,4,5,8,20,5,0,5,25,27,33,1,39,3,19,27,28,3,2,14,32,3,13,17,39,4,17,20,27,28,3,2,19,45,4,1,2,14,37,1,2,4,25,34,35,41,5,23,27,32,44,45,1,8,2,3,30,3,0,8,32,5,5,34,39,45,46,1,24,2,3,43,2,4,17
37,2,4,45,5,0,17,18,23,34,2,17,34,1,23,2,8,19,2,14,22,1,6,3,23,42,46,4,19,26,27,42,2,28,46,3,0,5,33,2,17,34,4,2,4,22,45,5,5,20,27,38,45,2,34,42,1,23,3,27,29,46,3,14,24,46,1,28,1,49,2,3,6,2,42,43,2,11,17,2,26,28,2,2,3,2,2,20,2,17,22,2,27,33,1,28,3,7,35,41,2,27,43,3,0,34,45,5,25,35,37,42,45,2,20,42,3,28,33,39,1,43,4,19,34,39,44
16,1,34,1,42,1,4,2,7,19,2,2,27,2,7,23,3,20,35,37,1,49,2,23,44,1,3,1,7,2,7,46,1,0,1,45,2,22,28,1,10
27,1,2,3,8,17,35,2,5,33,1,2,1,49,1,34,1,6,1,5,1,19,2,2,42,1,8,1,48,1,28,1,10,1,34,2,32,44,1,33,1,45,2,17,49,1,10,1,46,1,2,1,49,1,8,1,25,1,23,1,8
27,2,22,33,2,22,44,2,42,45,4,2,8,17,42,1,49,3,22,27,42,4,2,8,18,41,4,6,10,29,33,2,0,20,5,2,13,22,27,45,2,27,38,2,45,49,1,22,2,13,17,4,1,5,24,29,3,25,29,45,3,1,2,6,2,20,29,2,28,34,1,3,4,25,28,29,33,3,2,20,28,3,8,17,32,2,8,20,1,38,2,5,17,3,1,2,5
38,3,8,23,45,3,5,20,27,3,6,23,45,3,22,28,34,5,1,6,23,32,34,2,2,48,3,2,8,33,5,17,33,34,35,49,2,17,44,2,22,42,4,3,23,30,44,2,14,34,4,8,39,43,45,2,27,44,2,5,39,2,34,45,9,8,17,22,24,27,32,39,45,46,4,25,42,43,45,2,13,27,4,8,27,47,48,4,5,17,36,41,3,5,8,28,2,45,49,3,3,8,47,5,5,25,33,34,46,3,25,31,34,3,27,33,42,2,11,36,3,2,7,22,1,35,1,46,1,6,4,0,18,34,39,3,8,28,43,4,2,8,35,45,3,27,29,35,5,5,8,17,29,49,2,35,45
22,2,0,5,1,44,2,5,21,3,1,41,43,1,8,1,5,2,17,34,1,5,1,35,1,23,1,17,1,20,1,41,1,4,1,27,1,29,1,17,2,32,35,3,22,33,39,1,34,5,2,7,17,27,46,1,22
26,1,4,1,27,2,23,42,1,45,1,3,1,29,1,42,1,20,1,22,1,8,1,28,2,2,8,1,30,1,3,1,42,1,48,1,14,3,4,32,43,1,41,1,24,1,20,3,3,24,27,1,39,1,5,1,32,1,31
29,4,2,22,39,49,3,17,33,44,2,2,34,5,19,22,28,33,45,4,17,42,45,49,3,3,8,38,2,28,34,2,8,29,5,22,25,34,45,49,4,28,39,41,46,5,5,6,23,27,34,4,2,11,23,45,3,23,39,42,5,2,8,27,30,42,6,1,5,27,31,33,45,2,1,5,3,3,27,45,4,8,17,34,48,4,8,17,32,34,1,41,1,33,4,6,19,23,44,1,28,2,2,17,5,8,22,27,39,45,1,45,3,16,23,33,3,27,28,31,1,27
29,3,27,34,45,2,8,27,5,3,5,18,27,32,3,2,8,45,3,2,22,26,4,6,24,25,26,4,2,22,33,39,4,8,14,24,27,4,8,10,28,45,3,3,23,26,3,2,17,28,4,2,22,42,45,1,45,1,1,4,3,19,27,34,3,8,23,45,1,8,3,2,28,44,3,8,16,45,2,41,45,2,2,45,5,2,17,31,42,46,1,20,4,27,31,33,44,5,0,23,27,29,43,4,24,34,37,46,4,2,8,23,27,3,2,38,45,2,8,17
32,4,5,27,29,45,3,5,17,27,5,27,32,33,34,48,1,41,4,11,17,34,45,2,22,39,2,22,42,4,23,33,39,45,5,5,17,22,42,44,3,8,44,45,3,17,20,44,4,1,27,28,34,3,7,35,45,3,3,27,48,4,2,8,27,34,1,18,2,2,29,2,33,42,1,5,3,7,20,42,3,1,2,42,5,20,22,27,33,46,3,27,33,46,3,17,27,45,3,26,29,44,3,0,19,45,4,2,7,32,42,1,31,3,2,20,29,2,3,5,2,2,29,6,0,1,7,22,27,39
25,1,20,1,2,3,1,5,42,2,34,45,4,2,17,28,35,2,5,44,1,46,2,13,46,1,5,2,2,46,4,17,23,34,49,1,46,4,17,29,33,45,2,20,45,2,17,35,3,0,5,27,1,8,2,29,45,1,1,3,1,7,39,2,23,34,2,2,17,3,23,26,45,1,43,2,29,45
19,2,2,34,2,33,37,1,8,2,4,19,1,22,5,2,4,6,8,23,1,33,1,45,1,17,1,33,3,2,3,17,2,28,31,1,45,1,43,1,32,1,5,1,29,2,22,34,1,17
37,3,17,35,46,3,2,27,29,4,5,17,23,26,5,19,26,27,34,45,3,2,29,35,5,20,27,33,39,45,4,23,26,27,33,6,2,14,17,35,45,49,8,2,3,7,20,33,39,42,45,1,35,4,8,25,27,28,5,20,22,27,39,45,5,1,7,20,33,49,4,3,5,32,33,1,29,2,24,49,3,2,29,34,3,1,22,23,6,14,27,28,42,45,49,7,0,2,10,38,42,44,45,7,0,8,20,32,37,44,45,3,6,19,27,3,3,14,20,3,5,17,41,2,29,45,4,5,29,45,49,2,7,33,4,17,22,44,45,4,1,3,6,42,4,7,20,24,29,5,2,17,25,34,45,2,2,41,4,3,28,42,43,4,2,6,23,34,4,6,8,34,35,4,17,20,29,33,3,1,20,46
31,5,22,30,37,42,45,4,0,11,17,44,4,5,21,22,33,4,3,5,24,27,5,17,20,28,42,45,2,27,34,1,45,8,17,23,29,31,32,42,44,49,4,20,37,44,45,4,2,26,30,49,4,5,8,20,35,8,1,8,17,22,27,33,35,45,6,5,8,17,27,31,39,5,3,6,7,23,45,6,8,18,27,29,41,42,4,28,34,37,46,3,2,8,23,4,2,23,41,45,3,27,33,44,3,23,35,46,3,28,42,45,5,8,24,31,33,45,1,8,4,7,13,19,22,6,8,23,25,27,39,42,3,6,20,32,1,27,1,41,7,17,18,23,28,41,44,49,2,33,45,4,13,41,45,46
26,2,27,40,1,3,4,27,28,29,40,6,8,23,34,38,42,45,3,5,8,27,3,1,13,42,2,38,46,2,27,37,4,5,29,33,42,4,6,28,42,44,3,8,34,41,3,5,28,29,3,5,17,29,4,4,27,30,39,3,32,44,45,1,2,5,22,24,32,33,39,3,2,5,28,3,2,27,28,5,17,19,34,45,46,3,2,34,45,1,0,4,5,17,23,43,1,13,3,7,22,28,2,1,27
28,1,33,2,27,45,6,1,8,17,22,27,30,6,5,17,27,32,37,39,4,23,39,41,45,3,32,37,46,3,5,8,27,4,2,6,26,30,3,6,27,42,3,5,26,45,3,6,20,27,3,7,8,28,3,8,24,29,1,1,4,1,5,17,23,2,23,27,3,5,21,45,2,39,44,1,27,1,16,1,49,3,2,5,32,6,5,17,27,34,41,46,2,5,45,3,2,7,46,4,3,8,13,27,5,20,27,28,32,40,1,45
