9,1,3,2,2,7,4,1,2,8,19,4,8,16,17,19,1,2,1,2,1,3,3,6,14,17,4,2,6,10,17
10,1,5,3,1,2,10,3,8,10,17,1,8,4,2,6,8,17,3,1,2,17,3,1,2,3,2,5,7,3,2,8,17,5,1,4,8,10,17
6,1,17,3,2,14,17,2,2,16,4,0,5,8,11,2,2,6,2,5,19
3,2,8,14,2,8,16,1,8
8,1,5,1,0,2,2,8,1,17,2,2,16,1,6,1,5,1,2
8,4,4,7,13,14,3,6,8,19,2,6,8,3,1,17,19,1,5,3,3,8,17,4,2,7,8,14,3,1,8,17
6,1,2,1,7,2,2,17,1,2,1,2,1,1
7,2,5,17,1,8,1,7,1,19,1,8,1,13,1,14
5,1,2,1,8,1,5,1,3,1,17
3,2,2,15,3,1,2,8,2,2,3
9,3,2,8,17,3,5,8,17,2,3,13,3,2,8,14,2,1,6,2,0,8,1,5,2,5,8,2,5,8
4,1,8,1,2,2,5,8,1,17
9,4,1,2,6,17,3,5,8,13,1,17,1,7,5,2,3,4,7,17,2,3,13,4,1,2,16,17,3,4,5,17,3,2,8,17
8,4,0,1,8,17,4,2,5,8,19,2,8,11,3,0,5,8,4,1,3,7,19,4,2,5,8,17,3,5,16,19,6,0,3,5,8,16,17
11,2,2,5,3,2,6,8,3,2,16,17,2,8,15,3,2,10,13,4,5,7,8,10,3,5,8,19,3,4,5,8,2,2,3,3,1,2,6,3,2,5,17
8,3,1,2,17,2,4,17,2,6,18,2,8,11,1,2,2,10,16,2,0,5,2,1,5
11,2,1,17,1,17,3,1,8,19,2,5,16,1,2,2,7,8,1,8,2,5,17,2,8,16,2,2,5,2,1,2
4,1,5,1,17,1,5,1,8
10,5,2,3,6,8,17,1,2,2,5,17,1,8,1,17,2,2,5,4,2,5,17,19,2,1,3,3,4,5,17,2,3,8
7,1,5,3,4,7,8,1,8,4,1,2,5,7,2,2,8,2,8,14,2,2,17
4,1,17,2,8,19,2,7,17,1,19
6,1,7,4,4,5,7,10,1,3,1,16,2,3,17,1,7
14,3,5,7,19,2,1,17,1,19,4,1,3,8,17,5,2,5,8,12,17,3,2,4,7,3,3,6,8,3,0,7,8,2,2,8,3,6,8,17,1,5,3,1,3,8,5,1,5,8,17,19,1,8
6,1,6,2,0,8,3,5,8,17,2,1,5,3,3,8,17,2,0,8
10,5,0,2,3,8,17,5,2,3,7,8,17,4,2,8,11,17,6,0,2,5,7,8,19,7,2,3,5,6,7,14,17,1,1,4,4,5,8,17,6,1,2,5,7,8,17,5,1,2,5,7,17,5,2,3,5,8,17
12,3,3,4,8,2,8,17,3,1,2,5,1,6,4,0,5,7,17,5,0,1,3,8,17,3,2,3,13,3,8,13,17,2,2,8,4,3,8,14,17,3,0,6,8,3,0,5,7
9,1,7,2,5,8,2,3,17,3,0,5,17,3,5,8,10,3,0,2,4,1,17,2,5,6,1,17
9,4,0,2,15,17,4,10,11,13,18,2,2,3,4,2,6,7,17,5,2,5,7,8,17,6,0,1,2,5,6,7,5,3,4,7,8,17,3,2,5,17,4,2,3,7,19
6,4,1,2,5,6,3,5,8,19,5,2,3,6,8,19,1,17,3,2,7,8,1,17
10,3,2,17,19,6,1,2,5,8,17,19,3,1,11,17,3,2,14,17,4,1,2,3,17,3,2,8,10,4,0,3,10,17,5,5,7,14,16,17,5,2,3,5,6,17,5,1,3,5,8,16
6,1,3,1,19,1,0,1,14,1,8,2,8,11
9,2,2,5,4,0,10,14,17,4,1,2,5,8,2,3,17,3,2,10,17,2,1,14,1,8,2,17,19,1,8
15,4,1,2,8,17,3,2,5,13,4,2,5,14,17,2,3,8,4,2,3,4,8,5,2,5,8,9,17,7,0,2,3,7,8,10,17,4,2,8,14,17,2,11,17,3,2,5,8,4,1,2,3,8,1,1,7,0,1,2,8,10,17,19,4,1,5,16,17,5,1,2,5,8,11
6,2,3,8,1,3,1,13,1,8,1,6,1,1
13,5,0,3,4,8,17,6,3,5,7,8,13,17,5,1,4,5,7,8,3,0,2,12,5,1,2,7,8,17,2,5,7,4,5,7,17,18,5,2,5,8,14,17,5,2,5,6,8,17,4,1,2,5,17,5,2,3,4,5,8,6,0,5,8,10,13,17,5,3,8,14,16,19
5,2,3,8,4,1,7,8,17,3,2,8,13,3,2,4,8,4,2,3,5,8
11,3,3,14,17,3,1,2,17,2,0,5,3,0,2,6,3,2,7,19,3,6,8,13,1,4,2,2,17,4,2,8,16,17,4,2,4,8,17,1,8
15,1,11,2,8,17,2,5,8,2,3,8,1,3,2,2,8,5,2,5,6,11,17,4,5,8,10,14,2,6,17,2,3,17,2,1,8,3,0,2,8,1,2,2,8,17,2,0,6
11,2,5,19,1,2,2,8,13,2,5,19,1,17,3,2,3,17,1,17,1,2,1,3,2,0,7,1,4
11,3,1,2,3,2,5,19,3,1,2,19,2,2,6,2,8,13,2,2,19,1,2,2,0,3,2,8,17,1,2,2,2,8
10,3,1,8,10,5,2,3,7,8,17,8,0,2,3,5,6,8,11,16,2,2,5,3,2,4,8,3,3,17,19,3,2,5,17,2,2,8,5,2,5,8,16,17,4,2,3,8,17
7,2,5,8,3,2,5,17,1,17,3,6,8,10,2,1,2,2,8,11,2,5,8
7,2,2,18,3,0,2,6,2,2,17,1,17,1,3,1,0,1,0
6,1,1,1,6,1,8,1,8,1,8,1,17
13,5,1,2,4,8,13,4,0,5,8,17,4,6,8,13,19,4,6,7,17,19,2,3,17,3,2,8,19,4,2,5,6,8,4,2,3,4,17,3,2,3,17,3,0,2,8,5,1,3,5,13,17,4,0,3,4,8,5,0,2,3,6,10
12,5,1,3,8,17,19,4,2,5,17,19,5,2,3,5,8,17,3,1,2,5,5,5,6,8,10,17,4,3,9,14,17,4,2,3,5,19,4,3,5,8,17,4,0,3,7,17,4,3,5,8,10,5,0,8,10,17,19,3,5,14,19
7,2,8,10,2,6,7,1,2,2,2,8,2,3,8,2,5,17,2,4,7
6,2,4,14,4,2,5,8,17,2,1,3,3,2,8,13,5,0,1,5,8,19,1,8
4,2,0,5,1,2,1,5,1,7
10,6,2,4,5,8,10,17,5,1,2,5,17,19,2,3,17,5,0,1,2,5,17,6,0,1,2,8,10,17,5,0,2,7,8,17,5,2,5,8,17,19,4,2,6,8,17,7,2,4,5,7,8,10,17,4,0,1,5,8
7,3,8,17,19,2,10,17,1,17,1,7,2,1,7,2,2,8,2,8,19
15,3,3,4,7,2,1,10,2,6,13,2,5,8,3,2,3,10,2,8,10,3,0,7,14,1,7,2,8,14,4,1,7,8,17,5,2,5,8,11,18,1,5,2,0,6,1,4,2,2,12
1,2,8,17
11,4,3,6,8,17,5,3,6,7,8,14,6,0,1,2,3,5,8,5,1,6,11,14,17,6,2,5,7,8,13,17,7,0,2,3,8,16,17,18,4,1,2,7,17,2,3,8,7,1,2,5,7,8,17,18,6,0,1,2,5,10,11,6,2,3,5,8,10,18
8,2,0,10,1,3,1,17,1,19,1,6,2,2,8,2,2,3,1,8
14,7,1,4,5,7,8,13,17,3,2,5,8,7,1,2,4,5,6,7,8,7,0,2,3,4,8,10,17,4,2,3,5,8,5,0,3,7,11,17,5,5,6,7,17,19,5,2,7,8,10,17,5,0,4,8,13,17,3,5,8,19,3,5,8,17,7,1,2,3,8,10,14,17,2,7,8,5,1,2,3,8,17
7,6,5,7,8,13,17,19,3,2,17,19,5,3,5,6,8,19,6,5,6,7,8,17,18,5,0,6,7,8,17,5,1,2,3,5,17,5,0,5,6,8,17
8,1,4,1,6,1,2,3,5,8,17,1,3,1,1,1,8,1,3
10,3,1,2,4,1,3,1,3,2,3,17,3,2,3,8,1,8,1,17,5,2,5,10,11,17,2,8,10,2,2,3
8,3,2,8,17,4,3,5,8,17,4,1,2,14,17,3,2,5,17,5,0,2,5,8,19,4,0,2,7,17,4,2,5,17,19,4,2,3,8,17
