10,12,3,8,11,20,29,34,35,39,41,42,45,46,13,1,2,5,6,7,8,26,27,28,31,39,41,45,15,2,3,5,6,8,14,27,28,29,31,32,35,41,45,49,12,2,17,22,25,28,33,34,41,44,45,46,49,11,4,5,20,23,26,27,28,29,33,39,42,13,2,5,11,13,17,18,20,22,23,29,42,44,48,12,2,8,17,20,22,24,26,32,33,34,39,45,5,5,10,27,32,34,11,2,3,7,8,11,17,27,32,39,45,49,14,2,5,6,8,14,17,22,26,34,37,42,44,45,46
10,7,7,17,27,29,42,44,45,7,5,17,20,32,34,39,44,8,8,25,27,28,29,34,39,44,7,2,5,17,23,28,42,45,7,1,2,8,17,20,39,45,6,21,27,29,39,44,45,7,0,2,7,17,31,32,42,7,5,17,21,24,26,28,29,6,8,23,25,31,33,41,6,0,7,10,29,30,42
6,9,1,2,5,8,26,29,42,44,45,13,2,5,8,22,24,27,28,30,33,42,45,46,49,8,17,28,29,35,37,41,44,49,13,1,2,6,10,23,25,29,33,34,39,41,45,48,12,0,3,6,13,20,22,24,26,28,33,42,45,14,2,7,8,17,18,19,20,22,23,27,29,33,43,46
4,4,2,3,45,46,4,22,32,42,45,4,4,22,35,42,3,5,6,8
10,13,2,6,17,19,22,27,28,29,30,34,45,46,49,14,0,2,5,8,23,27,29,32,34,39,42,45,46,49,11,3,4,17,20,23,26,27,29,39,42,45,13,3,5,16,17,23,27,28,29,33,34,35,44,49,14,0,2,8,17,19,20,22,23,27,28,29,34,42,45,12,6,8,17,22,26,27,29,32,34,39,41,45,13,3,5,6,14,20,27,29,32,34,35,37,42,46,14,0,2,3,5,6,10,21,24,27,28,33,42,45,48,12,0,1,2,5,10,11,17,24,31,33,43,45,16,1,2,5,8,14,17,19,20,24,27,28,31,33,35,41,45
8,14,1,3,5,6,7,8,13,17,19,22,27,30,32,34,14,1,2,3,17,22,24,27,28,29,30,39,42,45,46,13,0,2,3,5,17,22,27,28,33,35,39,44,45,13,0,1,7,8,17,22,23,27,30,39,42,43,45,12,1,2,6,19,20,23,31,32,34,43,44,45,10,2,17,22,27,31,33,39,42,44,45,12,1,2,3,7,8,17,20,25,27,28,37,39,8,2,6,8,17,27,34,37,46
7,12,0,1,2,6,8,10,17,34,35,42,44,45,15,0,1,2,5,7,8,14,20,27,34,35,41,42,46,49,13,2,3,4,17,20,22,27,28,38,42,44,46,49,14,0,2,3,5,6,8,17,20,27,30,33,35,42,45,11,3,17,22,24,25,26,27,33,35,42,45,12,0,5,8,11,13,16,17,27,41,42,45,49,10,3,7,15,17,24,27,28,29,41,42
11,9,2,3,4,5,6,27,28,39,44,10,0,6,17,19,29,33,34,37,39,43,11,3,5,8,14,22,24,28,30,39,42,48,7,5,17,22,33,34,39,45,10,1,5,8,19,23,25,32,33,38,45,10,2,8,17,27,28,31,32,33,37,41,9,2,25,27,29,32,34,35,42,44,13,2,4,22,24,27,29,30,32,34,35,42,44,45,9,2,4,5,17,20,27,28,29,46,9,5,7,23,26,27,35,39,46,49,6,2,5,6,11,35,43
8,6,1,17,28,34,44,45,8,0,2,5,6,24,28,33,42,10,3,17,20,23,27,32,34,37,40,45,6,2,8,17,22,27,28,8,13,24,27,28,33,34,45,46,7,2,5,8,17,23,35,39,10,1,2,6,7,17,22,23,29,45,46,9,1,2,4,8,22,28,32,35,49
2,1,20,1,42
10,11,5,7,17,22,30,32,33,34,42,43,46,15,0,2,5,7,8,17,23,27,28,34,35,39,42,45,46,11,5,7,8,17,19,20,22,27,29,34,40,17,1,3,5,6,7,8,17,19,22,24,26,27,29,33,34,39,45,8,2,5,8,17,20,33,45,46,15,2,10,15,17,20,23,24,25,27,29,33,35,39,44,45,10,8,14,17,19,20,27,29,37,43,45,14,0,1,3,5,6,17,26,27,28,29,30,37,42,43,13,1,5,17,27,29,30,33,39,42,44,45,46,49,11,0,1,2,6,30,33,34,41,42,45,46
5,10,2,4,5,8,22,23,27,34,41,46,10,1,8,17,23,27,33,41,45,46,49,14,0,2,3,8,20,24,27,29,33,34,35,41,42,43,10,8,17,25,27,29,30,33,35,45,46,8,0,2,7,17,33,34,42,45
9,19,1,2,8,14,17,22,24,26,27,28,29,31,35,38,39,42,44,45,46,19,1,2,3,5,6,8,17,19,20,23,27,29,30,32,34,44,45,46,49,18,0,1,6,7,8,17,22,26,27,28,29,32,34,38,39,44,45,46,16,5,7,8,17,19,20,22,24,25,27,29,33,39,42,44,45,18,2,5,7,8,17,20,22,26,27,29,32,33,34,35,36,37,45,49,11,0,6,8,17,22,27,30,33,42,44,45,21,1,2,3,6,7,8,17,20,22,23,24,27,29,32,33,34,41,42,43,45,49,18,0,1,2,7,8,17,26,27,28,29,30,34,35,37,42,45,46,49,18,0,2,5,8,11,13,17,20,22,23,25,27,29,33,34,42,43,45
8,10,16,17,20,25,27,30,32,34,45,46,12,1,2,8,17,22,23,26,27,28,33,44,45,10,2,3,5,17,24,27,32,37,40,49,13,2,5,6,14,27,33,34,35,37,41,42,44,45,12,1,2,8,27,29,32,34,35,39,42,45,46,12,2,3,7,19,24,27,28,34,35,39,42,45,10,0,2,3,5,17,27,34,35,44,46,13,5,6,7,8,11,20,22,24,26,27,28,33,35
11,6,1,20,27,32,45,49,11,2,7,18,19,26,27,42,43,45,46,49,12,0,2,3,5,8,17,22,23,27,32,35,39,11,1,2,5,8,17,26,27,28,33,34,45,11,7,17,20,22,25,27,28,29,30,46,49,11,0,17,24,27,32,34,35,38,42,43,49,10,1,3,20,23,26,27,34,37,44,45,8,2,6,8,18,27,42,45,49,9,1,2,5,17,29,30,34,48,49,13,2,6,7,8,17,22,26,27,28,29,33,43,45,10,3,5,17,22,23,31,33,34,39,42
8,12,1,2,3,7,17,19,20,23,30,43,45,49,8,1,10,20,35,42,44,45,49,7,6,7,17,23,31,45,46,13,3,5,13,17,21,26,27,28,33,35,39,42,45,11,1,6,7,19,24,29,32,39,41,45,49,10,1,8,17,20,26,27,28,31,33,45,9,6,8,22,24,25,34,44,45,46,11,2,6,8,17,23,26,27,28,29,43,45
11,12,1,2,5,8,10,17,22,23,27,29,33,42,11,2,5,7,8,24,27,34,41,42,44,45,10,2,6,17,20,23,24,34,39,41,45,12,1,5,7,17,23,25,28,29,33,35,38,45,13,0,2,6,16,17,20,35,37,40,42,44,45,46,12,5,6,17,22,27,30,32,34,35,39,41,45,10,8,17,26,29,32,33,34,45,46,48,13,2,3,4,6,8,17,23,26,27,29,32,44,45,15,1,4,5,7,17,22,29,32,33,35,38,41,42,45,49,13,1,5,8,17,20,22,23,27,29,33,42,43,45,6,2,7,35,41,44,45
4,3,22,26,46,5,3,17,26,33,45,3,2,8,45,4,2,3,6,39
14,15,2,6,7,12,17,20,24,27,29,33,34,43,44,45,48,12,2,5,18,20,22,27,28,32,35,39,46,49,9,3,5,8,23,27,33,44,46,49,10,10,17,18,19,24,26,27,28,35,45,10,2,5,6,8,23,27,28,41,45,47,9,5,17,23,25,26,32,34,42,49,6,2,3,27,29,46,49,12,1,2,8,17,22,23,27,35,38,41,42,45,13,0,1,2,4,6,8,17,27,29,32,39,45,49,12,2,10,22,27,28,29,34,37,42,45,46,47,12,2,6,8,13,14,16,27,29,33,34,42,49,13,1,2,7,8,20,24,27,28,29,35,42,43,45,9,8,17,20,27,28,29,32,33,43,7,3,4,17,23,27,28,33
7,10,1,2,8,11,32,34,35,41,42,45,9,2,6,8,23,27,28,34,39,45,11,8,17,18,22,23,24,27,28,29,33,34,12,0,2,7,13,17,22,27,28,41,42,45,47,12,2,4,8,10,17,20,22,27,28,32,33,42,9,2,7,8,17,27,32,39,41,45,11,19,20,22,24,26,27,33,35,44,45,49
8,11,2,5,8,22,26,27,32,34,39,45,48,12,2,3,7,8,19,27,28,29,39,41,42,45,11,3,5,13,24,33,34,35,42,43,44,46,17,1,2,3,5,8,20,22,24,27,28,29,33,41,43,46,48,49,10,1,2,5,6,17,27,29,44,45,49,14,2,5,6,8,17,18,23,27,28,29,43,45,47,49,10,2,5,8,17,22,24,30,31,32,42,12,2,6,10,11,17,27,28,35,39,42,43,48
12,9,10,11,17,27,28,32,33,44,45,12,2,5,6,7,17,23,27,29,33,41,43,45,13,3,8,20,22,23,27,28,31,32,39,44,45,46,9,1,2,5,23,24,32,33,41,45,11,3,8,17,27,28,29,34,35,45,46,49,14,3,6,7,8,17,19,22,26,27,28,29,45,46,47,10,2,3,5,8,14,17,23,27,33,39,9,2,3,7,23,26,27,34,45,49,10,8,10,17,27,33,40,42,45,46,48,11,1,2,5,7,19,20,25,32,33,44,45,8,2,6,27,33,35,42,45,46,12,1,2,8,20,23,24,27,29,32,35,39,42
14,12,2,3,5,14,17,22,26,27,28,44,45,46,11,2,5,7,8,17,23,27,33,45,46,49,9,0,8,28,30,32,35,42,45,49,9,2,7,8,20,27,31,39,42,46,10,2,8,12,22,23,27,34,41,45,46,13,1,3,13,17,20,23,24,26,27,39,42,45,46,10,1,2,20,22,23,25,27,29,35,49,14,0,1,2,4,5,22,24,27,29,31,33,35,44,45,12,1,3,5,7,8,17,20,33,37,41,45,49,11,2,5,8,11,17,28,33,35,39,42,45,12,2,3,6,17,19,23,27,34,41,44,45,49,14,2,3,7,14,17,20,22,23,28,34,41,42,45,46,13,2,4,17,23,27,28,29,33,35,42,44,45,47,10,0,1,2,4,8,17,20,27,28,29
6,10,8,17,23,27,28,32,33,41,42,45,12,5,14,17,22,23,27,33,34,39,44,45,49,12,0,2,8,16,17,23,27,28,29,33,41,42,13,2,3,6,17,20,25,27,29,35,39,41,42,45,10,1,2,6,8,20,27,43,44,45,46,16,1,2,5,6,7,17,19,26,30,34,35,39,42,45,48,49
10,9,0,2,6,14,17,22,35,43,45,9,2,5,17,22,33,34,41,44,46,10,2,3,8,10,19,20,24,32,42,45,8,2,3,5,8,17,35,39,49,7,1,3,5,33,34,44,45,6,2,7,8,11,22,26,7,2,3,4,8,27,35,45,7,2,5,17,20,27,42,45,9,1,2,5,8,17,22,34,45,49,6,5,27,34,37,44,45
12,14,2,3,8,13,17,22,29,33,34,35,38,42,45,46,12,2,6,8,10,17,26,27,28,33,35,42,45,13,2,4,7,17,20,22,33,34,35,38,43,45,46,12,0,5,7,8,12,17,21,23,33,39,42,45,18,1,2,3,4,5,8,11,17,20,22,23,27,29,41,42,45,46,49,13,0,1,2,3,7,10,22,23,28,29,41,42,45,13,2,7,17,20,22,23,24,27,29,33,34,45,46,12,0,2,7,8,17,26,27,35,41,42,44,45,14,3,8,14,17,20,22,24,26,27,28,35,42,45,46,12,1,5,7,8,17,23,27,29,32,42,44,45,12,2,5,8,13,17,23,24,29,39,42,46,48,14,1,6,8,10,14,17,22,24,27,28,29,41,42,45
9,17,2,3,5,6,14,17,22,23,27,29,30,33,35,41,45,47,49,13,2,8,14,17,23,24,27,28,33,34,35,42,45,16,1,5,7,8,17,20,22,23,25,26,27,34,37,41,45,46,16,2,4,7,8,17,20,23,24,25,27,28,31,34,42,45,46,14,1,2,5,20,22,27,28,33,35,41,42,45,46,49,14,1,2,8,17,22,23,25,26,33,34,38,39,41,45,15,0,2,3,5,8,17,23,24,27,28,35,39,42,45,48,15,1,4,8,18,19,23,25,26,27,28,29,33,42,46,49,17,1,2,5,8,17,19,20,22,23,28,29,33,37,41,43,45,49
9,9,0,1,5,8,23,24,27,29,34,7,0,1,2,5,26,27,45,7,10,28,31,32,41,42,45,5,5,17,23,34,44,5,3,27,35,45,46,8,0,2,4,23,27,29,35,46,7,1,5,14,23,24,27,29,6,5,25,33,37,39,45,6,2,8,10,13,20,33
6,10,2,5,20,24,27,28,34,35,44,45,10,5,6,8,22,27,35,42,44,46,48,10,2,6,17,23,24,27,29,33,45,46,11,1,2,5,17,20,27,28,29,35,39,44,9,2,3,4,8,14,27,32,34,45,8,2,5,6,27,28,29,32,41
11,6,8,24,25,27,29,34,8,10,27,28,32,34,42,44,45,11,0,6,7,8,21,22,29,33,34,46,48,8,0,2,6,8,27,28,42,46,7,5,17,26,28,32,33,45,11,1,2,5,8,16,18,20,27,29,39,46,8,3,4,5,8,24,29,36,42,5,5,27,30,33,45,8,0,1,7,22,26,34,43,46,8,5,20,29,32,42,44,46,47,8,1,8,11,17,32,35,44,45
