9,1,8,2,8,27,4,2,8,29,49,4,33,41,45,46,1,4,1,8,1,10,3,27,39,45,6,8,26,34,44,45,46
10,1,23,3,2,5,34,3,28,35,45,1,29,4,3,27,32,42,3,2,6,45,3,2,3,14,2,22,27,3,8,32,42,5,2,17,29,34,45
6,1,45,3,7,39,45,3,5,6,41,2,34,35,3,6,26,27,2,20,46
3,4,1,26,31,39,2,31,41,1,28
4,1,1,2,5,32,1,45,1,5
6,1,20,1,28,1,4,2,39,42,1,23,1,8
7,2,8,27,2,26,39,2,4,46,3,22,44,48,1,28,4,5,27,34,42,2,2,42
1,1,18
6,1,8,1,2,1,8,1,5,1,27,1,5
3,1,27,2,37,49,1,33
4,4,8,26,28,45,1,33,1,39,1,20
10,2,7,17,1,42,1,39,2,8,17,3,5,7,39,2,0,34,3,2,7,45,5,5,17,20,21,24,3,1,8,30,3,17,29,39
5,1,29,2,28,39,1,29,3,24,26,42,2,25,28
9,3,32,39,45,3,5,25,34,2,5,25,5,23,39,41,44,45,4,8,21,33,44,3,17,20,31,3,2,10,29,2,7,42,3,0,7,29
8,6,1,7,24,29,33,45,4,20,28,29,46,3,27,29,49,2,3,42,4,2,28,33,35,4,1,24,25,28,3,17,22,45,3,6,23,45
11,2,22,30,6,2,5,22,27,39,44,4,5,7,37,42,3,8,34,42,1,48,2,28,45,3,2,22,49,2,33,46,5,18,23,29,34,41,3,8,17,27,3,2,42,45
8,2,3,46,2,2,8,3,17,27,46,1,28,2,44,49,3,0,23,26,4,2,19,34,46,1,8
11,2,34,45,2,2,34,2,42,45,1,24,2,26,49,3,4,22,42,2,0,5,2,2,41,3,19,42,44,1,32,2,20,27
13,3,27,29,45,3,8,45,46,2,2,42,1,44,2,3,29,1,3,1,22,2,2,5,2,14,45,2,17,20,4,20,24,27,48,2,5,20,2,17,42
6,1,17,1,27,1,29,2,17,45,2,32,39,3,5,22,43
5,2,23,30,1,29,1,29,1,17,2,2,8
7,1,34,1,45,2,19,27,1,10,2,27,42,1,46,4,2,8,19,45
14,3,20,33,49,3,2,16,45,3,28,33,45,3,3,27,49,3,33,45,46,3,22,29,31,2,6,41,3,17,27,42,3,19,27,35,2,2,33,2,0,28,3,2,28,45,4,2,3,6,49,3,1,10,27
6,1,0,4,23,35,44,45,3,2,11,28,1,27,1,42,2,5,20
10,4,3,28,29,42,5,17,27,28,39,45,6,4,5,7,34,35,42,4,1,22,27,45,5,2,17,27,33,34,3,2,17,45,5,1,3,25,27,32,5,2,8,22,27,44,5,1,5,17,21,37,5,2,5,23,34,35
11,4,1,17,22,29,4,27,39,44,45,2,6,8,3,17,24,44,3,17,27,42,2,3,13,1,39,3,8,23,25,3,6,27,45,5,2,8,27,45,46,4,2,3,27,42
8,1,32,3,2,22,45,2,3,22,3,5,23,44,1,17,2,17,45,2,23,28,3,27,33,45
9,4,1,6,17,31,5,17,19,22,30,45,3,27,34,44,5,8,23,32,42,46,5,22,27,30,34,35,1,37,8,2,6,8,17,19,20,28,34,3,1,31,37,4,17,20,39,43
6,6,0,1,2,10,38,46,4,5,7,42,45,2,20,27,8,0,8,17,26,27,28,35,42,3,1,15,27,2,17,42
11,4,1,17,46,49,3,2,17,49,2,22,26,3,8,41,42,5,2,8,27,44,46,4,5,27,28,41,6,0,3,4,5,17,27,4,14,24,32,45,3,23,28,29,4,6,7,27,45,4,5,29,36,49
4,1,2,2,0,42,2,17,33,1,45
6,2,6,8,3,8,20,29,2,8,39,2,8,42,2,35,45,2,13,45
15,6,0,5,8,17,27,45,1,49,4,35,39,42,46,5,27,28,29,35,45,2,24,45,3,5,32,49,5,3,8,11,22,39,5,3,5,17,24,30,3,2,5,32,4,17,20,23,44,5,5,6,29,33,45,5,14,29,35,41,42,6,2,17,20,29,41,49,5,2,5,8,30,37,2,27,44
6,1,44,2,5,31,2,14,44,2,4,34,1,6,1,43
13,7,4,17,29,34,37,39,45,3,3,5,38,5,6,17,25,30,49,6,3,5,17,28,39,42,5,2,5,17,36,46,5,2,8,24,33,43,7,5,20,25,33,41,45,46,5,2,27,28,39,46,4,2,14,22,32,6,11,17,20,27,28,45,8,0,5,22,24,27,32,35,45,6,1,2,5,7,29,46,5,2,8,14,23,35
5,1,28,3,17,23,45,4,2,17,19,28,4,2,27,39,45,3,8,24,32
5,2,33,34,3,17,28,35,2,22,27,2,22,46,3,3,6,45
11,2,20,42,3,17,44,45,3,0,24,27,3,3,27,34,3,8,27,34,3,8,20,42,3,5,8,25,3,2,29,34,3,17,23,34,3,0,34,39,4,7,17,35,42
15,2,0,17,3,17,33,34,2,29,45,2,2,8,3,33,38,46,1,27,2,2,34,2,32,34,4,6,8,19,28,1,30,3,1,4,49,2,7,8,2,20,37,1,29,1,11
11,1,7,2,39,43,2,2,29,1,20,2,0,27,1,29,6,8,19,25,45,46,49,2,5,42,2,6,19,2,33,44,1,33
10,1,35,3,32,34,45,2,34,39,2,24,30,1,17,2,17,45,3,5,28,42,1,2,2,1,29,3,1,34,42
10,4,5,20,42,45,3,5,32,46,5,8,27,33,39,45,4,3,17,23,46,3,10,22,45,4,8,23,44,45,3,1,13,34,4,1,15,17,45,4,23,26,28,44,4,3,5,17,27
6,2,5,17,2,8,22,3,8,19,29,2,14,47,2,5,39,3,0,45,46
6,2,27,34,3,6,28,46,2,24,45,3,24,27,39,2,37,43,2,1,29
3,1,44,1,40,1,29
13,5,2,34,41,46,49,2,34,41,5,7,17,34,45,46,4,20,27,33,35,1,0,2,5,27,4,8,23,33,45,5,3,8,17,22,25,5,7,20,29,33,42,5,17,32,33,34,42,4,17,27,33,45,4,2,8,28,45,3,2,17,45
11,7,2,8,17,27,28,29,38,5,3,17,32,38,46,7,1,2,3,5,7,27,34,2,17,22,4,2,8,20,46,5,0,29,39,43,49,3,33,37,42,3,8,17,34,4,1,7,14,32,3,5,17,27,2,1,2
7,1,44,1,44,1,1,3,2,20,34,2,1,5,3,8,20,27,2,5,8
6,2,5,29,1,45,2,27,46,2,19,27,6,5,6,8,17,27,46,3,5,25,29
7,1,45,1,24,3,8,20,29,1,22,1,34,1,24,1,46
10,5,2,8,14,25,35,7,3,5,17,34,45,46,49,5,2,32,34,44,45,5,22,28,29,34,44,5,7,17,20,39,49,3,27,42,45,5,0,7,8,30,45,5,17,27,29,34,42,5,23,27,33,34,45,5,2,17,22,26,39
7,3,5,33,44,2,7,26,1,8,1,17,1,24,1,7,2,5,25
16,2,39,45,1,2,2,32,33,1,49,2,19,45,2,20,30,3,17,39,42,4,5,6,34,36,3,20,23,27,1,45,1,8,2,26,41,1,2,2,0,30,2,25,29,2,24,35
3,1,34,1,14,1,8
3,1,17,1,44,1,8
11,6,3,20,33,42,44,46,4,23,29,37,45,6,0,2,3,23,32,42,7,2,5,6,22,27,40,49,5,4,32,33,44,45,6,1,2,8,26,27,34,5,28,33,34,42,43,7,3,4,6,7,27,29,45,6,1,3,6,8,27,42,7,6,8,26,33,34,45,49,6,0,1,22,33,34,43
9,3,20,25,39,2,23,27,2,34,42,3,27,34,39,2,35,49,2,27,37,2,1,34,3,5,35,46,1,7
14,7,2,27,30,34,35,39,45,1,27,8,2,8,17,22,26,28,33,45,6,2,3,6,14,17,27,5,2,27,32,37,39,3,24,42,45,4,7,8,17,32,3,1,27,45,5,2,5,27,41,45,3,11,42,46,6,2,3,5,6,34,46,5,2,7,17,19,45,7,5,7,8,25,27,33,35,5,14,22,26,28,29
7,3,5,16,17,3,2,44,45,4,3,17,24,28,3,2,17,27,4,1,2,32,46,2,1,17,1,35
7,1,43,1,14,1,49,1,42,1,3,1,17,1,33
4,1,1,1,27,2,5,29,3,8,34,35
8,3,8,20,32,3,19,29,46,6,2,3,6,17,26,29,3,17,22,27,3,27,42,49,2,20,31,3,2,18,34,4,6,33,48,49
13,2,8,27,2,7,34,2,2,5,3,14,25,32,3,1,38,45,2,27,33,2,17,35,2,26,27,1,37,2,1,26,2,17,28,2,29,43,2,8,22
4,4,2,8,22,39,2,0,42,2,3,27,2,42,45
6,4,27,42,43,45,4,5,8,17,34,3,27,34,46,5,17,42,45,46,49,8,1,14,17,27,32,34,35,44,4,1,5,42,46
4,1,32,3,1,27,49,1,2,2,23,33
12,4,3,26,45,49,1,2,5,3,6,25,28,45,8,8,17,20,28,29,37,45,46,4,8,27,30,32,5,7,17,24,27,44,5,17,24,25,27,34,4,14,20,30,45,1,27,3,5,22,27,3,8,13,23,3,8,27,42
16,2,30,45,2,7,43,2,43,45,2,39,45,2,1,10,1,45,3,5,13,34,1,29,2,6,32,2,1,24,2,1,45,3,5,45,46,4,8,27,35,42,3,6,45,49,1,14,4,10,14,28,29
6,1,23,1,23,2,3,45,2,39,45,5,5,8,21,26,49,4,17,20,27,31
7,4,7,17,19,20,1,13,3,27,39,42,4,14,34,43,44,3,7,17,29,3,6,8,28,2,22,26
11,2,1,39,1,0,4,7,17,23,45,4,3,26,32,39,1,8,1,17,2,17,42,2,2,35,1,45,2,34,45,4,3,26,27,46
10,2,1,5,3,2,6,45,3,1,17,33,6,5,22,25,29,33,45,2,6,33,2,17,42,1,48,1,5,2,7,41,4,20,27,33,49
7,4,2,17,23,27,5,17,23,29,32,39,3,20,42,45,4,16,30,32,45,4,8,32,42,45,4,2,3,4,29,6,1,17,20,35,41,45
7,1,34,2,17,20,3,27,33,35,3,2,22,23,1,45,1,42,1,43
8,3,23,27,29,3,6,8,45,2,7,8,1,46,2,24,41,3,1,37,44,7,5,22,27,35,38,41,43,3,5,33,44
7,2,41,45,2,17,34,3,2,35,49,4,6,17,22,33,3,6,32,39,4,17,27,28,35,3,1,2,17
7,7,2,5,6,8,22,26,45,6,2,3,17,26,33,42,8,2,3,6,20,28,29,42,46,3,8,34,44,7,0,3,8,17,19,27,28,4,36,39,43,46,3,38,41,45
7,1,49,1,8,1,10,1,27,1,22,3,6,26,34,2,5,46
11,2,6,34,3,2,46,48,2,2,49,1,33,2,27,46,1,27,2,8,42,2,17,18,1,42,4,17,28,35,37,3,8,29,32
8,3,27,34,39,3,17,20,45,1,41,2,23,25,3,2,8,17,3,2,28,45,3,8,23,27,3,2,17,30
9,2,27,43,1,49,1,27,2,6,46,1,45,4,17,28,45,47,2,8,45,1,29,1,23
12,3,7,17,22,4,2,20,27,44,3,18,27,45,3,3,27,49,3,17,29,32,5,5,17,26,28,45,2,2,43,7,2,20,24,27,29,42,46,1,27,2,28,43,3,29,32,45,4,2,8,27,43
4,6,2,5,8,11,27,42,3,4,24,27,2,38,41,3,1,4,49
9,3,27,29,34,1,44,4,27,28,29,32,2,39,45,1,16,2,5,21,2,22,28,2,1,20,3,17,29,33
6,5,18,24,27,32,39,4,23,27,45,49,4,1,8,32,41,3,26,28,46,3,2,4,45,3,2,10,44
11,4,8,17,22,33,2,23,39,3,8,34,45,5,1,18,33,45,49,4,2,13,35,42,4,27,28,41,45,7,10,17,20,22,27,28,34,5,27,28,33,34,45,7,5,7,8,23,30,41,45,4,17,20,27,31,2,2,45
14,2,5,24,2,7,8,3,22,29,43,1,6,2,2,17,5,20,22,23,35,45,3,22,33,35,3,19,27,28,7,2,24,27,41,43,45,48,2,20,23,5,3,5,19,22,24,2,17,30,5,2,8,17,18,33,3,11,28,42
11,5,26,27,28,39,42,8,2,3,8,13,19,45,48,49,2,2,46,4,2,34,39,45,5,3,6,8,17,27,5,1,5,27,29,42,3,2,20,23,5,5,8,27,32,44,6,2,8,17,28,29,49,5,5,6,24,31,47,4,2,39,42,45
14,4,5,6,17,46,2,8,28,3,2,23,29,2,5,34,3,2,24,44,4,2,28,29,44,2,34,48,4,22,35,42,46,5,2,8,17,20,39,5,3,6,8,29,46,3,24,27,29,2,32,49,2,27,49,4,5,7,8,36
7,2,2,27,4,7,23,42,45,1,34,1,17,1,27,3,5,29,45,1,46
12,1,8,3,6,27,45,2,46,49,2,27,45,2,2,3,3,4,34,46,2,7,17,3,3,27,42,1,5,2,2,35,1,35,3,1,23,26
5,1,44,1,5,2,0,27,1,1,3,7,22,25
10,5,2,27,28,34,45,2,23,45,2,3,45,2,2,34,1,27,3,1,8,32,3,7,20,28,2,27,45,3,23,33,44,2,2,35
10,4,8,17,29,33,4,2,5,20,22,4,8,17,27,41,3,8,27,46,3,14,32,45,5,7,17,45,46,49,7,1,2,8,32,42,44,45,2,42,45,4,19,33,35,44,2,33,39
9,1,19,3,5,10,11,6,17,27,32,39,41,43,2,17,32,4,26,27,39,46,3,28,39,42,5,8,17,27,33,45,3,2,23,27,1,20
10,3,0,32,35,1,5,2,23,46,4,2,5,22,45,5,3,6,26,27,46,3,7,20,34,3,1,8,39,3,2,31,46,3,8,27,39,3,4,42,45
12,1,46,1,45,2,5,27,2,2,27,2,7,33,2,27,45,3,0,35,45,1,45,2,5,17,2,5,44,4,20,23,27,30,2,8,29
10,3,1,27,45,1,45,4,2,29,39,46,2,2,24,2,22,27,1,3,4,8,22,27,44,4,7,8,25,34,3,29,33,34,2,3,49
9,3,0,27,42,3,1,2,29,5,4,5,7,22,33,2,17,41,3,3,27,34,2,2,30,3,19,27,41,1,17,1,1
14,7,8,17,23,27,28,42,44,2,20,24,4,13,27,42,45,5,1,2,8,17,41,4,5,6,39,44,2,26,41,6,1,2,4,27,29,45,2,13,35,1,3,5,2,11,27,33,35,1,29,5,16,17,23,28,34,5,3,27,28,40,45,4,22,26,45,49
10,3,8,27,42,3,2,17,45,1,29,4,3,5,14,22,1,29,2,2,27,2,2,26,3,4,24,45,1,42,2,3,42
5,1,42,1,5,1,42,1,23,2,5,20
5,1,23,3,28,33,44,2,29,42,2,17,49,3,1,2,27
8,2,28,41,2,27,39,1,43,1,7,1,45,3,1,17,32,1,46,1,45
10,2,27,33,3,1,6,27,2,0,17,2,3,39,4,6,25,32,41,3,39,44,45,2,23,48,4,17,33,37,45,3,2,3,11,5,20,34,35,42,49
4,1,6,1,17,2,30,45,1,39
6,1,20,2,2,14,2,42,45,1,23,2,17,42,1,5
8,6,2,19,22,43,44,45,5,2,22,24,34,39,5,0,2,8,33,49,2,8,45,4,1,5,33,45,4,4,7,17,35,5,2,5,22,27,45,3,34,35,44
9,3,3,14,46,5,5,17,35,39,45,5,2,8,35,41,44,6,1,2,5,7,8,33,5,5,6,27,38,44,2,3,34,4,2,7,20,45,3,3,34,45,3,2,8,45
6,1,45,2,42,45,2,29,42,3,8,10,29,3,7,8,46,3,22,28,29
6,4,5,8,13,35,6,8,17,23,27,28,35,4,2,6,20,42,4,3,22,29,41,4,7,20,23,24,4,13,28,31,45
7,1,22,4,2,29,41,49,5,2,7,12,42,45,2,3,34,1,5,1,23,2,24,27
6,3,8,17,45,6,1,2,22,34,38,45,5,2,27,33,42,44,5,8,17,27,42,46,5,1,3,17,27,29,5,2,5,29,42,45
11,2,38,49,3,17,23,27,2,8,27,2,27,42,1,33,4,23,26,29,42,1,42,3,23,29,45,2,7,45,3,0,7,17,1,0
4,3,42,43,46,5,2,5,21,26,27,2,8,22,3,2,7,27
13,2,27,33,1,34,1,42,6,3,17,29,45,46,49,2,2,35,1,41,2,6,42,2,20,27,3,8,35,45,4,17,19,27,42,2,17,41,1,45,2,5,39
5,3,33,34,49,3,27,45,46,2,42,45,2,2,27,3,17,31,46
5,3,10,42,45,1,42,2,17,34,3,26,27,42,1,45
9,5,2,5,8,39,41,4,1,17,35,45,5,5,8,22,28,45,4,4,14,17,42,4,0,2,24,48,3,7,8,28,2,33,34,5,2,17,20,33,45,2,2,42
11,1,5,1,45,1,1,3,7,23,41,3,1,17,46,6,1,4,17,23,25,27,2,26,46,2,27,45,1,24,3,8,22,46,1,29
8,4,17,27,35,46,3,2,42,45,6,5,14,20,24,38,45,3,20,33,34,4,32,34,36,42,2,27,28,3,8,27,38,2,1,37
9,5,2,3,20,33,35,2,2,45,4,14,22,45,49,5,2,8,27,34,41,5,2,17,22,26,28,6,2,5,17,23,25,28,2,2,45,5,8,17,23,43,49,6,17,19,20,21,23,45
7,3,23,34,45,3,5,33,49,4,2,8,23,24,2,27,35,2,23,45,2,42,45,1,45
6,1,27,1,33,1,29,2,5,17,1,4,2,1,22
1,1,45
9,4,17,22,34,47,1,28,2,27,45,5,2,23,25,37,42,2,27,33,4,8,39,41,45,5,4,20,23,27,45,6,8,18,19,28,29,33,5,28,29,33,41,49
11,1,26,5,0,5,7,34,41,2,27,28,3,5,27,46,1,24,2,29,33,1,23,2,24,48,2,4,37,3,3,27,34,3,8,28,33
14,1,8,2,44,45,4,1,5,42,44,5,23,29,32,41,45,6,1,2,14,23,27,45,2,0,34,3,34,42,45,1,20,8,1,2,10,17,23,27,34,46,4,2,5,8,33,4,2,4,24,31,4,3,33,35,40,4,5,25,35,39,5,5,10,13,27,45
5,3,6,8,27,1,44,2,1,20,3,2,27,45,2,28,41
8,4,5,22,45,46,4,6,20,24,29,3,2,17,45,1,8,2,41,44,4,2,27,35,46,2,27,44,1,14
10,5,3,27,28,35,44,2,2,42,2,5,45,4,5,24,34,48,3,6,17,35,3,2,6,39,3,8,35,45,4,2,4,27,29,2,28,29,3,0,27,44
6,1,27,1,32,1,2,1,45,2,22,34,1,32
9,1,27,1,7,1,0,1,36,2,22,48,1,0,1,0,2,17,45,1,47
10,1,27,3,29,34,42,1,8,4,27,32,35,44,2,28,43,1,29,1,5,3,1,22,34,2,44,45,1,35
9,2,33,45,1,27,2,2,6,2,27,45,1,33,1,7,1,29,1,11,1,8
7,3,27,28,44,4,1,8,34,42,1,17,4,5,6,28,39,4,4,5,11,33,3,3,8,24,3,29,42,44
11,4,5,24,27,46,2,28,46,2,32,42,3,18,20,29,2,10,33,2,1,26,1,26,1,43,1,10,4,8,21,30,34,4,17,19,42,46
8,5,4,6,27,34,42,3,0,1,45,3,24,31,32,2,0,2,2,22,29,3,6,8,39,3,14,23,45,3,17,28,46
13,6,2,5,18,31,37,42,3,17,33,42,6,2,17,20,23,27,39,2,28,47,3,23,35,43,4,0,2,33,45,4,24,39,41,46,5,3,4,26,45,46,3,8,33,45,5,0,1,22,27,44,2,8,27,3,7,28,29,3,6,39,41
12,2,26,33,5,2,4,22,23,39,2,27,45,1,45,2,1,49,2,28,39,2,11,28,3,29,33,39,2,23,25,5,2,7,17,41,42,2,1,33,6,3,5,22,23,27,34
13,3,2,27,29,3,6,8,46,3,17,28,45,3,25,30,43,3,5,8,35,1,5,3,3,25,45,3,2,34,37,3,2,5,11,5,2,5,22,27,46,5,5,11,22,27,45,2,8,22,4,2,11,23,46
8,7,0,2,7,8,17,37,46,8,5,8,17,22,27,31,39,42,7,5,27,29,30,34,42,44,5,2,8,17,44,45,8,2,5,6,22,28,39,42,49,6,3,8,22,42,43,49,4,24,27,33,42,7,2,17,20,39,42,43,45
8,3,17,29,46,2,8,34,4,3,8,32,39,2,5,41,4,2,33,45,48,3,27,39,45,3,6,27,34,3,3,31,42
12,3,5,8,43,5,2,7,11,25,32,2,13,45,1,22,2,3,5,7,19,23,27,28,29,35,49,4,5,23,32,44,3,7,46,49,3,17,20,24,2,6,28,3,0,8,32,1,23
4,1,32,2,8,34,2,5,27,3,2,27,33
13,3,22,32,34,3,2,8,49,4,5,10,29,44,5,2,8,10,22,25,4,23,27,46,49,4,8,14,28,30,4,5,22,45,49,5,8,17,26,32,44,2,8,33,1,20,6,0,4,32,42,45,46,3,20,27,45,5,3,5,16,17,35
10,2,23,42,7,1,17,29,30,33,43,49,4,19,27,41,42,4,4,27,46,49,4,3,17,24,27,2,6,27,5,1,4,5,20,42,4,17,33,41,46,2,28,41,2,27,34
9,4,17,27,29,47,3,8,21,34,4,4,17,27,46,2,2,22,5,2,20,25,28,45,3,5,45,48,2,28,45,3,42,45,46,2,7,27
2,1,27,2,17,27
7,2,2,46,4,8,23,29,32,4,7,34,35,45,5,1,2,8,26,45,3,1,14,23,5,2,10,20,34,49,4,17,23,43,45
11,3,27,44,45,3,3,26,28,4,1,27,28,45,2,17,46,4,1,8,22,34,3,20,27,34,3,2,8,45,4,22,27,44,45,5,2,5,8,28,49,3,6,25,34,2,2,45
8,3,5,7,42,1,8,1,27,1,44,1,42,1,17,1,5,2,23,39
9,1,20,3,2,33,34,2,17,20,4,3,42,46,49,1,34,3,11,17,43,4,2,22,25,34,1,8,6,3,6,17,23,34,42
11,3,3,8,39,4,8,28,29,42,3,2,29,42,1,42,3,20,28,46,2,14,45,3,3,5,14,1,17,4,2,13,17,45,5,13,29,30,32,49,2,22,24
11,3,1,7,46,2,6,44,2,8,39,6,2,23,26,29,32,45,2,32,45,3,5,27,35,1,0,3,8,20,32,1,38,2,8,33,3,2,32,33
7,1,27,1,17,1,2,2,8,19,1,2,2,17,35,1,34
8,3,5,8,42,3,5,17,49,4,2,5,28,33,4,2,8,22,27,4,1,5,6,13,5,1,7,17,20,46,2,27,44,2,0,28
4,1,17,2,8,19,1,2,1,17
9,3,35,45,46,2,22,42,1,20,2,5,17,2,17,24,3,2,45,46,2,5,39,1,17,2,3,39
5,1,3,1,33,1,5,2,28,49,1,20
8,5,3,20,27,34,42,1,39,1,37,2,0,44,3,23,25,45,2,3,42,2,8,39,4,0,5,23,39
8,1,2,1,23,2,1,44,1,10,1,9,1,32,1,2,1,33
7,3,3,28,45,2,2,45,1,45,2,28,35,3,1,37,43,2,22,26,1,7
12,2,17,39,2,3,20,3,17,34,39,2,22,27,3,2,4,45,2,42,45,4,5,32,39,49,3,2,32,49,4,5,20,25,42,4,3,8,24,33,3,7,27,41,2,8,22
7,4,7,34,42,45,2,24,29,2,2,29,3,5,27,45,2,32,34,4,33,34,39,42,3,5,11,27
7,1,27,1,43,1,32,2,2,42,1,45,1,37,1,32
7,4,2,22,31,45,4,20,27,34,35,2,3,44,5,1,10,27,41,42,5,5,21,27,34,45,4,5,8,27,42,5,2,3,5,30,33
3,2,26,35,1,42,3,5,27,44
8,3,20,35,48,4,31,35,39,45,2,31,41,3,2,27,28,7,2,11,17,27,33,42,45,2,17,33,3,3,4,5,3,17,23,33
5,1,17,1,22,2,27,44,1,27,1,30
8,2,7,46,1,6,2,33,39,3,3,33,44,4,1,3,6,27,2,5,36,2,31,34,1,35
10,3,26,28,49,3,16,17,39,1,39,3,22,28,45,2,17,27,1,23,1,44,2,2,27,1,29,4,1,17,22,33
6,2,20,27,1,44,2,25,46,2,5,27,2,29,34,2,0,14
5,8,2,23,27,35,39,42,45,49,5,0,23,27,28,46,5,1,5,6,42,46,5,7,26,27,29,45,6,6,17,27,29,45,49
12,3,5,23,24,2,8,45,2,27,46,3,17,42,44,1,35,2,23,45,4,5,22,28,45,5,8,20,23,27,44,2,3,27,4,6,26,27,30,3,4,8,45,2,2,45
7,1,8,1,13,1,23,1,0,1,17,2,6,32,1,42
5,2,5,33,3,17,27,30,3,2,42,49,1,14,5,6,8,14,20,41
10,2,3,24,3,22,24,49,4,3,28,45,49,2,24,35,2,1,22,2,2,45,1,17,2,27,44,1,8,1,6
6,2,34,39,1,8,2,22,27,2,4,39,1,45,2,14,19
6,2,3,46,2,32,45,2,29,35,4,6,8,32,33,1,49,1,23
5,4,2,3,5,21,3,17,25,44,4,17,31,45,46,1,5,3,25,42,45
9,3,6,7,17,5,1,5,37,43,45,3,23,42,46,1,2,3,5,17,26,1,30,3,2,6,29,3,2,27,45,4,27,30,32,42
7,3,1,17,46,2,5,22,2,46,49,1,22,6,20,23,25,27,45,48,4,5,28,33,34,3,7,26,45
7,3,13,20,45,3,6,10,20,3,3,8,42,3,8,17,23,3,2,8,33,2,27,47,2,29,44
10,3,5,8,22,3,29,42,44,2,17,29,3,32,34,42,3,17,20,45,4,5,6,11,29,3,2,29,42,5,4,17,23,27,28,3,5,29,45,3,20,39,48
12,2,6,34,3,17,20,24,1,46,1,6,1,5,1,3,4,2,7,17,27,4,8,27,34,44,1,25,1,5,1,27,2,1,5
11,3,2,24,45,2,8,26,5,3,6,20,33,45,1,2,3,17,20,39,1,3,3,8,23,45,3,8,27,35,2,27,35,1,17,3,27,29,46
7,4,27,34,40,45,4,28,35,39,42,4,2,3,8,41,6,2,7,24,27,28,40,4,23,31,34,35,4,2,8,41,45,2,2,22
6,2,5,34,2,2,33,2,6,27,2,17,39,1,45,2,16,42
5,5,1,3,6,17,32,5,5,23,31,35,39,3,27,34,42,5,3,17,24,45,46,7,17,18,30,31,32,33,46
14,7,2,7,17,22,34,43,49,5,10,22,23,34,49,3,24,27,42,4,7,17,32,45,4,2,17,20,34,4,13,27,41,45,4,0,33,42,46,6,20,29,32,37,41,45,3,16,24,45,6,5,6,23,42,45,46,1,22,4,2,7,27,28,2,3,8,4,6,14,17,45
9,3,2,29,45,2,17,49,2,3,16,2,28,45,2,17,27,2,7,23,2,17,24,2,8,28,2,45,49
13,2,22,32,4,2,29,34,46,3,17,27,43,4,17,35,42,46,2,23,39,3,2,22,42,2,2,23,1,47,1,45,2,3,33,1,45,1,20,4,3,8,33,41
6,4,1,3,6,45,5,17,27,29,30,49,4,5,28,35,42,4,3,17,32,34,3,5,7,42,6,2,7,8,20,26,49
8,4,14,29,41,42,6,0,5,17,20,22,27,4,7,25,27,34,3,0,33,34,4,8,22,26,27,3,33,42,45,2,25,39,2,34,49
8,3,17,30,33,1,5,1,8,1,45,1,39,1,27,1,49,1,39
12,1,20,2,34,39,3,8,23,44,1,22,1,45,1,17,1,45,1,7,2,28,44,1,8,2,28,45,1,24
3,2,7,17,1,27,1,17
12,2,1,22,3,27,34,41,1,3,3,5,19,42,2,6,39,2,23,28,2,2,35,1,27,2,2,8,2,27,42,3,5,26,45,2,2,42
8,4,2,17,22,29,3,25,31,45,4,0,23,27,42,1,1,5,0,26,27,33,45,3,8,27,46,2,3,8,4,1,17,24,27
9,1,29,1,5,1,2,1,45,3,2,27,41,2,20,33,1,26,1,13,1,5
8,3,34,41,45,1,5,2,7,22,1,0,1,17,1,8,2,5,8,3,27,33,35
5,1,25,2,14,27,1,27,1,23,1,23
14,4,3,6,17,42,3,8,27,37,4,5,20,44,49,4,1,8,28,39,1,29,5,2,5,23,37,44,3,1,5,42,1,45,3,1,33,43,2,17,26,3,8,17,45,6,0,5,8,23,27,45,3,22,37,45,2,29,35
9,1,45,3,2,3,25,3,2,27,49,3,13,32,42,3,3,8,27,3,3,23,27,2,17,39,3,8,17,39,3,13,23,31
10,2,6,8,1,34,1,28,3,1,22,41,1,17,1,35,3,27,32,35,2,3,7,1,34,1,46
2,2,8,33,1,45
3,1,17,1,13,1,22
8,5,5,21,33,42,44,3,8,22,33,3,2,27,29,3,11,17,42,2,25,45,1,17,3,23,26,33,4,23,27,34,46
4,1,0,1,8,2,5,45,1,35
4,1,42,1,22,1,28,1,41
8,2,17,29,1,42,2,27,46,5,5,6,7,27,36,5,13,20,39,45,46,1,2,2,17,49,4,3,22,27,45
8,3,27,28,44,3,27,42,46,2,17,48,2,30,42,1,39,2,4,17,2,29,49,1,20
12,2,17,42,2,17,28,2,20,49,2,25,34,4,29,42,44,45,2,13,45,1,5,2,2,8,2,7,33,1,28,3,14,35,42,1,28
7,2,2,24,1,10,3,3,34,41,1,2,2,0,2,1,17,1,42
14,4,23,33,43,46,3,23,29,45,2,33,45,1,45,4,11,17,19,45,1,32,2,2,45,4,5,22,23,45,5,17,22,31,42,44,6,5,16,23,27,39,45,6,2,19,28,41,44,45,5,5,6,7,8,49,4,3,28,45,49,2,27,34
8,4,3,33,34,46,4,10,32,44,45,4,2,17,34,35,2,6,8,2,29,49,4,5,23,27,35,3,8,23,45,2,42,45
3,1,5,1,35,1,23
4,1,45,1,45,2,6,27,2,2,27
7,2,42,46,2,31,44,2,6,34,1,0,1,25,5,0,26,27,34,49,1,8
7,1,5,2,27,49,1,2,1,5,2,7,42,1,23,1,23
8,3,33,44,46,1,34,1,22,4,5,10,24,34,2,8,29,1,8,4,1,42,46,49,1,29
7,2,20,27,2,34,41,3,19,27,28,2,29,45,3,2,27,28,2,2,29,2,14,26
11,1,31,2,34,39,2,2,42,2,26,45,2,2,45,2,3,8,4,19,27,28,29,3,33,34,49,2,33,42,2,22,28,2,27,31
3,2,27,28,1,20,1,1
9,2,27,45,4,2,30,34,42,3,8,32,45,3,3,5,33,3,7,27,46,5,22,27,28,44,45,2,1,33,2,32,35,3,5,32,35
8,1,27,3,2,27,45,1,27,2,17,35,1,22,1,3,1,39,1,27
10,4,8,23,42,46,4,1,2,8,29,1,8,3,17,33,45,2,29,45,4,23,24,34,46,4,0,2,4,5,1,8,1,45,3,17,28,46
10,3,0,27,32,1,3,1,17,1,19,3,2,7,30,1,45,2,24,39,2,32,45,1,34,2,3,36
8,1,22,1,27,2,44,49,3,5,27,44,1,2,2,2,20,4,27,35,39,42,3,5,20,43
7,5,1,6,17,39,45,3,8,20,46,3,8,31,34,2,27,39,5,2,3,17,20,46,3,8,39,44,1,3
9,1,22,3,10,27,39,1,3,2,42,45,2,19,27,1,8,2,8,46,4,8,25,42,45,2,29,35
11,5,2,5,22,27,46,4,13,23,32,33,2,27,44,6,8,17,18,20,27,37,4,15,24,34,46,3,5,6,11,3,3,23,42,3,3,26,45,3,33,34,48,3,25,29,39,6,3,27,30,32,34,41
12,2,2,46,6,2,5,17,41,42,45,4,2,8,29,49,2,4,17,2,8,20,5,5,22,27,39,41,6,2,14,27,32,42,45,4,24,27,33,45,4,5,6,27,45,3,8,17,20,6,27,28,30,33,46,49,5,1,17,23,29,34
13,10,1,5,8,17,19,29,34,44,45,49,5,5,20,26,27,45,8,8,20,27,35,42,44,45,49,5,0,2,5,7,45,6,5,23,27,30,45,49,7,2,8,32,34,35,42,45,7,19,20,26,27,29,37,42,4,8,20,26,49,9,14,23,28,29,33,34,35,44,45,8,17,27,29,33,34,44,45,46,5,5,17,34,45,46,8,2,13,17,18,27,39,42,49,8,1,2,19,20,22,34,35,48
5,3,5,27,34,3,17,22,23,4,2,27,29,35,3,3,29,45,4,1,22,45,49
10,3,23,33,45,1,17,3,17,23,29,4,2,5,41,42,3,2,20,34,1,2,7,2,25,28,29,33,42,44,2,21,27,2,27,46,2,8,17
11,3,3,17,39,2,8,27,3,34,42,49,2,8,26,3,17,34,45,2,41,43,2,11,25,2,8,29,1,45,2,17,19,2,1,42
11,4,2,28,34,37,5,2,7,23,42,49,1,22,2,23,34,4,0,8,42,46,3,4,27,42,1,23,4,22,27,32,41,4,1,6,8,27,4,4,8,11,27,3,22,23,46
11,2,38,46,2,29,46,2,13,25,2,2,10,2,26,27,2,32,45,2,8,27,1,45,1,42,3,0,8,33,1,43
10,2,20,39,2,17,23,4,2,8,34,45,4,8,19,27,33,3,17,45,46,2,1,8,4,4,8,42,44,2,26,46,3,20,25,27,3,34,45,49
12,3,1,5,22,3,1,17,34,1,17,2,34,46,3,27,31,34,3,2,39,46,2,8,34,2,8,45,1,27,5,0,7,24,42,45,2,27,34,3,0,2,39
11,3,2,39,44,3,17,23,34,6,4,17,20,29,39,42,4,0,7,22,27,5,5,14,27,44,45,5,2,14,28,32,39,5,0,27,35,42,45,4,1,8,10,19,2,23,49,5,0,2,24,29,44,3,8,35,46
10,1,17,2,2,22,3,2,35,49,2,6,32,1,24,4,17,27,31,49,4,0,27,42,49,1,5,2,32,42,6,0,3,27,29,34,37
9,3,7,17,45,5,1,2,17,28,45,2,24,27,3,0,17,42,4,26,29,32,42,2,20,27,2,22,26,2,32,34,3,2,17,46
12,1,8,1,8,1,24,2,19,26,1,27,1,45,2,27,43,1,10,4,2,32,35,41,1,23,2,44,45,2,10,39
4,3,2,22,46,1,45,2,8,33,2,33,42
4,1,30,1,33,1,42,1,35
12,2,8,46,2,8,33,1,2,2,35,39,2,2,44,2,5,8,2,0,42,3,5,46,48,4,1,2,3,45,2,6,49,3,17,39,49,1,45
9,4,3,33,45,49,2,8,27,5,2,17,27,29,45,2,5,49,3,26,27,41,3,20,24,49,1,33,3,17,27,45,2,10,29
10,3,23,34,39,2,27,45,2,5,28,7,2,6,27,31,33,39,45,4,3,10,17,27,2,5,8,5,4,20,24,29,45,3,7,20,27,1,41,1,43
10,5,22,29,33,42,45,5,2,7,14,17,27,5,0,2,4,5,27,5,5,8,17,30,44,6,25,42,44,46,48,49,6,8,14,25,33,39,45,9,2,5,8,14,17,22,23,27,45,7,8,14,34,35,39,42,45,6,2,7,11,23,44,45,2,19,49
4,1,27,2,28,29,1,33,2,3,17
10,3,24,27,35,3,23,45,49,1,0,2,1,41,4,22,27,29,34,2,20,27,2,27,33,3,22,33,45,3,14,34,45,5,2,27,29,35,49
6,1,20,1,39,1,20,1,32,1,5,2,11,29
12,3,3,6,42,3,8,34,45,2,1,33,1,26,3,23,39,45,2,5,22,2,32,45,3,17,38,46,2,27,45,1,46,2,22,23,1,22
5,3,8,29,31,2,16,17,3,7,24,46,2,22,27,2,0,33
11,3,22,45,46,2,29,45,2,42,44,2,17,20,2,29,48,2,1,2,1,27,2,25,47,1,17,4,3,41,45,46,1,37
8,2,17,28,2,27,35,2,29,46,2,23,35,2,18,23,3,8,28,45,1,45,1,27
6,9,1,3,8,17,20,22,23,33,34,4,2,8,27,45,9,3,5,22,24,27,30,33,41,44,7,2,13,22,30,42,43,45,6,5,17,20,25,35,45,11,5,8,17,20,23,27,32,33,34,41,44
7,3,27,29,42,3,2,25,32,2,2,20,3,1,13,39,5,5,6,27,34,46,3,8,27,29,1,3
8,2,1,8,1,49,1,17,1,45,1,34,1,42,1,20,2,1,22
11,2,17,28,4,6,8,17,22,2,17,27,5,17,28,29,39,45,4,22,32,33,42,5,4,24,27,28,49,4,3,5,7,24,4,1,2,28,33,1,3,2,33,45,7,1,25,27,34,39,44,45
8,1,8,4,8,14,27,34,4,8,29,34,44,4,2,27,45,49,4,2,8,33,35,4,1,17,27,44,5,1,7,17,23,45,1,45
9,1,22,1,2,2,11,49,1,32,1,1,2,3,27,1,42,2,17,32,3,5,39,45
6,4,3,42,45,46,7,2,27,28,32,41,45,46,3,27,35,49,4,2,6,7,8,3,24,33,49,4,23,28,29,35
7,1,8,1,39,3,7,8,45,4,2,17,29,41,1,2,1,45,2,4,37
8,1,49,3,26,45,46,1,7,4,8,27,39,45,5,17,41,42,44,49,2,0,17,2,27,42,4,23,25,29,30
7,4,5,19,27,33,3,2,34,44,2,23,45,2,39,48,3,25,29,49,1,17,3,4,17,32
7,1,10,3,1,29,34,2,44,45,4,5,23,32,39,2,31,43,3,17,29,41,1,2
6,4,3,17,20,29,2,44,49,4,0,1,3,23,2,8,45,3,17,27,44,2,27,29
2,1,10,1,27
8,3,22,36,42,3,5,32,37,2,27,49,2,14,45,3,8,34,36,4,23,28,42,45,2,28,49,3,27,35,45
11,5,28,31,34,39,44,1,29,6,1,6,10,17,27,45,2,8,27,3,17,22,49,3,17,32,46,2,27,33,3,7,32,49,5,0,2,3,29,45,2,0,46,3,17,27,46
10,3,17,27,33,4,8,26,29,39,2,30,34,2,2,25,3,5,17,24,6,6,10,17,27,28,46,3,17,35,45,2,39,45,5,2,5,22,27,46,1,33
10,3,20,33,42,3,31,42,43,2,7,8,6,6,8,34,39,42,46,3,2,26,28,3,6,17,35,4,27,29,32,46,3,27,29,39,8,0,2,8,17,27,34,41,45,5,20,27,29,32,41
3,1,8,3,5,26,42,1,46
12,2,27,45,2,34,40,2,22,44,1,27,1,5,3,39,42,45,1,33,3,27,40,45,2,35,37,3,6,22,27,2,44,45,1,28
8,6,0,17,31,34,39,40,3,31,34,41,6,2,8,22,31,33,46,5,2,5,23,27,46,6,2,19,29,33,42,46,4,11,22,23,26,4,6,17,33,45,4,2,5,17,27
11,5,0,8,17,32,45,3,27,28,30,3,25,33,34,3,2,42,45,3,2,26,37,1,28,1,33,6,5,23,27,39,45,49,2,28,35,3,2,5,42,1,35
5,1,2,2,7,45,6,7,17,27,39,41,44,3,24,27,48,5,8,14,17,27,33
3,3,2,8,27,2,39,42,2,34,42
6,2,8,20,2,22,45,3,8,23,43,4,2,4,29,46,4,2,14,24,42,4,2,25,42,44
12,4,20,27,37,40,1,42,3,6,8,22,2,30,42,5,29,35,44,45,49,5,2,14,29,32,45,5,1,5,25,33,42,4,3,22,23,29,1,33,3,2,23,46,6,1,10,20,23,34,45,4,11,17,29,35
5,1,45,2,17,27,1,31,1,27,1,39
11,2,38,46,3,1,22,32,3,23,33,44,1,5,1,23,2,5,42,3,8,19,22,3,27,30,41,4,2,5,19,21,4,2,27,42,49,4,24,26,28,35
5,1,1,3,0,27,29,1,2,2,8,27,2,17,33
5,1,2,2,20,23,2,10,27,2,1,27,1,29
9,7,5,8,22,27,32,42,49,7,22,27,28,29,32,42,45,5,2,6,29,34,42,3,3,5,32,5,8,13,24,27,43,3,4,7,45,2,38,45,4,5,13,22,30,5,0,2,5,26,33
4,1,27,1,3,1,22,2,5,20
14,3,8,20,22,3,6,27,42,4,17,27,43,45,3,3,22,24,3,10,42,45,4,3,24,26,41,3,5,29,32,1,22,3,17,23,27,2,27,39,5,1,17,27,33,46,4,2,7,38,45,3,8,20,27,4,2,17,32,42
6,3,2,34,39,2,27,29,1,49,2,3,45,3,1,17,33,3,19,22,29
14,3,8,21,34,3,8,42,45,2,2,17,1,45,1,17,2,26,28,2,2,42,2,14,33,2,2,20,3,2,10,45,2,2,42,2,2,22,4,14,23,32,43,2,20,46
4,1,44,1,8,1,5,1,6
7,1,44,1,28,1,0,2,34,49,1,28,1,2,1,45
6,2,2,42,1,35,2,8,45,2,8,26,1,23,3,20,34,46
14,2,4,20,1,45,4,29,33,35,45,1,27,3,8,17,39,2,7,27,5,5,6,27,39,43,2,1,34,3,0,8,42,3,1,2,22,4,13,26,42,45,4,6,17,19,27,3,6,17,45,5,7,8,33,35,42
3,1,28,1,38,1,47
7,1,24,1,45,1,17,1,45,1,3,2,17,27,2,5,44
11,3,1,6,8,2,13,45,4,17,25,27,38,2,34,35,3,14,17,20,3,22,23,28,2,17,42,3,8,13,17,2,20,34,3,3,24,34,3,8,23,41
7,1,27,2,27,34,2,7,8,1,34,2,22,29,3,27,29,34,3,8,27,46
6,1,2,5,6,8,17,45,46,3,1,17,32,2,5,27,3,12,20,44,3,8,20,34
8,2,3,17,1,39,2,19,33,5,2,25,28,33,45,3,0,2,5,2,28,49,1,2,2,6,20
2,3,20,35,45,1,5
14,6,1,3,17,22,27,46,2,42,48,2,31,45,5,17,20,25,34,46,4,26,29,38,45,5,17,22,39,41,43,3,8,33,42,5,6,8,17,19,20,1,45,6,1,5,7,20,41,45,2,19,34,7,17,20,27,42,44,45,46,5,5,20,27,40,46,4,17,39,43,45
8,3,0,27,42,3,27,39,44,3,33,34,49,5,5,8,10,34,49,3,5,6,33,3,17,23,38,5,2,5,27,33,45,4,8,17,34,45
7,2,8,23,3,2,5,45,3,6,22,45,2,34,46,3,8,31,45,3,17,39,45,6,2,5,17,23,41,45
11,2,2,27,6,0,3,33,39,42,44,5,20,39,41,45,48,1,0,3,3,24,27,1,27,4,0,6,8,27,2,6,37,1,2,5,0,6,10,28,29,3,0,19,29
8,1,2,3,3,10,20,1,27,2,3,8,2,8,39,1,2,2,8,27,1,26
10,5,8,26,28,33,45,1,39,3,29,39,42,4,5,8,33,46,3,8,25,49,4,2,8,29,34,2,5,46,2,8,17,1,49,4,0,17,29,45
7,4,2,5,29,45,4,0,27,28,45,4,8,11,28,45,3,5,8,45,5,1,6,17,34,39,7,2,4,5,32,35,39,45,4,2,5,33,45
8,1,27,2,35,45,1,44,1,10,1,34,1,29,1,2,1,33
5,2,33,45,1,40,1,45,2,45,46,2,33,41
9,2,19,41,9,5,8,11,23,24,27,29,33,45,2,27,49,4,27,28,34,44,5,5,17,28,30,35,4,3,28,38,45,2,16,32,3,22,23,45,4,1,4,17,49
6,2,3,39,2,5,35,2,3,35,2,3,23,2,17,45,2,17,45
7,4,3,5,27,32,1,33,2,42,45,4,2,5,7,25,4,7,30,35,45,5,2,5,17,22,44,3,8,22,27
11,3,10,17,45,4,7,17,29,42,3,8,22,41,1,34,3,5,26,27,4,20,25,27,41,3,33,34,45,3,5,27,34,2,32,45,1,29,1,45
6,1,33,2,2,38,1,17,2,5,42,1,33,1,34
14,3,23,35,37,1,8,1,43,2,3,49,3,35,39,45,1,39,2,27,46,3,22,31,39,1,29,2,1,3,2,17,19,3,1,19,27,2,24,27,2,33,45
9,3,2,6,8,3,29,42,45,3,1,3,42,1,14,2,29,43,4,1,13,17,27,3,0,30,45,3,5,21,45,3,8,35,42
5,4,1,27,34,46,3,2,27,46,1,1,4,3,27,28,44,1,25
7,6,0,5,33,34,35,49,4,3,6,27,35,2,5,49,2,24,33,3,24,34,49,3,23,27,45,1,24
3,1,45,1,42,1,29
5,2,5,14,1,8,1,49,1,20,1,10
6,4,2,8,20,30,3,17,29,45,6,2,5,22,29,39,41,2,3,27,3,8,14,45,3,19,27,35
8,1,17,1,30,2,44,45,2,20,46,1,5,2,3,27,2,5,6,3,17,22,45
8,1,28,3,2,17,42,1,7,1,27,1,27,1,24,1,13,1,2
13,5,2,17,22,29,33,2,2,17,3,3,12,46,4,8,27,28,44,1,8,3,5,8,22,6,2,13,17,20,22,34,2,34,45,5,17,28,29,34,45,5,2,3,6,8,46,4,8,32,39,45,3,6,29,45,4,2,9,34,45
10,1,34,1,35,1,13,1,29,1,22,1,17,1,2,2,27,45,1,42,2,27,44
10,2,5,8,2,2,8,2,28,46,1,34,1,26,2,2,41,2,0,42,2,25,44,3,3,7,27,2,34,45
5,2,2,17,2,7,46,1,5,4,2,5,29,32,3,20,22,28
3,2,2,5,2,23,33,1,24
10,4,5,17,23,27,6,7,8,22,27,44,45,2,2,3,3,4,29,32,2,2,7,2,17,28,3,5,28,45,1,39,3,3,32,45,2,2,34
9,2,2,32,2,3,21,1,14,2,20,45,2,22,27,1,29,2,28,45,1,17,2,27,33
8,3,0,29,45,2,13,17,3,25,27,31,1,38,3,27,33,49,2,27,32,2,17,46,3,27,39,45
1,2,23,33
6,1,29,1,17,1,23,1,33,1,46,1,42
11,4,8,20,34,45,3,5,27,44,4,17,19,41,49,1,46,7,8,13,22,28,35,45,46,5,4,7,24,27,33,2,29,30,4,17,22,30,45,2,24,43,5,1,2,27,34,49,3,33,42,45
10,4,8,27,33,42,2,3,27,2,21,27,3,23,24,45,3,1,13,45,3,5,35,44,5,3,4,8,44,49,4,22,23,28,32,3,1,27,45,3,24,27,44
12,4,4,17,23,45,4,20,22,27,45,2,38,43,4,2,3,22,34,3,8,29,30,3,0,27,35,3,5,28,42,1,19,2,27,32,2,27,28,3,1,7,42,1,2
4,2,1,30,1,24,1,46,2,8,19
6,2,42,45,3,2,17,22,5,3,5,34,42,46,3,2,26,32,1,37,3,1,6,17
6,1,27,2,17,35,1,13,1,4,1,23,1,0
10,2,27,35,2,2,41,4,23,29,33,45,2,17,35,1,1,3,20,41,46,2,20,29,1,27,3,20,24,27,2,28,45
7,3,5,26,29,5,5,6,7,17,46,2,1,7,2,23,35,4,5,10,26,45,5,2,8,23,28,35,4,7,28,29,45
6,2,8,33,3,1,5,45,3,35,41,42,2,8,26,3,39,43,45,3,16,29,32
7,1,3,1,33,1,30,1,45,2,2,46,1,28,1,45
9,3,5,27,35,3,1,17,33,1,3,2,25,42,2,41,45,2,5,6,5,5,8,17,23,27,3,4,29,34,3,13,20,23
6,1,2,1,45,3,17,34,41,3,2,25,34,2,7,27,1,1
3,2,1,28,3,17,23,46,2,33,35
8,2,28,44,1,44,1,27,1,41,1,45,2,2,46,5,28,33,36,45,49,3,32,33,45
13,5,5,29,32,40,45,7,1,7,8,23,29,33,45,7,3,26,27,28,32,45,46,6,5,7,8,27,33,45,2,14,20,3,2,30,42,2,2,42,4,2,17,34,45,4,8,20,33,41,3,33,45,46,5,8,26,32,44,45,6,1,27,29,34,35,42,1,20
10,5,1,17,26,27,45,3,1,8,17,4,6,19,27,49,3,5,29,45,4,27,32,33,37,1,17,2,29,46,4,7,8,19,34,1,34,2,3,27
11,3,2,23,27,3,17,27,45,3,11,27,45,1,5,4,5,17,34,45,3,23,27,34,2,42,44,2,2,35,2,2,42,3,1,29,37,3,17,20,42
10,1,8,4,0,20,27,42,2,2,45,6,1,2,5,8,24,46,3,17,28,34,6,2,6,20,28,41,42,3,30,32,39,5,0,29,34,45,46,6,2,5,8,22,27,34,4,1,2,27,42
6,1,18,1,27,1,20,1,13,1,2,1,34
8,6,2,14,17,27,32,46,3,3,5,27,3,8,27,29,2,1,19,5,0,5,23,27,28,3,2,13,45,3,33,45,46,6,2,8,17,22,41,44
8,2,8,37,2,17,22,1,45,2,2,39,1,46,3,4,8,14,2,2,45,2,1,24
2,1,39,2,23,26
3,1,46,1,35,1,7
9,2,22,42,3,3,29,45,3,2,33,45,1,31,2,17,45,2,4,27,2,17,20,2,5,20,2,27,33
8,2,4,27,3,14,27,42,2,10,45,2,29,45,1,17,4,7,17,26,46,2,5,27,1,34
5,2,44,45,2,8,32,2,2,20,2,6,17,2,8,31
13,1,23,5,7,8,27,34,39,3,5,21,28,3,2,34,45,1,3,2,29,44,1,33,2,23,27,1,27,2,5,28,3,17,24,43,4,2,8,22,27,1,40
9,2,5,25,3,7,14,24,2,39,46,4,26,29,33,34,1,22,2,8,23,3,2,27,29,1,5,2,5,8
9,2,1,45,1,42,6,2,10,27,42,45,46,4,2,30,33,45,5,1,2,23,24,27,4,22,28,37,46,6,0,2,3,26,34,43,3,5,27,45,5,2,3,18,27,29
10,5,8,19,24,27,32,4,3,5,7,45,4,2,5,17,31,3,27,45,46,3,8,19,28,4,2,17,42,49,4,5,17,27,43,4,33,34,37,45,2,26,27,3,3,30,35
7,5,5,17,27,29,44,4,0,42,44,45,1,27,4,22,35,48,49,5,2,17,19,44,45,4,1,7,19,49,5,6,17,20,23,27
6,5,2,3,17,27,45,1,17,2,22,45,2,17,24,2,5,8,3,27,29,41
8,3,0,17,35,2,5,45,1,34,3,8,27,30,2,22,31,2,2,24,2,17,46,2,5,46
3,2,0,17,2,27,39,2,5,6
9,3,1,5,27,5,1,5,8,44,46,4,2,5,33,45,4,1,17,33,34,4,2,28,41,49,5,18,20,23,32,45,1,28,4,16,18,23,42,5,1,7,22,40,46
1,1,17
13,1,29,4,20,23,42,44,5,13,23,27,45,46,6,1,14,27,32,33,45,3,5,48,49,3,8,14,27,6,3,17,19,25,33,44,4,7,18,22,37,4,2,6,34,37,4,8,23,28,42,3,14,32,42,2,24,35,4,11,26,32,42
9,2,17,22,1,5,5,2,5,33,42,49,1,27,1,7,2,27,31,1,2,2,23,44,1,42
5,2,40,46,1,35,1,2,2,6,45,1,6
10,1,8,1,30,3,2,34,45,4,7,27,29,42,3,8,22,49,2,8,30,2,1,35,3,29,34,39,2,14,24,2,5,45
11,2,4,17,1,45,3,7,8,17,2,12,46,3,17,28,42,2,2,23,1,28,4,1,29,33,45,5,22,28,30,32,39,1,6,2,5,23
9,5,5,20,34,43,45,4,20,33,34,40,4,2,17,26,45,4,8,17,34,35,3,29,30,44,2,5,33,4,2,25,33,45,4,0,3,25,27,5,2,5,7,28,42
10,2,7,20,2,2,42,1,33,3,8,27,42,2,17,48,1,24,2,29,39,3,4,17,45,1,45,4,29,38,45,49
12,4,8,17,22,32,1,8,2,19,46,2,3,27,5,8,22,29,30,33,2,7,13,2,6,45,2,0,39,3,3,5,17,1,26,1,1,2,8,28
14,6,13,17,27,29,45,49,3,1,2,19,1,41,3,27,37,43,2,1,3,3,1,32,41,3,17,29,45,2,18,45,4,7,27,29,45,4,8,27,37,45,3,17,23,42,3,2,6,8,3,30,39,42,4,3,22,27,33
8,2,0,45,3,7,34,42,1,41,2,2,34,3,17,27,29,2,20,42,2,20,34,2,27,34
5,2,32,35,1,2,1,35,2,2,45,1,27
4,1,4,1,42,1,2,1,0
9,6,2,5,23,26,29,44,3,2,23,39,3,3,14,33,3,22,28,39,3,2,20,27,4,0,30,39,42,2,1,39,4,1,17,27,28,5,1,24,27,44,45
10,3,4,5,20,1,14,2,2,17,1,42,2,42,45,2,2,29,2,20,27,2,2,35,2,2,14,4,2,17,27,29
8,2,8,27,1,14,1,2,2,31,45,2,5,41,1,14,1,44,4,2,23,24,48
5,2,17,45,1,45,3,2,42,45,2,22,28,2,17,45
6,2,10,38,3,1,29,46,4,19,35,37,46,4,5,17,39,44,4,2,5,17,44,1,27
6,1,28,2,28,42,2,23,45,2,2,27,1,27,4,8,27,32,46
12,6,4,5,17,27,29,45,7,2,7,24,27,28,31,42,5,6,8,27,28,33,4,8,17,32,42,4,4,6,24,42,4,6,33,42,45,5,0,22,24,29,42,4,0,5,8,39,4,0,2,27,34,5,2,6,7,42,46,4,22,27,33,45,6,2,8,17,27,38,45
9,1,49,2,8,28,2,5,32,3,22,24,41,2,3,27,1,5,3,2,42,49,3,3,8,14,2,39,41
7,2,34,45,2,28,35,1,27,1,20,2,2,42,1,45,2,28,44
5,2,5,42,2,29,34,1,13,1,39,1,17
6,2,11,42,1,27,2,2,29,1,46,1,4,1,10
10,3,7,32,34,3,5,22,23,2,17,34,4,1,17,41,44,3,2,20,39,3,26,29,45,4,6,14,17,30,2,24,43,5,5,17,19,22,49,2,7,20
8,2,1,10,2,29,46,4,5,29,35,42,2,19,34,2,34,45,2,29,49,3,8,10,11,3,2,32,33
7,3,2,33,45,2,35,42,2,22,49,2,27,37,2,30,39,2,27,29,1,42
7,2,17,35,2,27,35,2,27,35,4,2,5,8,27,4,33,34,44,46,3,27,33,44,2,27,35
13,2,27,45,4,25,32,42,45,1,9,3,2,8,18,1,17,4,1,6,29,34,4,0,2,28,45,3,23,26,45,3,27,45,46,3,18,20,32,3,17,33,45,7,17,27,28,30,35,42,46,5,2,16,17,23,27
6,4,7,27,34,45,4,2,7,27,39,8,1,23,27,32,34,41,42,44,4,3,29,34,41,8,2,17,21,26,27,29,38,43,4,20,27,29,46
13,2,6,33,4,17,27,39,40,5,2,5,25,44,45,5,3,5,22,23,27,4,5,29,30,34,4,2,5,34,43,1,27,3,27,31,32,3,0,2,45,6,2,7,17,19,28,33,4,8,14,34,45,5,3,14,27,33,34,7,0,3,10,17,37,39,42
8,1,27,2,0,45,1,2,1,3,1,29,1,44,1,38,1,39
10,3,39,42,46,2,0,2,3,24,27,29,4,6,25,32,45,4,2,21,29,44,3,0,27,42,4,27,28,29,45,6,3,5,8,19,23,45,2,6,27,3,3,17,27
7,1,45,3,39,44,46,4,7,18,32,44,4,23,27,44,45,3,0,42,45,4,2,16,17,42,2,2,42
14,3,2,28,29,3,2,22,31,2,17,19,6,0,8,19,23,27,45,5,3,7,17,42,44,2,17,27,2,28,45,3,13,34,41,3,27,28,45,2,13,44,3,0,5,45,2,8,41,5,1,5,19,32,42,3,27,29,39
7,3,23,27,33,2,2,24,3,27,45,46,2,5,27,2,26,45,1,8,1,27
11,3,27,28,44,2,27,42,1,27,1,17,3,2,29,39,3,8,24,31,4,0,4,8,23,4,8,23,27,29,3,3,20,22,3,17,20,27,3,18,27,29
9,4,5,7,17,22,4,5,24,39,44,1,34,4,19,33,34,42,4,2,25,39,41,2,6,19,4,14,17,42,45,2,2,8,4,7,13,19,33
3,2,2,17,1,2,1,27
10,3,26,27,33,1,45,2,11,22,2,2,34,2,23,24,1,49,1,7,2,2,27,2,14,28,3,17,23,45
8,5,25,27,43,44,45,5,5,8,27,32,39,7,2,8,25,27,44,45,49,4,5,27,28,44,5,22,23,27,41,49,2,17,29,5,5,20,33,39,42,2,2,27
3,1,44,1,5,1,3
4,2,3,39,2,7,34,2,7,38,1,5
8,5,22,24,27,45,46,4,24,29,45,49,3,2,3,49,2,41,45,3,2,8,17,2,11,34,3,3,22,44,3,2,22,41
1,2,1,45
6,1,2,1,46,1,19,1,30,2,5,33,1,5
10,6,20,25,29,42,45,46,8,2,8,17,29,34,42,44,49,9,2,3,17,20,22,34,39,45,46,7,2,10,11,22,23,42,46,6,2,22,24,25,26,44,7,2,8,11,22,27,38,43,6,0,2,8,17,34,42,3,2,42,43,6,7,8,17,23,35,42,5,8,24,26,29,37
9,3,1,20,24,1,45,1,8,5,2,5,17,26,29,2,2,23,3,1,34,43,6,8,32,37,39,44,45,3,5,27,45,4,17,26,35,42
16,1,3,8,2,5,13,22,27,34,39,49,7,17,20,22,27,32,42,45,3,22,23,27,4,33,35,42,45,3,2,8,44,4,8,10,27,45,7,2,5,27,30,34,42,45,4,1,3,42,49,5,2,17,29,39,46,2,5,44,4,7,14,45,46,6,17,19,26,27,28,45,5,3,17,19,28,45,4,7,23,33,41,1,41
3,1,1,1,23,1,35
7,2,3,33,2,27,34,3,8,44,46,2,8,20,1,27,4,2,33,42,45,3,3,28,32
5,4,4,5,35,45,5,0,13,17,28,34,6,6,8,22,27,34,42,6,2,5,8,20,27,42,8,5,7,17,23,28,32,33,49
11,1,34,2,2,34,2,20,34,2,29,32,1,33,1,17,1,8,1,0,1,45,1,32,1,1
7,2,22,34,3,5,34,45,3,4,27,37,3,27,33,46,4,13,19,39,42,4,2,17,29,42,4,8,22,42,45
10,1,44,1,45,1,8,1,2,1,45,2,29,42,2,28,43,1,2,1,42,2,45,48
4,1,29,3,2,3,20,3,2,22,46,1,17
7,4,5,8,45,49,4,7,27,34,35,3,2,4,41,1,2,4,28,34,35,45,5,2,17,28,35,45,4,23,27,35,41
4,1,2,2,23,25,1,32,1,1
10,3,23,27,42,3,2,30,45,3,1,34,42,1,8,4,17,27,34,49,5,1,3,22,25,26,1,2,2,27,29,3,1,34,45,2,41,46
10,1,34,2,27,34,3,28,29,46,3,2,7,8,4,2,18,27,33,3,2,3,46,5,6,22,29,34,49,3,5,14,32,4,5,19,20,29,2,29,32
11,2,0,13,3,0,8,45,4,7,17,19,29,3,8,20,42,2,13,45,2,8,27,3,6,20,26,3,3,17,27,2,6,45,3,27,38,46,4,34,44,45,46
10,2,0,27,1,26,1,39,2,20,48,1,27,1,35,1,24,2,19,29,2,2,27,2,17,27
8,5,3,25,27,45,46,6,6,17,27,32,44,45,4,5,6,35,49,4,6,27,42,49,5,17,27,31,40,49,3,5,8,39,7,0,2,5,11,27,45,49,5,8,34,39,42,45
10,2,22,27,4,3,17,33,46,6,8,20,29,30,34,39,4,5,24,29,44,6,3,6,8,25,27,35,2,8,33,4,3,17,24,28,5,3,5,30,34,42,3,5,17,45,5,3,24,27,29,45
10,1,39,1,8,4,2,22,26,27,3,27,33,46,3,8,17,34,1,1,4,2,6,17,20,4,4,5,8,44,3,8,13,49,3,17,22,34
13,2,11,34,2,23,42,4,5,8,34,42,1,29,3,5,7,42,2,3,40,1,2,1,45,2,1,27,2,1,27,2,5,7,1,32,1,8
13,3,1,8,45,4,10,19,27,42,2,17,19,4,0,8,34,49,5,0,17,34,42,46,1,27,6,2,17,20,22,39,48,2,5,8,4,2,26,27,32,2,30,41,3,19,28,45,2,7,41,3,1,2,6
9,3,23,33,44,2,8,14,2,27,35,3,20,44,45,1,8,2,42,45,2,14,33,3,2,34,42,2,2,19
8,2,2,49,3,3,5,20,3,8,42,44,2,29,45,2,29,45,3,3,35,39,4,3,22,23,42,2,5,48
6,1,3,1,17,1,45,1,5,2,27,41,1,48
3,2,2,45,2,3,24,1,2
12,1,45,1,27,1,45,1,44,1,30,1,41,4,3,4,27,35,1,25,4,17,34,38,46,3,2,17,27,1,19,1,14
8,2,3,46,1,49,3,2,42,44,1,2,2,1,8,4,17,27,33,45,2,24,44,2,35,42
8,1,34,3,27,32,45,2,8,29,1,17,3,8,41,45,1,8,2,34,42,1,45
8,1,28,3,3,27,33,3,20,33,42,4,14,33,45,49,2,17,45,6,0,2,5,13,34,42,3,6,27,42,3,5,42,46
6,2,34,35,1,5,1,27,1,41,1,8,1,1
9,4,2,23,24,42,2,34,46,2,27,29,1,34,2,17,39,4,1,17,25,42,2,8,45,2,6,23,2,33,39
9,3,5,27,29,3,5,27,44,4,24,29,34,44,2,17,45,4,1,2,8,48,4,5,17,33,39,2,17,27,3,5,20,32,3,7,24,36
12,2,8,44,2,8,20,2,23,27,2,18,43,2,29,45,3,2,44,45,1,45,2,27,34,2,8,39,2,19,45,1,27,3,2,8,33
8,2,17,29,2,28,45,2,8,41,5,5,8,28,42,45,3,27,32,33,2,2,45,2,1,27,3,1,22,41
8,2,8,41,2,33,34,1,26,1,41,3,17,33,45,1,25,1,8,1,45
13,5,1,3,26,33,34,3,23,46,47,3,3,27,46,3,6,30,45,5,17,19,27,34,45,4,27,32,36,45,3,8,17,44,5,2,6,8,22,27,6,2,19,27,34,41,49,5,13,20,33,42,49,6,11,23,27,39,43,48,3,8,27,31,4,0,20,25,42
14,3,1,27,45,1,32,2,28,49,1,27,2,27,45,1,27,1,6,2,4,27,3,1,7,20,3,0,27,29,2,1,26,1,8,2,7,22,1,27
6,1,34,2,17,45,5,6,19,27,35,43,3,34,43,45,2,27,42,3,2,42,46
6,1,27,2,8,27,1,33,1,4,1,1,2,5,34
8,1,5,2,17,18,2,2,46,2,7,27,1,32,2,27,42,3,0,20,45,1,5
8,3,27,30,46,6,6,23,27,29,33,45,5,1,5,43,45,49,5,2,25,27,34,45,5,2,27,28,35,44,2,2,22,5,2,5,20,27,33,3,2,5,32
8,4,17,24,45,46,4,22,27,32,37,3,5,28,44,3,29,42,45,4,2,8,41,42,1,3,4,2,8,45,49,3,8,27,28
9,1,27,1,20,1,44,1,42,1,42,5,2,5,27,42,46,2,39,44,1,14,1,2
9,1,8,1,27,1,42,2,2,17,1,17,2,22,48,1,0,1,47,3,27,29,35
8,4,5,35,44,45,5,0,2,23,41,45,4,30,32,35,44,1,3,3,10,23,42,3,2,8,37,2,17,30,3,28,29,42
10,1,25,1,39,1,45,1,18,3,1,14,17,1,39,3,3,6,34,1,45,1,27,1,32
12,5,8,25,34,42,49,4,17,27,28,45,5,2,17,23,27,46,4,2,27,29,49,4,6,24,29,44,7,14,22,26,28,29,32,42,5,17,29,34,44,46,1,24,1,2,3,17,23,34,4,8,23,33,35,4,2,34,45,49
5,1,39,1,46,1,22,1,42,1,2
12,3,5,17,23,4,2,17,42,46,3,7,30,45,3,27,33,34,3,3,22,28,4,17,23,29,39,2,27,43,1,17,5,33,35,42,44,45,3,4,33,38,3,2,41,42,1,37
4,1,5,1,28,3,5,17,29,2,27,45
11,2,7,27,1,22,1,26,1,30,3,19,20,41,2,27,43,2,13,33,2,42,46,6,17,33,35,41,45,46,3,2,17,29,1,2
2,1,28,1,45
9,4,28,33,34,45,5,0,2,20,35,45,4,23,35,44,46,3,2,21,44,4,6,8,27,28,2,41,42,5,2,14,20,23,42,3,1,22,35,4,22,27,34,45
12,3,22,42,45,1,37,1,27,2,7,45,1,8,2,23,42,2,5,27,1,17,1,3,1,45,1,39,1,17
12,7,3,5,8,11,19,30,35,2,32,42,5,0,27,30,33,42,3,3,27,45,5,2,29,38,39,45,3,23,28,43,6,1,4,5,6,45,49,4,0,17,23,30,4,0,24,27,29,7,5,17,20,24,27,29,45,7,2,6,17,18,29,33,45,7,1,5,7,17,29,33,46
8,3,22,28,29,2,17,24,1,2,3,7,43,45,3,17,27,45,6,1,3,5,8,17,33,3,8,17,27,5,5,11,26,27,45
11,3,2,26,45,3,6,17,22,3,0,31,46,2,1,39,3,23,26,27,2,0,42,2,29,34,3,8,34,46,4,10,20,28,45,2,17,39,3,27,33,45
6,2,5,20,1,6,4,25,29,33,45,2,35,44,2,33,45,2,23,26
9,4,20,39,45,46,2,5,46,3,2,23,27,5,2,17,20,24,49,3,8,27,29,3,5,22,45,3,23,34,45,2,1,33,3,1,27,45
5,3,5,36,49,2,8,20,2,8,46,3,24,45,48,3,17,28,45
11,7,1,20,29,42,43,44,45,5,17,27,35,37,45,3,17,20,24,7,3,5,19,22,27,28,45,5,7,17,24,27,42,5,0,2,8,27,49,2,8,45,3,23,42,49,7,1,8,20,22,27,30,45,6,3,8,20,33,42,45,3,23,28,30
7,2,27,32,2,8,45,1,22,4,2,5,8,11,2,1,8,2,42,49,2,0,33
14,1,1,4,2,8,16,45,3,7,24,34,3,2,14,41,1,34,4,3,5,26,27,3,8,20,23,5,6,20,27,33,34,4,22,28,29,41,3,3,27,34,3,8,33,45,3,27,28,34,2,28,29,3,27,28,29
8,5,2,3,16,32,44,3,3,17,45,5,0,8,14,32,45,3,8,33,45,4,3,7,17,34,6,6,22,26,27,35,43,3,2,17,34,2,24,45
10,1,44,1,3,4,3,10,27,42,1,34,2,33,42,2,26,45,3,17,34,45,1,42,1,44,3,26,27,42
6,1,2,3,5,41,45,3,5,23,25,2,19,22,2,0,1,2,17,26
6,2,29,37,2,1,44,1,22,1,17,1,27,1,8
7,2,5,27,1,25,1,23,1,44,2,27,28,1,28,1,43
5,3,5,27,35,2,41,45,4,28,34,42,49,1,20,2,8,17
7,1,41,1,23,1,45,1,6,2,8,34,1,45,2,5,33
12,2,1,36,3,2,25,45,2,17,22,2,2,8,2,17,27,1,46,1,42,2,2,34,1,31,2,5,26,1,27,2,8,32
9,1,42,4,1,17,23,33,2,32,42,2,29,42,1,45,1,5,2,8,24,1,7,2,23,28
9,8,5,8,17,24,34,35,42,45,7,2,5,8,28,41,42,45,10,1,2,7,22,23,27,29,34,42,44,8,2,14,24,27,35,39,45,46,8,0,5,7,25,27,33,39,45,10,0,11,20,23,32,35,42,43,45,46,6,8,27,29,45,46,49,8,2,8,17,20,24,39,45,49,10,2,17,22,26,27,28,32,34,44,45
11,3,0,17,27,3,8,17,20,4,21,33,34,45,3,17,20,46,3,2,3,44,3,5,19,27,5,2,17,26,28,45,3,5,17,39,5,5,24,39,44,46,1,27,3,14,17,24
13,4,20,30,32,46,2,8,24,6,20,28,29,40,42,45,4,2,29,32,44,4,32,33,34,41,7,20,23,27,28,29,44,49,4,10,29,45,49,4,7,8,25,42,5,8,17,33,39,45,4,22,23,28,32,3,0,23,43,5,0,1,17,23,27,2,5,7
5,2,20,22,1,2,1,45,2,20,32,3,3,7,27
9,2,32,49,3,31,43,45,2,9,34,2,17,27,3,2,43,45,3,5,35,46,3,30,35,42,2,3,17,1,27
5,1,32,1,42,1,29,1,33,2,28,34
9,2,2,46,2,29,34,2,17,33,2,5,6,3,17,32,49,2,33,41,3,1,45,46,2,18,41,3,2,33,44
4,1,41,1,34,1,17,1,8
9,2,8,34,4,7,17,36,42,2,27,45,2,7,17,1,43,1,33,2,45,46,2,0,42,1,20
9,5,1,3,17,20,33,2,24,43,1,5,2,8,45,1,35,3,13,27,29,1,49,2,27,41,1,29
6,2,14,44,2,17,33,3,5,8,34,3,27,34,42,3,1,27,48,3,32,45,49
5,4,6,12,27,34,4,2,3,36,45,5,1,17,27,42,45,1,27,3,8,29,44
5,1,23,2,23,25,3,0,14,35,2,1,45,2,8,26
10,4,2,29,33,45,4,22,27,31,42,1,33,3,2,38,45,2,22,44,4,0,8,23,29,3,3,27,44,3,20,34,46,3,1,22,39,1,49
5,4,0,20,27,44,4,17,22,33,45,6,7,19,23,31,45,46,3,13,33,46,6,0,2,28,34,45,46
6,2,39,46,3,2,5,8,4,10,27,39,45,2,41,42,3,1,3,45,2,35,39
13,3,23,27,34,2,26,39,1,22,1,0,2,29,36,2,29,34,2,42,49,2,13,33,2,5,39,2,5,23,1,46,1,16,1,49
7,5,2,22,35,45,48,6,2,3,8,20,45,46,3,17,27,32,1,39,4,20,27,33,46,1,42,3,8,20,34
13,1,45,4,8,17,20,45,1,24,3,2,8,20,3,1,22,39,3,3,8,27,4,5,20,27,35,1,8,3,20,30,34,6,2,27,28,35,40,45,3,1,20,27,2,29,33,3,5,27,46
13,5,1,17,33,39,42,4,4,17,18,23,6,2,17,20,40,45,46,5,2,27,41,45,49,5,5,6,26,27,32,4,27,33,42,45,6,0,2,22,27,32,42,7,2,3,5,17,42,46,49,6,2,17,20,23,27,44,10,0,2,5,7,17,26,27,29,42,44,7,8,11,24,28,34,39,49,8,7,14,20,22,27,28,29,35,5,3,10,25,27,33
8,4,6,26,34,45,2,5,29,4,4,11,27,28,1,29,1,0,4,2,6,10,34,3,2,28,32,4,4,23,27,28
6,4,2,25,27,42,1,45,3,13,14,18,2,17,34,2,2,44,1,28
7,3,3,45,46,1,49,1,34,1,11,1,23,1,8,1,32
6,5,6,8,20,27,32,6,7,19,23,28,33,45,3,20,33,42,3,33,34,45,2,8,48,3,5,41,49
5,1,38,1,1,1,37,2,17,33,1,32
7,4,2,3,8,27,3,2,33,39,3,17,27,29,4,2,20,27,34,2,2,29,4,1,5,34,42,3,2,17,28
14,2,22,33,3,24,33,42,2,2,29,3,27,28,40,1,25,2,2,45,1,8,2,29,49,2,29,42,1,45,2,2,8,2,3,23,3,2,23,45,2,1,8
7,4,1,22,23,45,1,45,2,4,43,1,20,1,25,1,17,1,5
7,1,2,4,33,43,44,45,1,2,1,32,1,27,1,29,1,0
5,1,45,1,34,2,17,34,4,2,5,29,43,1,34
9,1,2,3,19,41,46,1,13,4,2,8,23,42,2,8,28,2,20,27,2,3,29,2,13,39,1,29
10,2,2,5,1,29,4,3,17,20,23,3,20,23,24,3,8,28,45,3,8,27,33,2,44,46,4,2,10,29,42,5,22,34,39,42,45,3,24,35,45
7,2,2,47,3,2,5,27,1,34,3,8,28,34,3,2,39,44,1,26,5,0,2,28,31,34
14,2,2,23,2,17,35,5,1,3,5,8,34,4,6,27,39,42,5,5,6,17,20,26,3,30,31,45,1,23,3,17,24,46,3,35,36,45,2,0,14,3,3,29,33,3,27,34,45,6,6,7,17,22,25,26,4,3,8,28,35
10,1,27,2,27,46,3,27,29,33,2,5,29,1,42,1,41,4,2,5,21,49,1,29,1,28,2,5,46
7,3,17,22,45,1,8,1,45,1,49,1,6,1,26,1,33
5,1,5,2,8,13,2,3,27,1,23,1,42
10,5,2,19,23,24,27,1,10,2,6,34,1,33,3,2,6,22,2,2,5,1,49,1,27,2,17,45,1,3
4,2,8,45,2,7,34,2,26,48,2,3,41
6,5,5,7,17,22,24,1,28,2,8,44,4,27,32,37,46,1,28,2,2,46
11,2,17,44,2,23,44,3,5,6,27,2,8,45,2,28,44,2,3,34,3,6,26,43,2,3,43,5,5,20,23,34,45,1,45,2,7,35
14,3,2,44,45,3,8,38,44,4,2,5,42,44,2,7,8,2,6,45,4,8,20,26,33,1,33,3,1,27,49,3,27,33,46,4,17,27,33,45,3,4,41,44,3,20,24,41,3,3,17,45,5,2,8,23,29,44
1,1,35
8,2,6,32,3,5,30,33,2,5,33,3,23,33,45,3,17,20,28,4,2,8,27,40,1,27,4,1,17,32,42
3,2,1,28,1,22,1,45
2,1,2,2,3,34
6,1,17,1,23,1,45,1,39,1,23,1,27
2,1,29,2,30,45
8,3,2,5,45,3,19,27,34,4,3,8,42,45,2,2,27,1,20,2,8,30,3,5,34,45,3,28,32,42
5,2,5,44,2,24,34,1,5,2,6,8,2,8,45
3,1,41,2,29,45,1,32
8,5,2,17,32,33,46,5,13,17,33,46,49,2,32,45,6,20,29,30,41,42,45,3,1,29,45,3,5,27,35,4,8,29,33,35,3,7,17,37
8,3,4,29,34,1,43,2,23,46,4,2,30,31,45,3,4,5,46,2,5,27,3,2,8,17,3,17,34,45
13,4,6,23,42,43,4,5,27,45,46,6,0,3,25,27,29,32,6,17,24,29,32,35,44,3,2,28,33,4,2,6,8,42,6,0,2,10,27,34,43,4,1,6,39,45,4,2,33,44,46,5,5,7,22,25,42,5,10,17,23,26,46,4,0,1,8,23,2,20,27
8,3,24,27,46,1,28,2,2,3,4,1,3,27,42,4,29,42,44,49,3,2,46,49,4,1,27,28,31,3,8,21,34
9,2,8,45,4,2,8,27,30,3,26,37,45,3,1,3,24,5,13,20,34,45,49,3,8,26,42,3,0,17,45,7,1,2,7,33,34,45,46,1,27
8,3,5,11,42,3,5,34,35,2,6,7,2,8,37,4,6,8,17,23,5,19,20,29,42,45,3,30,34,45,3,26,27,39
8,3,1,26,45,3,7,28,33,1,23,4,20,28,35,42,3,3,27,33,3,28,35,46,2,4,23,5,17,28,29,33,39
12,4,2,4,29,35,3,17,27,28,3,17,27,29,3,17,30,41,2,34,42,5,2,5,32,45,49,4,7,22,27,45,3,5,10,45,4,17,26,34,45,8,0,8,17,24,33,34,42,46,2,24,27,3,44,45,46
9,5,2,27,33,34,39,3,8,34,49,4,2,6,22,42,2,27,45,2,33,42,4,13,20,23,49,1,7,3,7,27,33,4,1,2,11,22
9,7,2,10,20,27,31,45,49,4,1,27,29,46,2,35,43,3,2,8,27,2,24,27,3,1,19,46,3,2,29,34,3,8,20,21,3,7,8,42
3,2,0,29,2,0,43,3,4,17,45
9,3,2,8,42,2,5,19,2,17,29,3,5,27,42,3,8,22,24,3,28,29,49,1,1,1,2,4,2,28,34,39
6,1,30,3,6,27,29,2,29,49,2,3,27,1,17,2,8,49
11,2,8,35,6,6,22,25,27,33,43,4,2,27,33,45,1,35,1,27,5,2,3,19,25,32,1,8,3,2,20,25,4,2,8,33,39,3,5,31,45,3,17,23,28
9,5,5,8,25,27,29,4,17,29,35,45,5,17,18,27,39,42,3,2,30,45,7,0,6,8,27,32,34,49,6,2,5,21,24,39,45,5,8,17,29,33,45,3,1,2,39,4,23,27,39,45
8,2,17,42,1,25,1,2,1,17,3,7,22,33,1,46,1,25,1,43
10,2,29,35,3,3,5,27,4,5,6,17,30,4,5,17,42,45,2,26,43,2,45,49,5,25,27,33,35,45,1,2,2,2,22,3,5,45,49
7,6,8,10,27,32,33,34,5,3,20,33,42,46,4,3,8,41,45,4,22,26,29,45,3,1,6,19,6,3,20,36,40,45,46,7,1,5,14,17,25,43,45
8,4,8,13,19,46,5,3,8,10,13,27,3,5,34,49,2,27,38,5,2,20,27,42,45,4,13,17,27,42,3,17,23,24,3,2,23,42
9,5,5,23,32,33,39,4,2,5,23,41,6,1,2,3,11,40,46,3,3,6,25,3,43,44,45,3,7,17,23,3,1,22,45,4,0,29,44,45,5,1,2,7,8,17
5,1,17,1,5,1,42,1,2,2,27,49
6,2,3,27,2,33,35,1,45,1,22,1,26,1,45
12,2,2,8,1,17,1,27,1,27,2,2,20,2,4,29,1,2,1,1,2,1,8,2,34,45,2,0,28,5,8,10,14,38,45
3,2,5,29,1,27,1,20
10,6,3,8,17,42,45,46,3,2,4,8,5,2,4,28,32,42,5,5,17,26,27,34,5,3,20,28,31,45,5,2,17,18,27,29,8,0,2,3,20,27,29,42,43,3,18,29,34,3,5,17,27,4,5,8,46,48
12,1,46,5,3,22,26,27,46,2,32,45,2,20,35,1,10,5,1,6,8,19,26,2,5,49,1,27,1,8,2,5,39,1,17,2,23,42
8,4,10,26,27,39,4,2,35,45,49,5,0,6,17,26,27,2,6,24,3,6,23,27,4,3,7,8,20,1,4,3,25,34,45
4,5,8,27,30,39,42,4,5,8,10,34,6,5,20,22,24,29,35,3,6,34,43
9,3,3,20,33,2,20,33,3,23,25,34,1,8,2,17,20,1,13,2,1,7,2,27,29,2,18,27
7,1,37,2,8,29,1,29,4,5,25,30,44,2,3,17,1,3,1,30
7,1,8,1,34,1,26,1,41,1,25,2,2,8,3,1,22,45
10,2,5,45,3,17,34,35,2,18,27,1,2,1,30,2,30,49,2,8,11,1,45,2,5,17,2,17,22
6,2,29,35,4,2,39,45,46,3,3,8,20,4,7,27,34,44,3,2,6,46,6,17,26,28,34,45,48
4,2,2,24,2,6,34,1,42,2,14,25
11,6,2,6,10,20,34,46,7,17,28,32,39,41,45,46,5,2,7,22,30,45,1,35,1,32,2,6,29,3,30,45,46,4,1,5,20,29,4,8,22,33,42,3,2,17,33,5,0,17,18,20,37
8,2,3,33,1,2,3,0,5,29,1,26,3,27,28,30,2,2,34,1,24,2,6,19
7,3,6,26,27,4,8,27,32,44,6,2,19,27,28,40,45,4,3,6,37,45,4,2,8,29,34,4,8,22,34,39,2,32,42
5,4,23,27,30,42,6,0,5,27,32,37,44,3,30,45,46,3,1,8,27,3,2,6,34
7,2,6,45,1,45,1,28,2,3,34,2,6,43,2,20,27,3,5,20,23
3,2,17,27,1,8,1,45
12,2,17,20,5,17,24,32,34,41,2,34,41,3,3,22,49,6,0,17,20,23,42,46,4,6,28,42,44,2,2,33,3,10,29,34,3,23,44,45,5,3,27,29,34,49,3,0,17,31,5,2,5,17,28,35
7,4,17,32,39,44,1,3,1,32,4,5,17,20,27,3,23,36,45,3,0,8,35,3,33,38,49
8,4,1,24,39,49,6,0,5,8,20,35,39,4,5,24,26,27,2,30,33,3,5,17,45,2,2,24,3,5,17,45,3,5,46,49
9,3,3,33,44,2,28,45,1,35,1,6,3,1,22,29,1,2,2,20,45,4,1,27,42,44,1,8
6,1,27,2,2,8,2,0,42,2,3,27,1,45,1,14
7,2,8,28,1,29,3,8,24,27,4,1,14,17,27,2,39,44,1,38,2,5,29
7,3,29,34,35,2,5,46,2,27,35,2,8,30,2,2,27,2,45,49,2,1,28
5,1,43,1,17,1,1,1,46,1,23
10,2,39,44,2,29,42,3,3,28,44,3,27,29,30,3,3,4,35,2,32,38,1,17,1,44,3,20,27,28,6,6,16,17,27,28,29
8,2,17,42,3,5,8,34,3,22,27,37,2,23,35,2,33,49,4,17,29,33,34,2,20,42,2,0,18
6,1,17,1,45,2,10,35,1,45,2,20,27,2,17,39
2,2,8,17,1,34
11,1,3,1,23,2,17,30,2,23,35,2,29,41,2,27,39,1,43,2,28,45,1,5,2,2,17,4,17,35,42,47
5,1,46,1,6,1,8,1,8,1,3
6,1,29,4,5,13,27,34,3,1,18,27,4,5,27,28,45,3,8,27,29,2,3,29
10,4,0,23,27,45,2,20,44,2,23,28,2,2,44,3,2,17,45,3,11,24,45,2,8,44,2,17,32,1,24,4,17,19,22,24
13,5,0,20,29,33,45,4,23,29,33,49,3,2,14,29,2,8,49,3,2,7,44,3,8,17,36,2,22,33,5,23,26,27,29,45,1,8,3,0,23,44,3,1,27,45,7,0,11,22,27,33,41,46,3,22,27,46
11,6,5,17,23,29,39,45,5,1,2,5,13,31,3,23,35,49,4,5,8,17,45,3,2,20,49,4,2,8,27,41,6,7,20,23,34,45,46,5,2,20,23,28,45,5,7,8,17,27,45,3,1,35,45,2,2,45
8,7,5,23,27,29,33,35,49,4,2,8,33,38,4,2,3,5,39,5,3,26,33,39,45,4,17,41,46,49,4,4,17,34,45,2,27,45,4,1,5,17,45
10,3,2,29,46,3,25,33,45,1,44,2,24,39,2,27,49,2,2,44,1,2,1,45,2,23,26,4,1,2,22,42
7,4,1,6,27,34,3,11,30,42,3,8,27,28,2,23,45,2,26,27,2,34,45,3,29,33,45
5,1,1,3,5,27,44,1,0,1,8,1,28
6,1,27,2,32,45,1,2,2,22,34,2,41,45,1,33
9,2,28,45,2,3,34,2,13,24,2,32,49,2,2,27,2,27,44,2,2,32,2,21,49,2,22,42
7,3,5,27,39,2,27,35,3,4,5,23,4,1,8,45,49,4,13,17,28,34,1,28,4,20,27,29,30
6,1,28,1,41,1,26,1,22,1,1,1,17
17,5,2,8,22,34,46,2,42,45,7,3,8,22,39,42,45,49,5,3,33,34,39,41,4,2,8,17,29,4,5,8,17,45,3,6,34,39,4,8,20,23,27,6,0,7,8,24,32,45,5,3,5,7,27,42,1,27,5,24,27,33,44,45,8,2,6,14,20,27,31,44,45,2,8,27,3,8,17,49,3,6,17,25,2,8,48
10,1,39,2,2,40,1,27,1,5,3,27,45,49,4,5,17,27,41,3,8,22,25,1,7,1,33,1,28
9,2,23,45,2,1,34,2,2,20,1,22,1,22,2,0,7,3,3,17,42,2,34,49,2,26,34
15,1,22,2,0,32,3,1,23,33,2,33,45,1,17,2,23,27,3,24,28,29,2,2,40,2,3,5,1,17,2,1,49,2,27,35,1,27,3,27,42,45,2,5,17
11,5,2,25,35,42,45,3,1,2,45,6,3,10,11,17,18,24,4,4,17,33,45,5,5,34,41,46,49,4,2,32,39,42,4,16,27,42,45,5,2,25,26,30,32,3,3,7,27,2,1,22,3,11,27,28
8,1,2,2,41,43,2,1,6,1,23,1,45,3,7,14,27,1,17,1,11
8,2,5,24,3,8,17,35,2,18,45,2,2,30,2,3,8,2,2,23,1,45,3,0,17,46
10,6,27,31,34,39,42,46,4,13,26,32,45,3,21,22,28,3,33,35,44,3,18,20,46,2,23,44,4,8,17,19,43,3,10,28,33,2,27,29,1,17
4,1,45,2,27,41,2,17,33,2,4,10
7,3,2,33,49,2,1,29,1,2,2,27,44,2,2,27,2,1,21,2,33,35
12,1,42,1,33,1,30,1,29,1,5,1,45,1,3,1,29,1,45,3,14,17,32,1,8,1,34
8,3,29,31,34,5,5,10,22,29,36,2,5,7,2,2,22,4,20,26,43,49,6,7,8,20,27,28,42,6,2,5,17,34,45,46,3,8,45,49
14,4,2,8,27,45,4,2,26,28,29,8,1,2,19,20,23,25,27,39,2,18,42,4,0,3,22,27,2,8,40,5,2,6,8,29,45,4,3,5,19,34,4,27,29,42,49,3,6,28,42,6,2,20,27,34,43,45,4,5,20,23,34,5,0,1,3,8,20,2,8,45
9,5,6,17,20,27,29,4,6,34,35,49,6,17,27,30,31,35,40,3,8,34,45,7,1,2,5,8,23,34,45,5,5,22,24,45,46,4,27,29,39,45,4,27,29,34,48,6,2,8,20,22,34,45
6,1,27,1,45,1,17,1,42,3,2,5,8,2,4,42
6,5,7,8,28,34,46,2,2,8,3,11,27,45,4,17,22,27,32,4,8,23,33,44,4,5,6,32,39
5,2,29,33,1,27,1,2,1,44,2,34,45
6,2,28,45,2,34,35,1,28,1,27,1,8,1,6
5,2,2,39,2,20,27,2,0,35,2,24,29,2,8,27
9,2,34,45,1,29,1,3,1,2,3,6,39,45,2,3,6,1,34,1,46,1,22
8,2,27,45,1,40,2,22,34,1,27,2,5,8,2,2,39,2,8,33,2,24,40
7,4,0,8,30,35,4,17,23,36,42,6,2,18,26,30,32,41,2,17,22,2,5,45,6,0,8,19,29,42,45,3,20,29,34
12,1,25,2,25,42,3,0,17,27,3,17,26,27,2,1,22,5,2,5,19,27,45,2,27,44,2,28,30,1,2,2,1,44,3,5,27,35,6,7,22,24,27,40,46
6,1,26,2,3,6,1,31,1,20,3,8,27,39,1,17
13,3,7,10,35,1,42,2,27,29,2,2,42,2,8,43,3,8,44,45,3,14,42,45,4,22,24,26,46,5,2,15,29,45,49,3,17,24,45,2,3,5,2,2,42,4,1,6,17,23
12,4,1,17,23,29,5,22,29,39,46,49,5,1,7,17,29,35,4,17,28,37,46,1,1,4,4,17,22,32,2,45,47,3,1,8,28,2,2,42,2,20,42,2,17,45,1,28
2,1,33,2,26,27
20,1,45,6,22,27,28,29,33,44,5,13,17,42,47,49,2,17,48,2,20,46,4,18,28,32,47,4,20,27,29,40,3,8,14,27,11,2,6,7,17,27,28,33,34,39,44,47,3,4,33,42,5,3,4,5,20,23,4,4,8,29,30,4,4,5,22,34,3,8,42,45,3,29,30,46,4,8,20,27,39,7,0,4,5,27,29,32,45,3,8,29,45,2,2,5,3,35,36,44
11,1,46,2,3,39,1,27,1,10,2,29,33,1,17,2,30,41,3,2,27,44,2,2,49,1,28,2,17,45
9,1,44,2,27,45,4,1,17,30,42,2,5,28,3,8,37,44,1,27,2,8,42,2,3,45,2,38,45
10,1,28,2,5,45,3,1,8,22,3,1,2,27,1,30,2,5,42,3,27,42,46,1,8,1,27,2,22,30
9,3,5,14,27,1,44,3,8,11,39,3,8,22,45,4,5,27,48,49,2,2,17,5,8,17,22,27,41,1,43,1,3
7,1,2,3,17,27,41,1,45,1,17,1,4,1,17,1,33
14,3,5,29,45,3,2,23,29,2,25,27,3,11,34,49,3,27,32,34,1,5,3,2,28,45,5,24,27,34,44,49,2,9,27,2,3,48,6,2,7,17,43,44,45,1,2,2,5,8,3,0,8,45
10,6,2,5,7,42,45,49,5,5,8,20,42,45,4,10,23,25,33,2,0,17,3,1,8,24,2,0,27,3,2,15,32,2,1,3,4,6,33,34,44,6,17,29,32,41,45,46
10,5,1,2,5,27,45,3,2,23,34,4,23,27,35,44,2,32,34,3,17,23,43,2,2,3,3,8,35,42,3,28,33,35,3,8,22,45,1,29
4,1,2,1,24,1,17,2,1,46
6,1,6,1,5,1,2,2,2,22,1,5,1,2
11,2,8,44,3,27,34,44,4,2,5,32,44,4,1,7,17,26,4,5,17,30,35,3,17,23,42,3,4,22,25,2,2,27,1,45,3,23,26,39,3,3,35,45
7,2,7,29,1,17,2,34,45,2,29,43,1,33,2,18,45,3,17,42,46
4,1,45,1,23,1,8,1,39
7,5,0,1,23,24,42,6,0,2,5,27,44,46,3,17,23,41,5,7,23,28,33,43,1,45,4,1,2,24,35,3,1,17,27
8,4,2,22,25,39,3,8,44,48,1,19,1,46,2,22,27,2,25,28,3,27,44,48,4,22,24,27,45
8,6,1,2,17,33,35,45,6,14,23,29,33,44,45,4,2,20,28,45,5,2,4,6,8,29,2,5,45,4,3,17,27,34,5,3,16,17,32,46,2,17,23
10,1,35,3,27,33,49,4,14,23,35,49,1,39,1,40,3,2,35,46,6,1,5,17,20,28,34,2,17,20,1,45,1,27
5,1,45,3,7,8,27,2,19,27,1,45,2,20,45
13,6,4,8,23,33,34,42,2,6,24,2,2,40,3,3,45,46,2,2,34,5,2,5,14,27,45,2,22,26,4,2,5,14,17,3,5,8,45,1,34,5,2,5,27,28,44,2,29,39,4,0,22,34,44
7,1,33,2,3,5,2,5,17,3,19,33,39,1,27,1,2,1,26
8,3,5,16,46,2,45,46,3,8,24,32,2,34,45,4,0,7,17,25,2,2,34,1,27,3,1,5,45
4,1,39,1,41,1,35,1,5
9,5,2,7,22,34,39,3,2,7,28,4,17,21,27,45,5,0,2,23,35,46,4,5,26,27,42,3,5,29,49,5,2,8,22,30,42,6,5,8,17,27,28,45,5,22,23,34,42,43
8,1,34,1,17,3,24,27,35,1,28,1,30,1,27,1,45,1,42
7,3,8,42,48,2,33,42,1,22,5,2,5,6,26,30,2,20,45,1,27,2,41,46
13,1,20,2,39,41,1,34,5,2,27,28,29,39,2,2,42,2,4,5,2,41,49,2,24,27,2,33,46,2,33,44,3,22,25,43,1,42,2,1,32
8,4,1,17,44,45,4,7,28,46,49,1,45,2,1,5,1,24,2,34,45,3,8,20,45,2,8,45
7,1,42,1,27,1,17,1,45,1,46,2,0,17,1,35
6,2,34,46,3,10,24,45,1,8,2,33,45,2,24,42,1,0
7,2,17,42,1,28,2,22,37,3,2,3,45,2,1,27,3,23,26,33,3,23,34,46
2,1,0,1,46
11,1,39,1,23,3,27,33,39,3,35,39,45,2,35,39,3,20,22,45,1,35,2,2,39,2,17,45,2,22,27,2,27,42
7,5,3,8,23,29,45,6,2,5,19,27,28,34,5,2,28,33,45,49,5,0,8,10,34,45,6,8,23,32,34,39,45,5,8,22,24,29,45,6,1,24,27,33,45,46
6,2,27,41,2,19,33,4,3,25,27,45,3,1,6,31,3,5,39,46,5,3,6,20,23,44
7,1,45,4,5,34,39,45,1,22,2,5,27,4,3,7,23,45,2,17,45,3,17,42,46
8,2,20,27,3,5,24,27,1,22,4,8,23,27,44,2,13,33,2,3,35,3,8,17,42,6,17,28,33,44,45,46
6,1,23,2,3,19,2,1,27,2,8,45,2,44,45,2,20,29
6,1,7,5,1,22,23,27,32,2,19,46,2,8,49,1,3,3,13,43,46
12,2,45,49,4,1,3,8,29,3,26,34,45,2,3,34,2,20,24,5,17,42,44,45,46,2,28,42,1,14,3,17,26,45,1,34,3,23,43,45,2,1,20
5,2,33,42,3,8,29,45,3,1,7,44,3,2,19,27,4,2,28,29,39
6,1,29,2,17,23,4,0,45,46,49,2,25,27,1,45,1,26
10,4,8,17,19,34,5,0,5,28,35,45,4,3,20,35,45,5,5,8,39,42,45,3,30,33,35,3,2,8,18,5,3,24,26,28,29,4,2,7,25,42,3,22,26,35,4,2,28,35,39
3,1,27,1,42,2,4,42
7,3,2,29,34,3,17,27,34,3,2,20,45,2,3,5,3,24,43,45,4,0,42,45,46,3,20,27,34
11,2,27,45,2,34,40,1,22,2,27,39,2,2,5,2,20,39,3,29,33,42,3,4,23,40,1,37,1,22,1,28
11,5,7,8,28,42,46,2,26,45,2,8,28,4,8,22,23,32,2,28,46,2,29,45,1,17,1,32,3,5,28,33,3,13,27,33,2,17,46
1,1,42
10,1,2,1,14,1,8,4,5,22,34,45,6,4,23,25,27,33,45,1,42,2,28,39,1,44,1,23,4,1,31,35,39
10,2,17,39,3,5,8,34,2,1,13,2,27,42,5,0,23,29,33,45,2,22,27,3,5,21,24,4,6,18,30,34,2,26,45,3,27,39,48
6,4,2,9,20,45,3,8,27,42,2,5,6,4,33,44,45,47,3,8,22,33,4,28,34,46,49
8,2,17,45,1,2,1,20,1,24,1,46,3,0,8,20,1,22,1,34
4,4,2,26,27,44,4,2,17,33,49,6,0,6,8,20,21,35,3,0,7,23
17,5,1,4,22,23,42,1,45,1,24,3,2,17,25,2,29,34,1,42,1,27,1,6,2,8,27,2,20,44,2,2,42,6,2,3,6,27,28,45,1,33,2,29,30,1,36,1,25,4,2,3,19,23
9,1,10,1,39,1,46,1,32,1,42,2,18,20,3,26,28,42,1,6,1,11
12,1,42,2,2,4,2,26,28,3,5,8,23,3,2,3,8,2,22,42,1,17,1,33,1,2,3,2,7,24,1,42,2,17,19
4,6,6,7,12,17,19,34,2,34,42,3,1,23,44,3,13,42,43
11,5,8,14,19,22,27,5,19,22,26,33,45,4,20,23,33,46,2,5,28,7,2,3,8,22,29,45,48,5,8,19,22,34,46,5,0,1,8,27,37,5,2,22,26,28,46,5,6,17,34,41,45,6,2,23,27,35,44,45,7,7,8,25,29,34,39,45
7,1,42,1,2,3,20,42,45,2,0,23,2,2,8,1,6,1,24
12,2,29,34,3,8,13,45,3,3,41,43,3,23,27,45,3,5,28,42,3,23,39,45,2,2,49,4,2,6,27,46,2,27,45,2,3,13,4,8,23,27,32,3,22,40,44
9,4,2,17,35,46,3,2,33,49,4,8,28,35,44,3,17,32,46,6,1,3,5,25,29,45,4,5,6,8,33,4,22,23,39,45,3,20,22,42,5,5,8,26,33,34
5,2,34,38,2,22,34,2,17,45,2,1,27,6,2,17,34,42,44,45
7,4,26,27,29,30,5,2,5,24,34,45,2,6,45,5,1,2,10,29,34,7,8,17,20,26,28,35,42,6,2,4,29,32,43,45,5,5,10,13,23,41
9,1,35,1,8,2,20,27,1,32,1,22,1,27,1,45,1,1,1,11
15,2,7,34,5,19,27,40,44,45,3,19,27,45,3,29,37,44,1,41,5,5,13,28,34,45,2,8,32,2,3,27,2,8,33,3,2,29,49,3,20,38,45,3,5,33,41,2,7,22,2,4,42,2,5,45
7,3,8,16,45,2,5,30,3,20,26,37,2,33,45,1,2,2,34,46,1,29
11,6,8,17,23,24,27,34,3,27,29,42,3,8,29,34,4,5,8,17,23,7,3,17,34,41,42,45,46,7,5,20,21,24,34,42,49,5,0,8,33,45,49,5,5,17,27,45,46,5,8,17,20,27,37,5,7,8,10,17,29,5,22,26,34,42,45
5,2,8,27,4,27,33,42,44,1,6,1,24,1,45
8,2,17,27,5,2,23,41,43,45,2,2,45,2,17,29,3,27,45,49,4,5,22,27,45,3,8,27,34,3,23,30,45
13,2,30,42,4,3,5,11,29,2,2,27,1,27,2,2,46,1,20,2,2,27,4,5,24,27,30,1,27,4,32,33,34,44,2,13,29,2,17,27,2,42,45
9,4,2,19,23,42,3,8,33,46,3,27,44,45,3,8,19,49,1,6,5,2,8,29,39,49,5,0,10,17,23,41,1,45,3,5,28,42
9,1,22,2,27,34,2,32,44,2,2,13,1,45,3,27,28,40,1,49,2,8,42,2,17,45
6,2,5,17,1,3,2,19,35,3,2,17,39,3,17,27,35,3,2,27,45
8,4,17,29,34,45,3,6,27,46,2,8,27,2,27,34,2,7,28,1,33,1,26,1,35
14,5,3,14,17,33,34,7,1,2,10,20,23,33,45,5,2,6,25,29,33,7,5,8,17,20,27,30,39,2,2,27,9,2,16,17,19,20,26,37,42,45,7,3,8,13,26,27,43,49,6,24,27,30,31,33,45,4,8,25,28,35,6,13,16,29,32,35,42,2,5,23,7,5,6,11,17,23,29,35,2,17,39,3,5,24,45
5,2,17,45,1,2,1,17,1,2,1,2
9,1,8,2,38,49,3,22,24,46,2,7,45,2,5,8,3,14,27,30,2,2,17,2,29,46,1,0
4,1,45,1,27,1,28,2,23,49
4,3,17,27,46,5,27,29,32,37,46,4,2,17,27,46,2,3,6
6,3,1,2,17,6,8,27,32,37,45,46,3,17,32,46,2,5,6,1,20,4,1,8,34,45
10,6,3,4,17,20,33,42,5,7,19,27,29,32,4,19,27,43,45,1,1,6,6,17,18,23,42,47,5,2,5,31,42,46,4,2,8,20,44,5,5,6,17,27,39,3,0,8,29,4,7,29,42,44
6,1,8,1,2,1,5,1,5,1,39,4,22,27,32,37
11,1,17,2,2,35,2,27,29,2,42,45,2,25,35,3,28,39,42,2,17,39,2,17,49,3,27,33,34,5,3,17,20,23,29,1,44
5,4,2,27,39,41,2,1,5,2,27,33,5,3,17,26,28,42,3,6,29,32
4,1,1,1,33,2,25,45,1,32
10,4,2,33,39,45,1,27,5,1,17,22,27,34,1,2,4,3,8,34,42,3,17,32,35,4,2,17,32,45,2,34,41,4,2,22,34,45,3,11,17,23
5,2,27,46,3,28,45,49,4,1,25,33,49,3,8,24,28,2,1,17
8,3,2,26,30,4,2,5,7,8,4,13,30,34,46,1,24,2,8,48,3,3,8,45,4,11,13,17,23,2,32,42
2,1,45,1,5
11,1,20,5,2,8,13,46,49,3,10,29,37,2,5,27,3,1,2,45,3,5,45,46,6,7,20,30,33,34,39,4,2,8,20,45,1,29,3,27,34,45,4,20,28,29,34
7,1,45,3,3,27,34,1,8,1,8,1,6,1,22,3,7,17,42
10,5,4,23,27,28,44,2,17,22,3,39,42,43,4,8,17,23,34,6,20,22,27,28,39,48,5,0,1,4,5,35,4,20,21,24,45,5,2,28,30,35,45,5,1,2,13,24,29,4,14,23,35,39
8,1,21,1,8,1,42,1,0,2,40,46,1,43,2,8,48,1,34
5,3,1,29,45,1,42,3,22,42,45,3,5,23,32,2,2,31
7,1,7,1,2,1,45,3,0,2,14,1,27,1,27,1,8
6,2,5,27,2,33,46,3,8,20,42,3,17,24,27,1,8,1,45
8,6,3,19,20,23,27,42,3,20,35,45,5,1,3,39,42,46,6,1,2,5,8,29,42,6,0,20,27,32,34,39,2,2,8,3,5,8,45,2,27,30
4,2,27,46,2,6,45,2,6,8,1,39
5,4,2,8,27,30,2,5,35,3,17,29,39,4,14,27,39,49,3,29,34,37
4,2,8,33,1,2,2,8,23,3,27,28,29
3,3,27,32,37,2,2,21,2,8,45
8,1,2,2,33,45,1,5,2,20,22,2,8,33,1,7,1,28,2,5,45
6,1,42,1,27,1,8,2,27,44,1,28,2,34,49
7,1,17,1,8,1,44,2,5,13,2,24,46,2,2,22,1,6
8,1,3,1,37,2,8,29,1,34,1,20,2,27,49,3,2,33,42,1,3
5,3,14,30,34,1,45,3,5,8,39,4,8,29,45,48,3,2,5,39
5,2,4,29,3,27,39,45,5,0,2,4,6,32,2,0,2,2,46,49
11,4,2,26,30,46,3,1,2,8,3,26,34,44,3,39,42,45,1,34,4,2,8,13,44,3,2,39,45,4,23,33,39,45,3,3,5,24,3,8,13,27,2,8,23
10,2,19,34,2,2,44,1,27,3,10,33,45,2,6,33,3,2,20,42,2,44,45,2,20,29,2,2,41,1,27
10,1,6,3,2,7,42,3,5,45,46,3,5,19,22,4,2,27,34,45,2,2,40,2,5,33,3,8,27,49,4,1,5,45,46,3,5,27,30
11,5,8,26,34,37,46,3,5,42,43,2,34,45,2,8,42,3,17,19,27,2,25,34,3,11,28,43,4,2,33,34,35,1,17,4,17,23,42,43,3,8,17,27
9,3,8,17,26,5,5,8,27,40,44,3,8,29,45,9,8,20,22,23,27,35,39,42,46,3,14,45,49,7,14,17,22,33,41,45,49,7,2,3,17,28,32,39,44,5,5,17,24,33,43,7,1,23,29,32,35,44,45
7,1,22,2,2,46,2,6,32,3,2,45,49,1,32,2,3,27,1,27
8,1,27,2,35,45,1,44,2,7,10,1,34,1,29,1,2,1,33
9,3,3,33,45,3,2,28,46,2,33,45,2,11,37,1,17,1,39,3,1,19,23,2,32,45,2,17,38
9,3,17,34,44,7,2,28,30,33,39,46,49,1,34,1,5,3,6,8,14,1,39,5,5,7,17,19,27,3,7,23,24,3,2,24,35
15,3,17,25,27,2,8,16,2,6,8,2,1,5,4,2,30,44,45,1,35,6,8,20,22,32,35,44,2,5,45,3,5,26,27,2,4,33,1,34,2,0,34,1,29,1,10,3,5,32,43
15,2,7,24,1,45,2,1,3,1,34,5,2,5,8,28,44,2,17,28,1,45,1,17,3,13,37,49,2,2,34,2,3,17,2,24,33,2,2,33,2,22,35,3,1,34,42
8,1,2,1,17,1,45,1,2,2,12,46,1,31,1,2,1,6
3,1,1,1,3,2,6,45
6,1,34,1,34,3,2,6,24,1,28,1,34,1,45
8,5,0,23,29,39,42,3,9,27,45,6,8,21,24,27,32,34,3,14,34,49,4,2,8,35,44,4,23,24,27,34,3,3,8,42,4,20,34,44,45
5,2,25,42,2,2,17,3,17,18,46,1,35,1,39
4,1,3,1,33,1,34,1,5
12,1,2,1,5,1,42,1,28,2,27,49,2,23,29,1,11,1,27,1,2,2,28,45,2,8,14,2,8,32
14,1,43,2,2,20,3,23,41,49,3,26,29,35,2,1,18,2,40,45,3,3,46,49,3,5,25,45,2,27,29,2,5,11,2,17,25,2,22,27,2,17,35,3,0,2,32
7,5,2,11,27,32,41,4,2,3,7,33,5,1,22,27,33,34,1,17,4,2,8,24,37,4,20,31,42,44,5,1,2,3,29,34
11,3,5,29,46,2,17,27,6,6,24,26,27,29,35,3,8,26,34,3,8,10,49,4,1,2,29,33,2,20,46,3,17,45,49,4,6,7,22,27,2,3,5,3,27,36,40
6,5,17,28,30,37,42,3,7,17,32,4,2,24,27,42,2,17,27,2,27,33,1,27
3,1,32,2,26,27,1,27
7,4,2,7,8,34,1,46,4,5,6,44,45,2,34,42,2,2,45,1,2,4,3,5,17,42
9,3,17,22,26,3,5,28,44,3,2,27,46,3,27,29,37,1,42,2,23,35,1,27,2,32,37,4,3,27,32,34
6,2,5,6,1,31,3,0,23,24,1,3,2,17,27,1,27
13,5,1,3,19,33,34,4,0,27,34,39,2,5,49,1,2,2,26,42,3,5,13,33,5,5,27,40,44,49,1,6,3,1,3,17,3,17,42,45,4,5,26,29,32,3,29,41,45,4,0,8,17,27
9,4,8,23,33,45,3,2,7,28,2,1,41,5,16,22,23,28,42,6,6,22,33,42,44,49,6,2,8,18,22,27,45,3,23,29,45,6,2,5,7,24,44,45,8,5,8,17,19,25,26,27,35
9,5,1,3,27,30,34,3,2,3,27,5,22,28,45,47,48,3,20,24,45,5,8,34,44,45,46,2,0,19,5,14,22,23,39,43,3,24,35,48,3,8,17,29
5,1,29,1,8,2,27,34,1,27,1,49
8,2,2,39,2,33,45,3,2,6,34,2,19,45,2,19,27,2,32,33,2,2,7,4,22,26,37,39
9,1,1,1,2,1,27,3,2,21,29,2,19,21,1,8,1,2,1,2,1,27
13,6,2,3,8,28,42,45,4,6,17,27,28,5,1,3,19,26,42,7,3,8,22,27,30,35,45,4,2,19,23,24,5,3,8,32,34,39,7,3,5,17,33,34,42,45,6,0,2,26,32,40,49,3,2,27,31,2,27,45,6,0,4,16,20,40,45,4,5,17,45,49,5,2,11,27,29,38
11,6,2,8,26,27,35,47,5,2,5,29,41,45,3,2,3,27,1,35,1,5,2,20,45,3,2,7,45,2,45,46,3,2,35,48,3,7,17,42,1,17
6,5,5,6,34,44,45,2,2,45,2,5,8,2,3,33,3,8,28,46,2,18,27
8,2,23,42,3,2,22,28,1,0,4,5,8,34,44,3,17,27,29,4,3,8,13,24,1,45,1,49
7,2,2,17,2,16,42,2,20,33,1,8,2,34,45,2,33,42,3,18,27,29
7,1,42,2,5,29,1,28,3,10,28,29,3,1,29,45,2,11,29,2,8,23
9,2,44,45,2,8,35,2,8,20,4,14,22,24,41,1,44,3,5,17,45,1,42,3,2,32,39,1,45
10,1,4,3,6,27,38,3,2,8,27,1,39,1,41,2,20,46,3,20,22,24,2,5,43,4,2,17,27,42,2,2,45
9,2,34,49,1,3,2,8,29,2,0,2,5,3,13,35,42,43,1,43,2,3,49,2,17,45,3,25,27,49
5,2,19,33,2,25,45,1,5,1,6,2,41,42
10,3,5,8,11,3,5,8,34,2,32,40,2,27,43,3,0,38,44,3,2,4,17,3,5,8,23,1,34,1,27,2,5,29
7,1,13,1,23,2,0,5,1,45,1,31,1,35,1,29
12,1,20,3,38,45,49,5,1,5,24,34,39,4,8,20,22,44,1,6,2,2,39,3,5,37,40,2,16,29,1,45,5,2,3,17,27,34,3,1,7,22,4,2,44,45,48
10,4,2,8,20,45,1,6,3,1,18,29,2,17,47,2,0,43,2,20,37,3,5,29,31,2,37,45,1,33,2,0,2
4,2,30,34,1,28,1,5,2,29,45
3,3,2,21,49,2,44,45,2,28,34
11,2,6,26,1,5,1,17,2,17,25,2,17,29,3,18,24,34,1,29,3,7,24,29,1,2,2,7,22,2,0,20
9,2,22,27,1,42,4,2,19,27,46,1,49,1,24,3,28,29,49,1,45,1,45,1,3
5,1,43,1,2,1,45,2,35,45,2,28,39
5,2,27,45,2,29,44,1,14,1,8,1,2
14,2,42,44,1,27,1,30,3,2,27,45,1,20,2,10,27,1,9,4,2,5,30,42,3,2,8,13,1,19,1,45,4,4,26,28,29,2,42,46,3,3,5,17
13,3,1,3,6,2,28,45,3,1,24,35,5,2,5,27,39,45,4,1,22,42,49,1,34,3,2,3,24,3,2,27,44,1,8,1,20,5,3,11,17,28,46,1,30,3,29,45,49
8,4,0,2,28,32,1,1,6,1,3,24,34,43,44,3,2,5,17,2,20,27,3,29,33,45,1,8,2,27,42
4,2,44,45,1,44,2,17,33,2,20,24
8,1,8,4,2,6,13,43,2,4,8,3,3,17,44,1,42,2,5,6,1,45,2,5,44
3,1,33,1,42,2,3,27
5,2,27,45,1,40,1,22,1,27,1,5
4,1,27,1,45,1,33,1,41
7,1,8,1,7,2,2,19,1,28,2,27,45,1,0,1,19
8,3,2,26,45,1,20,3,2,33,36,3,42,45,46,3,17,20,39,3,22,29,34,1,29,1,5
8,2,4,29,3,30,33,46,4,8,19,27,28,4,2,8,34,42,3,0,2,8,2,2,8,2,32,34,4,2,24,27,45
4,6,0,22,27,33,38,42,4,2,4,34,42,4,17,24,28,29,4,22,28,32,43
12,4,2,5,44,45,2,27,34,5,0,20,27,29,32,4,2,10,14,49,4,1,7,8,32,6,2,14,30,39,42,46,4,5,22,34,43,4,2,6,33,46,3,22,32,34,3,2,28,42,4,17,33,35,49,3,8,27,41
9,1,46,1,4,1,27,2,24,35,1,0,2,2,45,1,28,1,6,1,2
11,3,2,3,6,6,5,8,10,17,35,45,3,20,27,46,2,17,26,4,25,27,45,49,4,14,33,34,41,3,10,25,26,3,27,43,45,1,17,2,27,39,1,20
6,3,23,45,46,3,17,20,33,1,17,2,5,46,5,5,8,23,27,34,3,0,29,32
9,1,2,2,42,49,1,22,1,42,1,7,2,44,45,1,27,1,34,2,8,34
13,4,22,27,42,47,5,27,28,29,34,42,5,29,33,34,37,42,3,8,44,49,2,29,33,5,2,3,17,29,45,6,3,8,17,20,29,34,1,31,1,43,3,8,32,35,3,34,41,44,4,2,17,27,35,6,3,17,20,27,29,41
10,3,8,21,33,1,8,1,17,1,2,1,17,1,23,2,17,32,1,45,1,5,1,44
1,1,17
9,6,1,2,17,26,27,42,4,3,13,22,49,2,33,40,4,3,25,28,35,3,1,6,25,3,17,35,45,3,30,34,46,6,1,8,20,25,32,45,3,17,45,49
6,1,5,2,7,17,2,20,27,1,23,2,0,42,2,28,33
5,1,42,1,2,3,17,22,45,1,23,1,24
10,4,3,6,42,45,6,0,7,11,40,42,44,3,6,28,46,5,5,10,24,45,46,4,22,28,42,44,5,6,8,20,23,37,4,17,20,22,41,4,3,7,42,45,2,17,43,2,0,13
9,2,27,34,9,1,3,8,19,24,27,33,34,45,1,5,5,8,27,33,35,45,5,27,29,37,38,46,3,29,39,45,3,8,32,34,6,8,10,17,27,38,45,4,1,17,20,22
11,3,5,33,45,3,5,20,46,3,5,10,17,4,10,17,20,27,4,10,17,29,45,1,35,5,6,13,19,22,23,4,0,29,42,45,2,44,45,3,7,29,33,1,28
4,1,39,1,45,1,49,1,10
5,3,34,39,42,2,9,27,2,45,49,3,34,35,46,3,2,27,33
9,4,2,5,8,39,5,5,29,44,45,46,4,3,33,34,37,4,17,18,29,39,3,2,5,33,4,5,28,38,45,4,8,20,27,40,5,2,10,17,32,42,3,2,29,45
10,2,17,29,3,2,28,45,3,1,40,45,3,0,17,41,5,2,8,10,17,25,3,3,5,7,4,17,23,27,45,1,29,2,25,33,4,2,28,35,45
7,1,23,1,20,1,28,1,17,1,2,3,8,19,37,2,42,45
6,5,5,8,11,44,49,3,1,3,27,1,38,2,39,49,2,2,24,2,5,29
9,2,29,32,1,13,1,29,3,5,26,33,5,5,30,32,45,46,2,17,23,1,1,3,5,31,39,2,20,46
10,1,8,2,7,23,2,17,45,3,8,41,43,1,8,3,20,22,24,2,27,45,6,10,17,27,28,29,33,1,8,1,22
6,4,17,24,27,30,2,23,45,1,8,1,43,2,8,29,1,7
9,2,10,33,4,2,6,28,30,2,34,45,3,32,33,39,3,7,17,27,3,11,17,27,3,1,19,22,3,0,38,45,1,45
7,1,45,2,33,34,1,27,2,22,45,4,3,22,33,45,3,1,2,33,2,27,45
8,1,42,3,1,6,42,1,46,1,29,1,27,1,7,1,26,1,6
10,3,27,34,42,1,5,3,17,20,45,3,8,17,42,4,3,5,14,23,4,0,1,27,45,3,8,17,42,5,0,5,8,17,28,3,2,17,27,3,3,25,42
9,4,17,23,33,40,2,17,45,3,2,20,33,4,1,17,24,27,3,1,45,46,5,4,5,27,32,37,4,2,8,35,45,1,30,2,20,27
6,2,0,35,3,3,24,41,1,2,1,0,1,35,4,2,11,28,45
11,3,2,29,35,3,5,28,45,3,0,20,29,2,8,39,4,29,31,34,45,3,34,45,46,4,4,18,32,49,4,2,5,21,42,2,28,42,6,2,20,26,27,30,42,5,23,27,33,45,46
12,1,22,3,5,8,42,2,42,44,2,23,28,3,0,17,46,1,45,2,34,45,3,20,44,45,1,25,3,8,25,41,2,27,46,4,4,27,32,34
9,3,2,7,45,3,17,34,45,2,2,11,3,8,19,27,2,8,17,5,8,13,20,42,49,4,2,27,28,33,3,22,34,49,2,27,45
18,2,7,42,5,3,6,17,28,33,3,2,8,43,2,5,27,1,42,2,2,33,5,0,7,18,29,42,2,5,42,2,26,27,2,27,45,5,0,1,2,42,45,1,17,2,27,30,1,5,4,2,27,42,46,3,3,4,5,3,3,8,29,3,17,20,25
8,7,0,2,5,23,27,33,46,8,5,8,17,27,28,35,44,45,8,5,19,22,27,32,33,41,44,4,8,14,31,42,8,1,5,17,20,22,35,37,40,8,2,5,6,19,27,29,39,44,8,2,27,30,35,39,42,44,45,9,4,22,26,29,33,34,37,44,46
10,2,19,27,6,8,16,23,32,35,45,4,29,33,39,42,6,1,2,3,34,43,44,4,22,33,43,45,3,1,22,23,4,3,22,30,45,3,17,22,33,4,3,8,27,30,5,1,2,22,39,45
14,1,8,5,3,8,14,21,34,1,5,3,5,42,45,1,17,2,27,45,2,6,17,2,8,13,1,27,1,46,3,23,32,49,2,7,42,1,22,2,27,34
6,1,45,2,17,20,2,8,27,1,33,1,26,1,32
6,1,34,3,2,27,45,4,2,20,28,45,2,2,27,5,2,3,24,33,42,1,2
9,2,27,32,2,17,27,2,29,45,2,1,24,2,6,22,2,17,39,3,14,27,45,2,1,13,2,8,34
3,2,42,45,1,39,2,24,26
7,1,5,5,3,7,17,27,34,4,5,8,34,35,7,1,10,17,20,28,46,49,5,24,27,42,44,45,5,2,17,33,42,49,8,3,5,17,26,27,29,39,42
6,1,45,1,3,1,22,1,26,1,42,1,34
15,5,1,5,23,27,32,5,5,17,20,30,49,7,5,16,17,23,32,45,49,5,2,8,17,23,49,6,1,2,6,8,27,44,8,3,5,8,14,22,27,33,42,5,2,4,23,32,45,8,2,13,22,23,27,29,33,47,3,3,8,17,6,7,17,22,27,28,44,6,2,5,7,22,27,45,4,7,17,23,29,7,1,8,20,42,44,45,49,5,2,29,42,45,49,6,0,5,28,33,44,45
9,3,8,20,45,1,29,1,5,1,29,2,13,46,1,0,2,8,27,3,5,8,21,1,8
8,2,35,41,3,5,36,49,1,49,2,18,28,2,30,45,3,17,34,45,2,5,29,3,7,27,49
8,2,3,33,3,2,8,27,4,0,23,28,35,3,2,26,29,3,2,5,27,3,2,5,46,3,2,26,27,3,3,5,6
9,1,3,1,4,1,3,2,13,19,1,41,2,2,49,1,20,1,37,3,2,3,5
14,5,5,8,17,30,45,5,1,5,10,45,46,7,2,8,17,23,26,32,35,4,20,23,45,49,3,6,19,45,4,27,42,45,46,2,0,45,4,2,14,28,43,3,2,45,49,2,7,42,4,8,22,32,44,2,10,29,4,11,17,27,45,4,0,27,45,46
8,1,44,2,23,39,4,4,35,46,49,3,22,32,45,2,42,48,2,5,49,4,2,23,30,45,4,2,27,33,45
10,5,27,33,35,39,46,1,8,7,8,20,27,33,35,39,45,9,2,3,20,22,23,24,35,36,45,5,3,27,42,45,46,4,2,34,42,46,6,6,10,27,28,29,30,4,20,27,44,45,4,1,11,45,46,2,17,33
5,3,5,8,11,4,17,27,33,34,2,38,39,2,4,28,5,1,4,27,42,49
11,2,19,49,1,27,2,10,20,2,8,29,3,4,42,44,1,5,1,29,3,0,42,45,2,5,21,2,17,46,3,5,20,27
6,4,17,26,27,45,6,7,17,41,44,45,48,4,5,24,33,42,3,3,7,27,3,2,17,41,5,5,17,25,27,42
7,3,5,27,41,3,17,27,42,2,8,22,4,1,22,28,34,3,0,23,46,3,42,43,44,4,5,17,27,29
3,1,42,1,2,3,0,5,29
9,1,3,1,27,1,45,1,42,1,30,2,34,45,1,20,1,42,1,8
10,3,5,8,43,2,2,19,2,28,33,2,5,17,3,2,8,48,3,8,20,34,3,17,26,33,2,34,35,2,8,27,3,0,1,45
6,3,8,33,48,1,17,3,2,6,42,2,5,17,2,5,24,2,17,44
9,4,7,17,35,49,3,28,35,45,3,4,6,27,3,5,10,20,4,0,8,17,29,3,7,13,27,3,17,23,42,1,23,3,8,17,22
4,3,27,34,45,3,20,32,41,5,2,7,20,21,33,2,1,33
4,6,0,2,7,22,32,41,3,5,33,42,4,2,29,34,45,1,42
9,8,2,5,13,17,24,41,45,49,3,22,26,45,3,3,22,42,2,24,48,3,35,39,46,2,0,35,4,0,20,34,43,4,2,8,33,45,3,20,37,41
11,4,5,17,32,35,4,2,8,20,39,2,34,42,6,8,10,17,29,44,45,1,19,3,11,27,46,2,30,45,1,0,1,5,2,5,35,3,3,31,45
14,7,2,5,20,23,27,28,45,3,29,33,36,4,2,3,17,27,2,22,27,3,1,17,32,3,27,32,37,5,6,8,17,34,46,2,8,35,2,7,35,1,39,3,5,6,39,3,1,3,45,2,1,46,3,20,29,42
16,3,23,24,28,1,45,4,7,17,23,41,2,26,45,3,8,29,36,3,23,29,46,3,6,17,27,2,13,46,2,17,44,4,8,17,22,43,5,2,22,26,30,31,3,24,45,48,3,8,26,27,4,8,27,33,46,2,5,31,2,27,32
5,4,6,8,22,39,2,2,27,2,33,45,3,1,2,27,2,31,46
6,5,2,8,17,20,27,1,5,2,0,23,2,17,45,2,23,28,1,27
11,5,10,17,27,28,34,2,5,7,4,16,27,34,45,4,4,7,34,39,3,2,35,42,3,3,17,46,4,2,8,30,45,3,1,31,44,3,3,8,42,3,0,29,49,4,1,5,27,45
6,4,10,20,28,35,3,28,33,35,3,20,22,37,2,29,42,2,7,39,2,27,28
3,1,4,1,42,1,2
5,1,2,2,14,45,2,22,26,1,27,1,29
7,3,17,42,45,2,3,20,3,2,7,45,1,39,3,5,19,46,3,3,27,33,1,34
10,1,14,2,23,33,1,8,1,24,2,29,45,2,45,46,3,5,24,27,2,39,45,1,8,2,27,42
11,8,5,7,29,30,41,42,43,45,5,2,5,8,34,45,4,6,29,42,45,6,2,3,4,8,23,38,8,2,6,7,19,20,23,28,45,5,5,8,17,19,28,3,7,23,27,5,24,33,45,48,49,3,11,29,49,5,20,26,28,45,46,5,18,22,29,33,39
4,1,37,1,39,1,29,1,2
4,1,42,1,45,2,27,45,1,45
12,4,3,24,27,49,2,22,42,3,7,17,19,3,23,27,49,7,1,19,24,26,29,41,46,3,17,27,49,3,17,28,34,4,8,27,39,46,1,1,3,35,41,45,4,8,10,17,29,2,5,45
8,3,2,42,45,2,14,27,2,6,46,1,8,1,23,2,17,45,4,0,27,43,44,4,0,3,17,28
12,2,6,8,2,33,45,1,24,1,8,2,2,45,2,34,42,1,35,1,44,3,2,27,45,2,8,45,1,2,1,28
9,5,2,30,37,44,45,3,2,29,45,3,4,8,23,2,1,29,4,2,3,34,39,2,29,32,6,1,3,5,11,17,28,6,8,17,23,26,27,45,2,2,27
8,4,24,27,28,43,3,28,42,49,2,1,41,3,1,29,34,4,5,8,23,35,4,2,34,40,46,6,2,10,26,27,29,45,3,2,29,32
5,2,2,29,2,31,45,2,0,23,2,3,5,2,17,27
6,3,8,17,39,1,39,2,29,34,2,29,43,1,18,2,2,30
14,2,17,34,1,28,4,2,27,28,38,3,2,17,49,2,10,27,1,6,2,32,42,1,23,1,17,3,1,22,32,3,3,37,42,1,17,3,2,7,44,1,49
6,6,8,17,29,33,43,45,7,2,6,18,20,27,33,45,6,1,3,17,29,44,45,4,5,27,32,33,5,7,8,27,29,33,3,1,17,30
8,3,1,25,29,4,18,29,33,34,8,5,19,22,27,28,33,41,47,5,2,8,18,19,42,7,2,5,27,29,34,39,44,3,23,26,49,3,18,26,27,4,2,8,42,45
9,1,34,1,44,1,2,3,17,28,33,2,29,42,1,31,1,27,1,17,1,30
12,3,27,45,46,1,32,1,49,3,4,44,46,2,0,42,2,19,26,2,27,29,1,2,1,37,1,3,3,5,7,39,2,4,13
12,3,23,29,45,2,8,24,1,30,4,5,17,23,24,3,1,3,29,3,5,17,34,4,17,24,28,29,1,29,3,17,29,39,3,6,17,45,3,23,40,44,2,4,35
11,1,43,2,27,38,3,2,22,42,3,1,17,27,3,17,23,29,2,27,41,2,27,45,2,2,23,4,17,28,34,42,3,6,34,35,1,13
10,5,8,27,32,33,34,5,23,28,35,42,45,4,8,24,27,34,3,2,5,26,2,27,49,4,3,19,24,33,6,2,5,27,28,42,45,2,27,30,5,17,34,39,43,45,2,42,46
6,3,6,7,34,3,17,20,27,3,5,20,29,2,3,33,2,42,43,2,5,45
10,3,8,39,45,3,2,6,39,4,4,33,42,45,1,23,3,3,8,28,4,3,26,42,45,2,23,26,2,27,39,3,23,45,46,2,5,38
6,8,8,16,22,23,27,29,33,45,4,1,5,22,41,4,2,27,33,35,3,28,34,37,4,5,6,10,44,2,25,43
9,3,3,27,42,2,8,27,1,45,3,27,45,46,1,22,3,1,23,27,4,4,33,44,45,1,22,3,17,23,39
6,1,32,1,7,1,22,1,39,2,8,28,1,28
10,1,31,1,44,2,8,42,1,27,2,27,45,3,6,8,42,2,2,48,2,2,29,2,27,42,2,27,34
4,1,29,1,27,1,8,1,45
9,1,27,2,42,45,2,5,27,3,2,25,45,2,2,23,2,28,34,1,43,3,20,27,41,2,17,27
10,6,2,6,17,19,27,42,7,5,10,24,27,29,42,45,1,5,6,4,8,19,27,41,42,4,2,14,25,41,6,1,2,5,8,28,34,5,0,28,32,42,44,5,2,7,20,28,32,3,2,4,30,4,10,14,29,38
7,2,23,46,5,4,5,17,23,33,3,3,6,42,2,39,45,1,33,2,17,46,1,6
12,2,2,8,1,5,3,0,27,45,2,27,46,2,0,1,4,2,5,8,14,2,27,28,2,8,19,2,7,22,2,32,44,1,22,1,45
12,3,1,10,27,3,22,29,42,1,2,2,22,39,3,7,42,49,2,28,32,3,7,22,42,3,5,26,45,3,8,23,27,6,7,17,23,35,44,49,3,35,40,45,3,25,44,45
8,4,8,28,33,44,5,3,17,27,34,39,2,5,27,4,23,27,29,41,4,20,23,24,42,4,4,33,45,49,4,2,27,35,45,6,2,10,14,27,29,49
8,5,0,17,28,29,34,3,27,29,45,3,17,20,28,5,8,19,33,41,42,5,2,7,11,13,14,4,6,22,27,33,4,28,32,33,35,4,8,39,42,45
7,3,7,25,42,5,17,20,28,31,32,2,20,28,2,3,11,5,3,23,27,29,45,6,2,5,6,35,42,45,4,2,28,29,45
10,2,2,45,2,5,28,1,35,2,2,28,1,1,1,33,3,22,23,27,1,45,1,29,3,2,19,20
8,5,3,21,22,33,44,5,5,17,23,24,45,5,5,8,33,34,49,5,7,14,27,36,42,5,2,17,22,23,45,4,6,8,29,46,5,20,26,27,28,45,4,19,23,27,46
11,4,2,27,28,46,1,44,4,17,28,29,39,2,37,44,4,5,17,27,46,3,2,17,23,2,17,49,3,1,2,33,3,2,27,29,2,2,29,3,39,45,46
7,1,27,1,49,1,45,1,44,1,32,1,0,1,33
11,2,17,23,4,2,8,20,28,4,2,5,27,44,4,2,8,19,42,3,1,2,27,5,27,29,37,39,46,6,6,8,17,23,28,45,4,2,3,14,35,4,8,32,45,49,6,3,5,27,32,35,44,4,1,6,35,45
6,6,0,1,2,8,42,45,2,2,34,2,17,34,4,1,7,41,43,3,5,22,45,5,1,2,20,30,45
11,1,1,2,27,39,2,7,25,2,1,42,2,2,8,1,29,2,33,35,2,2,45,2,23,27,2,8,26,3,18,20,32
4,1,34,2,2,20,1,8,1,6
2,2,27,32,1,45
6,1,6,1,19,1,10,1,34,2,8,33,1,46
8,4,8,27,35,45,4,6,7,27,49,4,19,27,33,41,4,2,3,27,34,1,27,4,2,20,27,46,5,1,8,27,34,45,1,20
5,1,33,1,3,1,45,1,5,2,1,45
10,1,34,3,38,42,45,2,21,27,2,2,34,2,3,23,3,5,33,35,1,3,4,5,18,20,21,1,28,1,28
4,1,44,1,5,1,2,1,46
7,3,4,40,41,1,45,2,3,17,2,19,27,5,27,28,32,40,44,1,23,4,29,41,45,46
11,3,3,23,24,3,9,27,44,2,27,32,4,5,8,17,34,4,1,5,29,38,5,20,27,32,34,45,4,27,33,34,39,4,27,29,33,43,5,0,5,17,18,45,3,3,17,33,3,17,32,44
4,1,6,1,8,1,17,1,1
10,1,34,1,45,2,19,48,1,10,2,39,46,2,0,8,1,45,1,8,2,17,25,2,2,29
11,7,2,22,26,27,32,43,44,5,0,20,33,35,45,5,8,14,30,34,42,4,5,8,29,44,6,33,39,42,44,45,49,4,5,7,24,39,5,2,3,6,17,39,5,7,17,41,42,46,6,3,17,27,33,34,48,6,10,17,23,27,41,42,2,7,33
15,1,17,4,4,28,34,48,3,25,37,41,2,34,45,7,6,26,29,32,39,45,46,4,7,20,29,45,3,19,22,34,4,0,2,10,27,2,29,32,2,5,37,5,0,2,6,30,42,2,8,29,3,2,27,34,3,17,27,45,2,17,27
8,1,27,3,8,31,42,1,30,2,17,29,2,2,5,2,6,33,2,2,28,1,0
12,1,46,1,14,3,8,32,45,3,8,30,39,3,26,37,45,4,5,20,44,45,5,0,2,3,39,42,1,2,3,10,17,28,2,26,28,3,3,4,27,2,1,45
9,2,0,42,1,27,1,2,1,11,1,23,5,0,25,29,43,45,1,1,1,27,2,34,45
12,4,8,14,26,27,3,19,33,45,5,5,25,38,45,49,4,4,13,32,34,4,5,14,35,45,3,3,24,34,2,5,15,2,2,6,3,11,17,29,5,8,20,25,28,39,3,7,17,25,2,17,42
8,3,1,6,45,3,13,25,34,3,7,8,27,4,2,5,27,28,2,27,42,4,2,23,28,45,3,17,26,27,4,3,5,24,35
7,1,43,1,6,1,45,1,44,1,1,1,17,1,7
7,3,27,28,44,1,27,1,39,1,27,1,35,1,29,1,34
4,1,39,2,5,31,2,2,39,2,7,27
10,2,5,44,1,34,1,1,2,7,27,1,49,1,29,1,26,1,17,2,5,39,3,24,27,45
9,2,27,42,3,2,17,27,2,29,44,3,0,17,34,2,7,26,4,10,23,28,42,2,33,35,5,5,10,21,34,49,3,5,27,34
8,3,5,27,45,5,1,29,34,39,46,2,27,29,3,17,42,49,3,5,27,45,2,32,42,4,2,33,34,45,1,8
13,5,1,17,27,29,42,2,7,42,3,1,17,34,2,20,45,4,14,23,29,32,6,0,2,20,26,27,46,4,14,23,33,42,5,1,3,8,11,29,5,1,8,27,29,32,4,22,24,33,35,4,10,20,34,35,4,27,32,33,39,5,1,14,29,44,45
9,3,6,19,46,1,34,1,8,1,3,1,39,1,44,1,43,1,17,1,39
10,2,3,17,2,28,45,2,7,35,3,1,5,22,2,2,25,3,27,42,44,2,20,45,3,5,27,32,1,42,1,1
7,3,22,27,32,2,20,45,1,45,3,17,24,35,3,27,33,39,1,2,4,1,8,45,46
6,2,18,34,2,30,34,3,17,20,45,6,27,28,29,32,45,47,3,0,24,28,2,30,45
7,5,7,20,27,41,42,3,5,22,42,2,27,43,5,2,3,27,35,42,5,2,27,34,35,44,2,28,39,4,2,34,37,42
7,4,1,10,22,27,3,31,45,49,3,23,37,43,2,6,34,4,10,21,33,42,3,2,3,32,1,30
8,1,45,1,28,4,6,20,34,45,3,13,17,26,1,27,2,27,35,2,45,49,2,42,46
9,2,2,27,2,41,43,3,8,23,34,4,5,23,34,45,2,33,45,5,2,8,33,34,35,2,29,44,1,17,4,8,20,26,45
9,3,7,36,46,3,5,27,45,1,8,2,8,33,2,5,8,2,5,45,2,6,45,1,32,3,17,22,33
8,3,7,23,45,1,27,3,3,26,39,2,30,46,1,17,1,36,1,0,1,29
10,1,27,2,8,18,2,27,43,2,37,43,3,23,25,34,1,20,1,22,4,2,17,20,45,2,14,27,2,2,19
12,6,0,6,17,33,42,45,5,1,5,6,27,33,5,8,17,19,27,45,2,17,26,5,20,30,35,36,45,5,17,26,35,37,45,2,44,45,5,5,6,27,44,45,4,5,6,24,30,1,35,5,2,8,28,35,45,2,33,35
4,3,8,27,46,4,2,27,29,44,3,5,44,45,3,2,29,49
4,1,17,1,27,1,27,1,37
4,1,34,4,5,6,10,19,3,23,39,46,3,5,17,42
6,2,8,28,2,32,45,2,2,35,2,6,8,1,49,1,23
6,2,29,46,3,8,27,45,2,5,45,3,2,27,34,4,1,2,42,45,2,17,42
9,1,0,1,45,1,23,1,23,2,17,29,1,27,1,28,3,27,34,45,5,5,17,22,24,45
7,5,8,17,30,34,45,2,7,20,3,0,33,42,4,17,32,37,45,1,45,2,2,45,1,7
7,2,23,26,3,1,17,27,1,10,3,24,38,46,2,1,27,2,23,25,2,29,42
8,3,1,3,6,3,5,23,33,1,5,3,27,29,31,2,1,7,2,20,32,3,17,22,25,3,23,28,44
4,3,2,5,33,3,2,29,42,4,5,22,26,27,4,3,6,24,27
8,1,26,2,2,17,1,5,1,27,1,27,1,35,2,2,28,1,28
6,2,17,39,1,48,2,20,46,2,45,49,1,17,1,5
10,2,2,20,3,5,22,33,1,42,5,2,3,5,17,46,4,2,5,19,27,2,17,46,2,0,8,2,22,26,1,20,1,3
8,4,17,33,35,46,4,4,20,33,37,2,1,8,4,8,22,42,45,6,2,13,17,25,35,45,3,2,20,24,4,13,29,34,46,4,2,20,29,35
9,3,5,24,27,2,44,45,1,45,1,45,1,48,1,17,1,17,2,17,43,2,1,27
7,2,33,49,1,2,4,2,5,28,45,1,1,1,27,2,8,43,1,33
