9,1,8,2,8,27,4,2,8,29,49,4,33,41,45,46,1,4,1,8,1,10,3,27,39,45,6,8,26,34,44,45,46
10,1,23,3,2,5,34,3,28,35,45,1,29,4,3,27,32,42,3,2,6,45,3,2,3,14,2,22,27,3,8,32,42,5,2,17,29,34,45
6,1,45,3,7,39,45,3,5,6,41,2,34,35,3,6,26,27,2,20,46
3,4,1,26,31,39,2,31,41,1,28
4,1,1,2,5,32,1,45,1,5
6,1,20,1,28,1,4,2,39,42,1,23,1,8
7,2,8,27,2,26,39,2,4,46,3,22,44,48,1,28,4,5,27,34,42,2,2,42
1,1,18
6,1,8,1,2,1,8,1,5,1,27,1,5
3,1,27,2,37,49,1,33
4,4,8,26,28,45,1,33,1,39,1,20
10,2,7,17,1,42,1,39,2,8,17,3,5,7,39,2,0,34,3,2,7,45,5,5,17,20,21,24,3,1,8,30,3,17,29,39
5,1,29,2,28,39,1,29,3,24,26,42,2,25,28
9,3,32,39,45,3,5,25,34,2,5,25,5,23,39,41,44,45,4,8,21,33,44,3,17,20,31,3,2,10,29,2,7,42,3,0,7,29
8,6,1,7,24,29,33,45,4,20,28,29,46,3,27,29,49,2,3,42,4,2,28,33,35,4,1,24,25,28,3,17,22,45,3,6,23,45
11,2,22,30,6,2,5,22,27,39,44,4,5,7,37,42,3,8,34,42,1,48,2,28,45,3,2,22,49,2,33,46,5,18,23,29,34,41,3,8,17,27,3,2,42,45
8,2,3,46,2,2,8,3,17,27,46,1,28,2,44,49,3,0,23,26,4,2,19,34,46,1,8
11,2,34,45,2,2,34,2,42,45,1,24,2,26,49,3,4,22,42,2,0,5,2,2,41,3,19,42,44,1,32,2,20,27
13,3,27,29,45,3,8,45,46,2,2,42,1,44,2,3,29,1,3,1,22,2,2,5,2,14,45,2,17,20,4,20,24,27,48,2,5,20,2,17,42
6,1,17,1,27,1,29,2,17,45,2,32,39,3,5,22,43
5,2,23,30,1,29,1,29,1,17,2,2,8
7,1,34,1,45,2,19,27,1,10,2,27,42,1,46,4,2,8,19,45
14,3,20,33,49,3,2,16,45,3,28,33,45,3,3,27,49,3,33,45,46,3,22,29,31,2,6,41,3,17,27,42,3,19,27,35,2,2,33,2,0,28,3,2,28,45,4,2,3,6,49,3,1,10,27
6,1,0,4,23,35,44,45,3,2,11,28,1,27,1,42,2,5,20
10,4,3,28,29,42,5,17,27,28,39,45,6,4,5,7,34,35,42,4,1,22,27,45,5,2,17,27,33,34,3,2,17,45,5,1,3,25,27,32,5,2,8,22,27,44,5,1,5,17,21,37,5,2,5,23,34,35
11,4,1,17,22,29,4,27,39,44,45,2,6,8,3,17,24,44,3,17,27,42,2,3,13,1,39,3,8,23,25,3,6,27,45,5,2,8,27,45,46,4,2,3,27,42
8,1,32,3,2,22,45,2,3,22,3,5,23,44,1,17,2,17,45,2,23,28,3,27,33,45
9,4,1,6,17,31,5,17,19,22,30,45,3,27,34,44,5,8,23,32,42,46,5,22,27,30,34,35,1,37,8,2,6,8,17,19,20,28,34,3,1,31,37,4,17,20,39,43
6,6,0,1,2,10,38,46,4,5,7,42,45,2,20,27,8,0,8,17,26,27,28,35,42,3,1,15,27,2,17,42
11,4,1,17,46,49,3,2,17,49,2,22,26,3,8,41,42,5,2,8,27,44,46,4,5,27,28,41,6,0,3,4,5,17,27,4,14,24,32,45,3,23,28,29,4,6,7,27,45,4,5,29,36,49
4,1,2,2,0,42,2,17,33,1,45
6,2,6,8,3,8,20,29,2,8,39,2,8,42,2,35,45,2,13,45
15,6,0,5,8,17,27,45,1,49,4,35,39,42,46,5,27,28,29,35,45,2,24,45,3,5,32,49,5,3,8,11,22,39,5,3,5,17,24,30,3,2,5,32,4,17,20,23,44,5,5,6,29,33,45,5,14,29,35,41,42,6,2,17,20,29,41,49,5,2,5,8,30,37,2,27,44
6,1,44,2,5,31,2,14,44,2,4,34,1,6,1,43
13,7,4,17,29,34,37,39,45,3,3,5,38,5,6,17,25,30,49,6,3,5,17,28,39,42,5,2,5,17,36,46,5,2,8,24,33,43,7,5,20,25,33,41,45,46,5,2,27,28,39,46,4,2,14,22,32,6,11,17,20,27,28,45,8,0,5,22,24,27,32,35,45,6,1,2,5,7,29,46,5,2,8,14,23,35
5,1,28,3,17,23,45,4,2,17,19,28,4,2,27,39,45,3,8,24,32
5,2,33,34,3,17,28,35,2,22,27,2,22,46,3,3,6,45
11,2,20,42,3,17,44,45,3,0,24,27,3,3,27,34,3,8,27,34,3,8,20,42,3,5,8,25,3,2,29,34,3,17,23,34,3,0,34,39,4,7,17,35,42
15,2,0,17,3,17,33,34,2,29,45,2,2,8,3,33,38,46,1,27,2,2,34,2,32,34,4,6,8,19,28,1,30,3,1,4,49,2,7,8,2,20,37,1,29,1,11
11,1,7,2,39,43,2,2,29,1,20,2,0,27,1,29,6,8,19,25,45,46,49,2,5,42,2,6,19,2,33,44,1,33
10,1,35,3,32,34,45,2,34,39,2,24,30,1,17,2,17,45,3,5,28,42,1,2,2,1,29,3,1,34,42
10,4,5,20,42,45,3,5,32,46,5,8,27,33,39,45,4,3,17,23,46,3,10,22,45,4,8,23,44,45,3,1,13,34,4,1,15,17,45,4,23,26,28,44,4,3,5,17,27
6,2,5,17,2,8,22,3,8,19,29,2,14,47,2,5,39,3,0,45,46
6,2,27,34,3,6,28,46,2,24,45,3,24,27,39,2,37,43,2,1,29
3,1,44,1,40,1,29
13,5,2,34,41,46,49,2,34,41,5,7,17,34,45,46,4,20,27,33,35,1,0,2,5,27,4,8,23,33,45,5,3,8,17,22,25,5,7,20,29,33,42,5,17,32,33,34,42,4,17,27,33,45,4,2,8,28,45,3,2,17,45
11,7,2,8,17,27,28,29,38,5,3,17,32,38,46,7,1,2,3,5,7,27,34,2,17,22,4,2,8,20,46,5,0,29,39,43,49,3,33,37,42,3,8,17,34,4,1,7,14,32,3,5,17,27,2,1,2
7,1,44,1,44,1,1,3,2,20,34,2,1,5,3,8,20,27,2,5,8
6,2,5,29,1,45,2,27,46,2,19,27,6,5,6,8,17,27,46,3,5,25,29
7,1,45,1,24,3,8,20,29,1,22,1,34,1,24,1,46
10,5,2,8,14,25,35,7,3,5,17,34,45,46,49,5,2,32,34,44,45,5,22,28,29,34,44,5,7,17,20,39,49,3,27,42,45,5,0,7,8,30,45,5,17,27,29,34,42,5,23,27,33,34,45,5,2,17,22,26,39
7,3,5,33,44,2,7,26,1,8,1,17,1,24,1,7,2,5,25
16,2,39,45,1,2,2,32,33,1,49,2,19,45,2,20,30,3,17,39,42,4,5,6,34,36,3,20,23,27,1,45,1,8,2,26,41,1,2,2,0,30,2,25,29,2,24,35
3,1,34,1,14,1,8
3,1,17,1,44,1,8
11,6,3,20,33,42,44,46,4,23,29,37,45,6,0,2,3,23,32,42,7,2,5,6,22,27,40,49,5,4,32,33,44,45,6,1,2,8,26,27,34,5,28,33,34,42,43,7,3,4,6,7,27,29,45,6,1,3,6,8,27,42,7,6,8,26,33,34,45,49,6,0,1,22,33,34,43
9,3,20,25,39,2,23,27,2,34,42,3,27,34,39,2,35,49,2,27,37,2,1,34,3,5,35,46,1,7
14,7,2,27,30,34,35,39,45,1,27,8,2,8,17,22,26,28,33,45,6,2,3,6,14,17,27,5,2,27,32,37,39,3,24,42,45,4,7,8,17,32,3,1,27,45,5,2,5,27,41,45,3,11,42,46,6,2,3,5,6,34,46,5,2,7,17,19,45,7,5,7,8,25,27,33,35,5,14,22,26,28,29
7,3,5,16,17,3,2,44,45,4,3,17,24,28,3,2,17,27,4,1,2,32,46,2,1,17,1,35
7,1,43,1,14,1,49,1,42,1,3,1,17,1,33
4,1,1,1,27,2,5,29,3,8,34,35
8,3,8,20,32,3,19,29,46,6,2,3,6,17,26,29,3,17,22,27,3,27,42,49,2,20,31,3,2,18,34,4,6,33,48,49
13,2,8,27,2,7,34,2,2,5,3,14,25,32,3,1,38,45,2,27,33,2,17,35,2,26,27,1,37,2,1,26,2,17,28,2,29,43,2,8,22
4,4,2,8,22,39,2,0,42,2,3,27,2,42,45
6,4,27,42,43,45,4,5,8,17,34,3,27,34,46,5,17,42,45,46,49,8,1,14,17,27,32,34,35,44,4,1,5,42,46
4,1,32,3,1,27,49,1,2,2,23,33
12,4,3,26,45,49,1,2,5,3,6,25,28,45,8,8,17,20,28,29,37,45,46,4,8,27,30,32,5,7,17,24,27,44,5,17,24,25,27,34,4,14,20,30,45,1,27,3,5,22,27,3,8,13,23,3,8,27,42
16,2,30,45,2,7,43,2,43,45,2,39,45,2,1,10,1,45,3,5,13,34,1,29,2,6,32,2,1,24,2,1,45,3,5,45,46,4,8,27,35,42,3,6,45,49,1,14,4,10,14,28,29
6,1,23,1,23,2,3,45,2,39,45,5,5,8,21,26,49,4,17,20,27,31
7,4,7,17,19,20,1,13,3,27,39,42,4,14,34,43,44,3,7,17,29,3,6,8,28,2,22,26
11,2,1,39,1,0,4,7,17,23,45,4,3,26,32,39,1,8,1,17,2,17,42,2,2,35,1,45,2,34,45,4,3,26,27,46
10,2,1,5,3,2,6,45,3,1,17,33,6,5,22,25,29,33,45,2,6,33,2,17,42,1,48,1,5,2,7,41,4,20,27,33,49
7,4,2,17,23,27,5,17,23,29,32,39,3,20,42,45,4,16,30,32,45,4,8,32,42,45,4,2,3,4,29,6,1,17,20,35,41,45
7,1,34,2,17,20,3,27,33,35,3,2,22,23,1,45,1,42,1,43
8,3,23,27,29,3,6,8,45,2,7,8,1,46,2,24,41,3,1,37,44,7,5,22,27,35,38,41,43,3,5,33,44
7,2,41,45,2,17,34,3,2,35,49,4,6,17,22,33,3,6,32,39,4,17,27,28,35,3,1,2,17
7,7,2,5,6,8,22,26,45,6,2,3,17,26,33,42,8,2,3,6,20,28,29,42,46,3,8,34,44,7,0,3,8,17,19,27,28,4,36,39,43,46,3,38,41,45
7,1,49,1,8,1,10,1,27,1,22,3,6,26,34,2,5,46
11,2,6,34,3,2,46,48,2,2,49,1,33,2,27,46,1,27,2,8,42,2,17,18,1,42,4,17,28,35,37,3,8,29,32
8,3,27,34,39,3,17,20,45,1,41,2,23,25,3,2,8,17,3,2,28,45,3,8,23,27,3,2,17,30
9,2,27,43,1,49,1,27,2,6,46,1,45,4,17,28,45,47,2,8,45,1,29,1,23
12,3,7,17,22,4,2,20,27,44,3,18,27,45,3,3,27,49,3,17,29,32,5,5,17,26,28,45,2,2,43,7,2,20,24,27,29,42,46,1,27,2,28,43,3,29,32,45,4,2,8,27,43
4,6,2,5,8,11,27,42,3,4,24,27,2,38,41,3,1,4,49
9,3,27,29,34,1,44,4,27,28,29,32,2,39,45,1,16,2,5,21,2,22,28,2,1,20,3,17,29,33
6,5,18,24,27,32,39,4,23,27,45,49,4,1,8,32,41,3,26,28,46,3,2,4,45,3,2,10,44
11,4,8,17,22,33,2,23,39,3,8,34,45,5,1,18,33,45,49,4,2,13,35,42,4,27,28,41,45,7,10,17,20,22,27,28,34,5,27,28,33,34,45,7,5,7,8,23,30,41,45,4,17,20,27,31,2,2,45
14,2,5,24,2,7,8,3,22,29,43,1,6,2,2,17,5,20,22,23,35,45,3,22,33,35,3,19,27,28,7,2,24,27,41,43,45,48,2,20,23,5,3,5,19,22,24,2,17,30,5,2,8,17,18,33,3,11,28,42
11,5,26,27,28,39,42,8,2,3,8,13,19,45,48,49,2,2,46,4,2,34,39,45,5,3,6,8,17,27,5,1,5,27,29,42,3,2,20,23,5,5,8,27,32,44,6,2,8,17,28,29,49,5,5,6,24,31,47,4,2,39,42,45
14,4,5,6,17,46,2,8,28,3,2,23,29,2,5,34,3,2,24,44,4,2,28,29,44,2,34,48,4,22,35,42,46,5,2,8,17,20,39,5,3,6,8,29,46,3,24,27,29,2,32,49,2,27,49,4,5,7,8,36
7,2,2,27,4,7,23,42,45,1,34,1,17,1,27,3,5,29,45,1,46
12,1,8,3,6,27,45,2,46,49,2,27,45,2,2,3,3,4,34,46,2,7,17,3,3,27,42,1,5,2,2,35,1,35,3,1,23,26
5,1,44,1,5,2,0,27,1,1,3,7,22,25
10,5,2,27,28,34,45,2,23,45,2,3,45,2,2,34,1,27,3,1,8,32,3,7,20,28,2,27,45,3,23,33,44,2,2,35
10,4,8,17,29,33,4,2,5,20,22,4,8,17,27,41,3,8,27,46,3,14,32,45,5,7,17,45,46,49,7,1,2,8,32,42,44,45,2,42,45,4,19,33,35,44,2,33,39
9,1,19,3,5,10,11,6,17,27,32,39,41,43,2,17,32,4,26,27,39,46,3,28,39,42,5,8,17,27,33,45,3,2,23,27,1,20
10,3,0,32,35,1,5,2,23,46,4,2,5,22,45,5,3,6,26,27,46,3,7,20,34,3,1,8,39,3,2,31,46,3,8,27,39,3,4,42,45
12,1,46,1,45,2,5,27,2,2,27,2,7,33,2,27,45,3,0,35,45,1,45,2,5,17,2,5,44,4,20,23,27,30,2,8,29
10,3,1,27,45,1,45,4,2,29,39,46,2,2,24,2,22,27,1,3,4,8,22,27,44,4,7,8,25,34,3,29,33,34,2,3,49
9,3,0,27,42,3,1,2,29,5,4,5,7,22,33,2,17,41,3,3,27,34,2,2,30,3,19,27,41,1,17,1,1
14,7,8,17,23,27,28,42,44,2,20,24,4,13,27,42,45,5,1,2,8,17,41,4,5,6,39,44,2,26,41,6,1,2,4,27,29,45,2,13,35,1,3,5,2,11,27,33,35,1,29,5,16,17,23,28,34,5,3,27,28,40,45,4,22,26,45,49
10,3,8,27,42,3,2,17,45,1,29,4,3,5,14,22,1,29,2,2,27,2,2,26,3,4,24,45,1,42,2,3,42
5,1,42,1,5,1,42,1,23,2,5,20
5,1,23,3,28,33,44,2,29,42,2,17,49,3,1,2,27
8,2,28,41,2,27,39,1,43,1,7,1,45,3,1,17,32,1,46,1,45
10,2,27,33,3,1,6,27,2,0,17,2,3,39,4,6,25,32,41,3,39,44,45,2,23,48,4,17,33,37,45,3,2,3,11,5,20,34,35,42,49
4,1,6,1,17,2,30,45,1,39
6,1,20,2,2,14,2,42,45,1,23,2,17,42,1,5
8,6,2,19,22,43,44,45,5,2,22,24,34,39,5,0,2,8,33,49,2,8,45,4,1,5,33,45,4,4,7,17,35,5,2,5,22,27,45,3,34,35,44
9,3,3,14,46,5,5,17,35,39,45,5,2,8,35,41,44,6,1,2,5,7,8,33,5,5,6,27,38,44,2,3,34,4,2,7,20,45,3,3,34,45,3,2,8,45
6,1,45,2,42,45,2,29,42,3,8,10,29,3,7,8,46,3,22,28,29
6,4,5,8,13,35,6,8,17,23,27,28,35,4,2,6,20,42,4,3,22,29,41,4,7,20,23,24,4,13,28,31,45
7,1,22,4,2,29,41,49,5,2,7,12,42,45,2,3,34,1,5,1,23,2,24,27
6,3,8,17,45,6,1,2,22,34,38,45,5,2,27,33,42,44,5,8,17,27,42,46,5,1,3,17,27,29,5,2,5,29,42,45
11,2,38,49,3,17,23,27,2,8,27,2,27,42,1,33,4,23,26,29,42,1,42,3,23,29,45,2,7,45,3,0,7,17,1,0
4,3,42,43,46,5,2,5,21,26,27,2,8,22,3,2,7,27
13,2,27,33,1,34,1,42,6,3,17,29,45,46,49,2,2,35,1,41,2,6,42,2,20,27,3,8,35,45,4,17,19,27,42,2,17,41,1,45,2,5,39
5,3,33,34,49,3,27,45,46,2,42,45,2,2,27,3,17,31,46
5,3,10,42,45,1,42,2,17,34,3,26,27,42,1,45
9,5,2,5,8,39,41,4,1,17,35,45,5,5,8,22,28,45,4,4,14,17,42,4,0,2,24,48,3,7,8,28,2,33,34,5,2,17,20,33,45,2,2,42
11,1,5,1,45,1,1,3,7,23,41,3,1,17,46,6,1,4,17,23,25,27,2,26,46,2,27,45,1,24,3,8,22,46,1,29
8,4,17,27,35,46,3,2,42,45,6,5,14,20,24,38,45,3,20,33,34,4,32,34,36,42,2,27,28,3,8,27,38,2,1,37
9,5,2,3,20,33,35,2,2,45,4,14,22,45,49,5,2,8,27,34,41,5,2,17,22,26,28,6,2,5,17,23,25,28,2,2,45,5,8,17,23,43,49,6,17,19,20,21,23,45
7,3,23,34,45,3,5,33,49,4,2,8,23,24,2,27,35,2,23,45,2,42,45,1,45
6,1,27,1,33,1,29,2,5,17,1,4,2,1,22
1,1,45
9,4,17,22,34,47,1,28,2,27,45,5,2,23,25,37,42,2,27,33,4,8,39,41,45,5,4,20,23,27,45,6,8,18,19,28,29,33,5,28,29,33,41,49
11,1,26,5,0,5,7,34,41,2,27,28,3,5,27,46,1,24,2,29,33,1,23,2,24,48,2,4,37,3,3,27,34,3,8,28,33
14,1,8,2,44,45,4,1,5,42,44,5,23,29,32,41,45,6,1,2,14,23,27,45,2,0,34,3,34,42,45,1,20,8,1,2,10,17,23,27,34,46,4,2,5,8,33,4,2,4,24,31,4,3,33,35,40,4,5,25,35,39,5,5,10,13,27,45
5,3,6,8,27,1,44,2,1,20,3,2,27,45,2,28,41
8,4,5,22,45,46,4,6,20,24,29,3,2,17,45,1,8,2,41,44,4,2,27,35,46,2,27,44,1,14
10,5,3,27,28,35,44,2,2,42,2,5,45,4,5,24,34,48,3,6,17,35,3,2,6,39,3,8,35,45,4,2,4,27,29,2,28,29,3,0,27,44
6,1,27,1,32,1,2,1,45,2,22,34,1,32
9,1,27,1,7,1,0,1,36,2,22,48,1,0,1,0,2,17,45,1,47
10,1,27,3,29,34,42,1,8,4,27,32,35,44,2,28,43,1,29,1,5,3,1,22,34,2,44,45,1,35
9,2,33,45,1,27,2,2,6,2,27,45,1,33,1,7,1,29,1,11,1,8
7,3,27,28,44,4,1,8,34,42,1,17,4,5,6,28,39,4,4,5,11,33,3,3,8,24,3,29,42,44
11,4,5,24,27,46,2,28,46,2,32,42,3,18,20,29,2,10,33,2,1,26,1,26,1,43,1,10,4,8,21,30,34,4,17,19,42,46
8,5,4,6,27,34,42,3,0,1,45,3,24,31,32,2,0,2,2,22,29,3,6,8,39,3,14,23,45,3,17,28,46
13,6,2,5,18,31,37,42,3,17,33,42,6,2,17,20,23,27,39,2,28,47,3,23,35,43,4,0,2,33,45,4,24,39,41,46,5,3,4,26,45,46,3,8,33,45,5,0,1,22,27,44,2,8,27,3,7,28,29,3,6,39,41
12,2,26,33,5,2,4,22,23,39,2,27,45,1,45,2,1,49,2,28,39,2,11,28,3,29,33,39,2,23,25,5,2,7,17,41,42,2,1,33,6,3,5,22,23,27,34
13,3,2,27,29,3,6,8,46,3,17,28,45,3,25,30,43,3,5,8,35,1,5,3,3,25,45,3,2,34,37,3,2,5,11,5,2,5,22,27,46,5,5,11,22,27,45,2,8,22,4,2,11,23,46
8,7,0,2,7,8,17,37,46,8,5,8,17,22,27,31,39,42,7,5,27,29,30,34,42,44,5,2,8,17,44,45,8,2,5,6,22,28,39,42,49,6,3,8,22,42,43,49,4,24,27,33,42,7,2,17,20,39,42,43,45
8,3,17,29,46,2,8,34,4,3,8,32,39,2,5,41,4,2,33,45,48,3,27,39,45,3,6,27,34,3,3,31,42
12,3,5,8,43,5,2,7,11,25,32,2,13,45,1,22,2,3,5,7,19,23,27,28,29,35,49,4,5,23,32,44,3,7,46,49,3,17,20,24,2,6,28,3,0,8,32,1,23
4,1,32,2,8,34,2,5,27,3,2,27,33
13,3,22,32,34,3,2,8,49,4,5,10,29,44,5,2,8,10,22,25,4,23,27,46,49,4,8,14,28,30,4,5,22,45,49,5,8,17,26,32,44,2,8,33,1,20,6,0,4,32,42,45,46,3,20,27,45,5,3,5,16,17,35
10,2,23,42,7,1,17,29,30,33,43,49,4,19,27,41,42,4,4,27,46,49,4,3,17,24,27,2,6,27,5,1,4,5,20,42,4,17,33,41,46,2,28,41,2,27,34
9,4,17,27,29,47,3,8,21,34,4,4,17,27,46,2,2,22,5,2,20,25,28,45,3,5,45,48,2,28,45,3,42,45,46,2,7,27
2,1,27,2,17,27
7,2,2,46,4,8,23,29,32,4,7,34,35,45,5,1,2,8,26,45,3,1,14,23,5,2,10,20,34,49,4,17,23,43,45
11,3,27,44,45,3,3,26,28,4,1,27,28,45,2,17,46,4,1,8,22,34,3,20,27,34,3,2,8,45,4,22,27,44,45,5,2,5,8,28,49,3,6,25,34,2,2,45
8,3,5,7,42,1,8,1,27,1,44,1,42,1,17,1,5,2,23,39
9,1,20,3,2,33,34,2,17,20,4,3,42,46,49,1,34,3,11,17,43,4,2,22,25,34,1,8,6,3,6,17,23,34,42
11,3,3,8,39,4,8,28,29,42,3,2,29,42,1,42,3,20,28,46,2,14,45,3,3,5,14,1,17,4,2,13,17,45,5,13,29,30,32,49,2,22,24
11,3,1,7,46,2,6,44,2,8,39,6,2,23,26,29,32,45,2,32,45,3,5,27,35,1,0,3,8,20,32,1,38,2,8,33,3,2,32,33
7,1,27,1,17,1,2,2,8,19,1,2,2,17,35,1,34
8,3,5,8,42,3,5,17,49,4,2,5,28,33,4,2,8,22,27,4,1,5,6,13,5,1,7,17,20,46,2,27,44,2,0,28
4,1,17,2,8,19,1,2,1,17
9,3,35,45,46,2,22,42,1,20,2,5,17,2,17,24,3,2,45,46,2,5,39,1,17,2,3,39
5,1,3,1,33,1,5,2,28,49,1,20
8,5,3,20,27,34,42,1,39,1,37,2,0,44,3,23,25,45,2,3,42,2,8,39,4,0,5,23,39
8,1,2,1,23,2,1,44,1,10,1,9,1,32,1,2,1,33
7,3,3,28,45,2,2,45,1,45,2,28,35,3,1,37,43,2,22,26,1,7
12,2,17,39,2,3,20,3,17,34,39,2,22,27,3,2,4,45,2,42,45,4,5,32,39,49,3,2,32,49,4,5,20,25,42,4,3,8,24,33,3,7,27,41,2,8,22
7,4,7,34,42,45,2,24,29,2,2,29,3,5,27,45,2,32,34,4,33,34,39,42,3,5,11,27
7,1,27,1,43,1,32,2,2,42,1,45,1,37,1,32
7,4,2,22,31,45,4,20,27,34,35,2,3,44,5,1,10,27,41,42,5,5,21,27,34,45,4,5,8,27,42,5,2,3,5,30,33
3,2,26,35,1,42,3,5,27,44
8,3,20,35,48,4,31,35,39,45,2,31,41,3,2,27,28,7,2,11,17,27,33,42,45,2,17,33,3,3,4,5,3,17,23,33
5,1,17,1,22,2,27,44,1,27,1,30
8,2,7,46,1,6,2,33,39,3,3,33,44,4,1,3,6,27,2,5,36,2,31,34,1,35
10,3,26,28,49,3,16,17,39,1,39,3,22,28,45,2,17,27,1,23,1,44,2,2,27,1,29,4,1,17,22,33
6,2,20,27,1,44,2,25,46,2,5,27,2,29,34,2,0,14
5,8,2,23,27,35,39,42,45,49,5,0,23,27,28,46,5,1,5,6,42,46,5,7,26,27,29,45,6,6,17,27,29,45,49
12,3,5,23,24,2,8,45,2,27,46,3,17,42,44,1,35,2,23,45,4,5,22,28,45,5,8,20,23,27,44,2,3,27,4,6,26,27,30,3,4,8,45,2,2,45
7,1,8,1,13,1,23,1,0,1,17,2,6,32,1,42
5,2,5,33,3,17,27,30,3,2,42,49,1,14,5,6,8,14,20,41
10,2,3,24,3,22,24,49,4,3,28,45,49,2,24,35,2,1,22,2,2,45,1,17,2,27,44,1,8,1,6
6,2,34,39,1,8,2,22,27,2,4,39,1,45,2,14,19
6,2,3,46,2,32,45,2,29,35,4,6,8,32,33,1,49,1,23
5,4,2,3,5,21,3,17,25,44,4,17,31,45,46,1,5,3,25,42,45
9,3,6,7,17,5,1,5,37,43,45,3,23,42,46,1,2,3,5,17,26,1,30,3,2,6,29,3,2,27,45,4,27,30,32,42
7,3,1,17,46,2,5,22,2,46,49,1,22,6,20,23,25,27,45,48,4,5,28,33,34,3,7,26,45
7,3,13,20,45,3,6,10,20,3,3,8,42,3,8,17,23,3,2,8,33,2,27,47,2,29,44
10,3,5,8,22,3,29,42,44,2,17,29,3,32,34,42,3,17,20,45,4,5,6,11,29,3,2,29,42,5,4,17,23,27,28,3,5,29,45,3,20,39,48
12,2,6,34,3,17,20,24,1,46,1,6,1,5,1,3,4,2,7,17,27,4,8,27,34,44,1,25,1,5,1,27,2,1,5
11,3,2,24,45,2,8,26,5,3,6,20,33,45,1,2,3,17,20,39,1,3,3,8,23,45,3,8,27,35,2,27,35,1,17,3,27,29,46
7,4,27,34,40,45,4,28,35,39,42,4,2,3,8,41,6,2,7,24,27,28,40,4,23,31,34,35,4,2,8,41,45,2,2,22
6,2,5,34,2,2,33,2,6,27,2,17,39,1,45,2,16,42
5,5,1,3,6,17,32,5,5,23,31,35,39,3,27,34,42,5,3,17,24,45,46,7,17,18,30,31,32,33,46
14,7,2,7,17,22,34,43,49,5,10,22,23,34,49,3,24,27,42,4,7,17,32,45,4,2,17,20,34,4,13,27,41,45,4,0,33,42,46,6,20,29,32,37,41,45,3,16,24,45,6,5,6,23,42,45,46,1,22,4,2,7,27,28,2,3,8,4,6,14,17,45
9,3,2,29,45,2,17,49,2,3,16,2,28,45,2,17,27,2,7,23,2,17,24,2,8,28,2,45,49
13,2,22,32,4,2,29,34,46,3,17,27,43,4,17,35,42,46,2,23,39,3,2,22,42,2,2,23,1,47,1,45,2,3,33,1,45,1,20,4,3,8,33,41
6,4,1,3,6,45,5,17,27,29,30,49,4,5,28,35,42,4,3,17,32,34,3,5,7,42,6,2,7,8,20,26,49
8,4,14,29,41,42,6,0,5,17,20,22,27,4,7,25,27,34,3,0,33,34,4,8,22,26,27,3,33,42,45,2,25,39,2,34,49
8,3,17,30,33,1,5,1,8,1,45,1,39,1,27,1,49,1,39
12,1,20,2,34,39,3,8,23,44,1,22,1,45,1,17,1,45,1,7,2,28,44,1,8,2,28,45,1,24
3,2,7,17,1,27,1,17
12,2,1,22,3,27,34,41,1,3,3,5,19,42,2,6,39,2,23,28,2,2,35,1,27,2,2,8,2,27,42,3,5,26,45,2,2,42
8,4,2,17,22,29,3,25,31,45,4,0,23,27,42,1,1,5,0,26,27,33,45,3,8,27,46,2,3,8,4,1,17,24,27
9,1,29,1,5,1,2,1,45,3,2,27,41,2,20,33,1,26,1,13,1,5
8,3,34,41,45,1,5,2,7,22,1,0,1,17,1,8,2,5,8,3,27,33,35
5,1,25,2,14,27,1,27,1,23,1,23
14,4,3,6,17,42,3,8,27,37,4,5,20,44,49,4,1,8,28,39,1,29,5,2,5,23,37,44,3,1,5,42,1,45,3,1,33,43,2,17,26,3,8,17,45,6,0,5,8,23,27,45,3,22,37,45,2,29,35
9,1,45,3,2,3,25,3,2,27,49,3,13,32,42,3,3,8,27,3,3,23,27,2,17,39,3,8,17,39,3,13,23,31
10,2,6,8,1,34,1,28,3,1,22,41,1,17,1,35,3,27,32,35,2,3,7,1,34,1,46
2,2,8,33,1,45
3,1,17,1,13,1,22
8,5,5,21,33,42,44,3,8,22,33,3,2,27,29,3,11,17,42,2,25,45,1,17,3,23,26,33,4,23,27,34,46
4,1,0,1,8,2,5,45,1,35
4,1,42,1,22,1,28,1,41
8,2,17,29,1,42,2,27,46,5,5,6,7,27,36,5,13,20,39,45,46,1,2,2,17,49,4,3,22,27,45
8,3,27,28,44,3,27,42,46,2,17,48,2,30,42,1,39,2,4,17,2,29,49,1,20
12,2,17,42,2,17,28,2,20,49,2,25,34,4,29,42,44,45,2,13,45,1,5,2,2,8,2,7,33,1,28,3,14,35,42,1,28
7,2,2,24,1,10,3,3,34,41,1,2,2,0,2,1,17,1,42
14,4,23,33,43,46,3,23,29,45,2,33,45,1,45,4,11,17,19,45,1,32,2,2,45,4,5,22,23,45,5,17,22,31,42,44,6,5,16,23,27,39,45,6,2,19,28,41,44,45,5,5,6,7,8,49,4,3,28,45,49,2,27,34
8,4,3,33,34,46,4,10,32,44,45,4,2,17,34,35,2,6,8,2,29,49,4,5,23,27,35,3,8,23,45,2,42,45
3,1,5,1,35,1,23
4,1,45,1,45,2,6,27,2,2,27
7,2,42,46,2,31,44,2,6,34,1,0,1,25,5,0,26,27,34,49,1,8
7,1,5,2,27,49,1,2,1,5,2,7,42,1,23,1,23
8,3,33,44,46,1,34,1,22,4,5,10,24,34,2,8,29,1,8,4,1,42,46,49,1,29
7,2,20,27,2,34,41,3,19,27,28,2,29,45,3,2,27,28,2,2,29,2,14,26
11,1,31,2,34,39,2,2,42,2,26,45,2,2,45,2,3,8,4,19,27,28,29,3,33,34,49,2,33,42,2,22,28,2,27,31
3,2,27,28,1,20,1,1
9,2,27,45,4,2,30,34,42,3,8,32,45,3,3,5,33,3,7,27,46,5,22,27,28,44,45,2,1,33,2,32,35,3,5,32,35
8,1,27,3,2,27,45,1,27,2,17,35,1,22,1,3,1,39,1,27
10,4,8,23,42,46,4,1,2,8,29,1,8,3,17,33,45,2,29,45,4,23,24,34,46,4,0,2,4,5,1,8,1,45,3,17,28,46
10,3,0,27,32,1,3,1,17,1,19,3,2,7,30,1,45,2,24,39,2,32,45,1,34,2,3,36
8,1,22,1,27,2,44,49,3,5,27,44,1,2,2,2,20,4,27,35,39,42,3,5,20,43
7,5,1,6,17,39,45,3,8,20,46,3,8,31,34,2,27,39,5,2,3,17,20,46,3,8,39,44,1,3
9,1,22,3,10,27,39,1,3,2,42,45,2,19,27,1,8,2,8,46,4,8,25,42,45,2,29,35
11,5,2,5,22,27,46,4,13,23,32,33,2,27,44,6,8,17,18,20,27,37,4,15,24,34,46,3,5,6,11,3,3,23,42,3,3,26,45,3,33,34,48,3,25,29,39,6,3,27,30,32,34,41
12,2,2,46,6,2,5,17,41,42,45,4,2,8,29,49,2,4,17,2,8,20,5,5,22,27,39,41,6,2,14,27,32,42,45,4,24,27,33,45,4,5,6,27,45,3,8,17,20,6,27,28,30,33,46,49,5,1,17,23,29,34
13,10,1,5,8,17,19,29,34,44,45,49,5,5,20,26,27,45,8,8,20,27,35,42,44,45,49,5,0,2,5,7,45,6,5,23,27,30,45,49,7,2,8,32,34,35,42,45,7,19,20,26,27,29,37,42,4,8,20,26,49,9,14,23,28,29,33,34,35,44,45,8,17,27,29,33,34,44,45,46,5,5,17,34,45,46,8,2,13,17,18,27,39,42,49,8,1,2,19,20,22,34,35,48
5,3,5,27,34,3,17,22,23,4,2,27,29,35,3,3,29,45,4,1,22,45,49
10,3,23,33,45,1,17,3,17,23,29,4,2,5,41,42,3,2,20,34,1,2,7,2,25,28,29,33,42,44,2,21,27,2,27,46,2,8,17
11,3,3,17,39,2,8,27,3,34,42,49,2,8,26,3,17,34,45,2,41,43,2,11,25,2,8,29,1,45,2,17,19,2,1,42
11,4,2,28,34,37,5,2,7,23,42,49,1,22,2,23,34,4,0,8,42,46,3,4,27,42,1,23,4,22,27,32,41,4,1,6,8,27,4,4,8,11,27,3,22,23,46
11,2,38,46,2,29,46,2,13,25,2,2,10,2,26,27,2,32,45,2,8,27,1,45,1,42,3,0,8,33,1,43
10,2,20,39,2,17,23,4,2,8,34,45,4,8,19,27,33,3,17,45,46,2,1,8,4,4,8,42,44,2,26,46,3,20,25,27,3,34,45,49
12,3,1,5,22,3,1,17,34,1,17,2,34,46,3,27,31,34,3,2,39,46,2,8,34,2,8,45,1,27,5,0,7,24,42,45,2,27,34,3,0,2,39
11,3,2,39,44,3,17,23,34,6,4,17,20,29,39,42,4,0,7,22,27,5,5,14,27,44,45,5,2,14,28,32,39,5,0,27,35,42,45,4,1,8,10,19,2,23,49,5,0,2,24,29,44,3,8,35,46
10,1,17,2,2,22,3,2,35,49,2,6,32,1,24,4,17,27,31,49,4,0,27,42,49,1,5,2,32,42,6,0,3,27,29,34,37
9,3,7,17,45,5,1,2,17,28,45,2,24,27,3,0,17,42,4,26,29,32,42,2,20,27,2,22,26,2,32,34,3,2,17,46
12,1,8,1,8,1,24,2,19,26,1,27,1,45,2,27,43,1,10,4,2,32,35,41,1,23,2,44,45,2,10,39
4,3,2,22,46,1,45,2,8,33,2,33,42
4,1,30,1,33,1,42,1,35
12,2,8,46,2,8,33,1,2,2,35,39,2,2,44,2,5,8,2,0,42,3,5,46,48,4,1,2,3,45,2,6,49,3,17,39,49,1,45
9,4,3,33,45,49,2,8,27,5,2,17,27,29,45,2,5,49,3,26,27,41,3,20,24,49,1,33,3,17,27,45,2,10,29
10,3,23,34,39,2,27,45,2,5,28,7,2,6,27,31,33,39,45,4,3,10,17,27,2,5,8,5,4,20,24,29,45,3,7,20,27,1,41,1,43
10,5,22,29,33,42,45,5,2,7,14,17,27,5,0,2,4,5,27,5,5,8,17,30,44,6,25,42,44,46,48,49,6,8,14,25,33,39,45,9,2,5,8,14,17,22,23,27,45,7,8,14,34,35,39,42,45,6,2,7,11,23,44,45,2,19,49
4,1,27,2,28,29,1,33,2,3,17
10,3,24,27,35,3,23,45,49,1,0,2,1,41,4,22,27,29,34,2,20,27,2,27,33,3,22,33,45,3,14,34,45,5,2,27,29,35,49
6,1,20,1,39,1,20,1,32,1,5,2,11,29
12,3,3,6,42,3,8,34,45,2,1,33,1,26,3,23,39,45,2,5,22,2,32,45,3,17,38,46,2,27,45,1,46,2,22,23,1,22
5,3,8,29,31,2,16,17,3,7,24,46,2,22,27,2,0,33
11,3,22,45,46,2,29,45,2,42,44,2,17,20,2,29,48,2,1,2,1,27,2,25,47,1,17,4,3,41,45,46,1,37
8,2,17,28,2,27,35,2,29,46,2,23,35,2,18,23,3,8,28,45,1,45,1,27
6,9,1,3,8,17,20,22,23,33,34,4,2,8,27,45,9,3,5,22,24,27,30,33,41,44,7,2,13,22,30,42,43,45,6,5,17,20,25,35,45,11,5,8,17,20,23,27,32,33,34,41,44
7,3,27,29,42,3,2,25,32,2,2,20,3,1,13,39,5,5,6,27,34,46,3,8,27,29,1,3
8,2,1,8,1,49,1,17,1,45,1,34,1,42,1,20,2,1,22
11,2,17,28,4,6,8,17,22,2,17,27,5,17,28,29,39,45,4,22,32,33,42,5,4,24,27,28,49,4,3,5,7,24,4,1,2,28,33,1,3,2,33,45,7,1,25,27,34,39,44,45
8,1,8,4,8,14,27,34,4,8,29,34,44,4,2,27,45,49,4,2,8,33,35,4,1,17,27,44,5,1,7,17,23,45,1,45
9,1,22,1,2,2,11,49,1,32,1,1,2,3,27,1,42,2,17,32,3,5,39,45
6,4,3,42,45,46,7,2,27,28,32,41,45,46,3,27,35,49,4,2,6,7,8,3,24,33,49,4,23,28,29,35
7,1,8,1,39,3,7,8,45,4,2,17,29,41,1,2,1,45,2,4,37
8,1,49,3,26,45,46,1,7,4,8,27,39,45,5,17,41,42,44,49,2,0,17,2,27,42,4,23,25,29,30
7,4,5,19,27,33,3,2,34,44,2,23,45,2,39,48,3,25,29,49,1,17,3,4,17,32
7,1,10,3,1,29,34,2,44,45,4,5,23,32,39,2,31,43,3,17,29,41,1,2
6,4,3,17,20,29,2,44,49,4,0,1,3,23,2,8,45,3,17,27,44,2,27,29
2,1,10,1,27
8,3,22,36,42,3,5,32,37,2,27,49,2,14,45,3,8,34,36,4,23,28,42,45,2,28,49,3,27,35,45
11,5,28,31,34,39,44,1,29,6,1,6,10,17,27,45,2,8,27,3,17,22,49,3,17,32,46,2,27,33,3,7,32,49,5,0,2,3,29,45,2,0,46,3,17,27,46
10,3,17,27,33,4,8,26,29,39,2,30,34,2,2,25,3,5,17,24,6,6,10,17,27,28,46,3,17,35,45,2,39,45,5,2,5,22,27,46,1,33
10,3,20,33,42,3,31,42,43,2,7,8,6,6,8,34,39,42,46,3,2,26,28,3,6,17,35,4,27,29,32,46,3,27,29,39,8,0,2,8,17,27,34,41,45,5,20,27,29,32,41
3,1,8,3,5,26,42,1,46
12,2,27,45,2,34,40,2,22,44,1,27,1,5,3,39,42,45,1,33,3,27,40,45,2,35,37,3,6,22,27,2,44,45,1,28
8,6,0,17,31,34,39,40,3,31,34,41,6,2,8,22,31,33,46,5,2,5,23,27,46,6,2,19,29,33,42,46,4,11,22,23,26,4,6,17,33,45,4,2,5,17,27
11,5,0,8,17,32,45,3,27,28,30,3,25,33,34,3,2,42,45,3,2,26,37,1,28,1,33,6,5,23,27,39,45,49,2,28,35,3,2,5,42,1,35
5,1,2,2,7,45,6,7,17,27,39,41,44,3,24,27,48,5,8,14,17,27,33
3,3,2,8,27,2,39,42,2,34,42
6,2,8,20,2,22,45,3,8,23,43,4,2,4,29,46,4,2,14,24,42,4,2,25,42,44
12,4,20,27,37,40,1,42,3,6,8,22,2,30,42,5,29,35,44,45,49,5,2,14,29,32,45,5,1,5,25,33,42,4,3,22,23,29,1,33,3,2,23,46,6,1,10,20,23,34,45,4,11,17,29,35
5,1,45,2,17,27,1,31,1,27,1,39
11,2,38,46,3,1,22,32,3,23,33,44,1,5,1,23,2,5,42,3,8,19,22,3,27,30,41,4,2,5,19,21,4,2,27,42,49,4,24,26,28,35
5,1,1,3,0,27,29,1,2,2,8,27,2,17,33
5,1,2,2,20,23,2,10,27,2,1,27,1,29
9,7,5,8,22,27,32,42,49,7,22,27,28,29,32,42,45,5,2,6,29,34,42,3,3,5,32,5,8,13,24,27,43,3,4,7,45,2,38,45,4,5,13,22,30,5,0,2,5,26,33
4,1,27,1,3,1,22,2,5,20
14,3,8,20,22,3,6,27,42,4,17,27,43,45,3,3,22,24,3,10,42,45,4,3,24,26,41,3,5,29,32,1,22,3,17,23,27,2,27,39,5,1,17,27,33,46,4,2,7,38,45,3,8,20,27,4,2,17,32,42
6,3,2,34,39,2,27,29,1,49,2,3,45,3,1,17,33,3,19,22,29
14,3,8,21,34,3,8,42,45,2,2,17,1,45,1,17,2,26,28,2,2,42,2,14,33,2,2,20,3,2,10,45,2,2,42,2,2,22,4,14,23,32,43,2,20,46
4,1,44,1,8,1,5,1,6
7,1,44,1,28,1,0,2,34,49,1,28,1,2,1,45
6,2,2,42,1,35,2,8,45,2,8,26,1,23,3,20,34,46
14,2,4,20,1,45,4,29,33,35,45,1,27,3,8,17,39,2,7,27,5,5,6,27,39,43,2,1,34,3,0,8,42,3,1,2,22,4,13,26,42,45,4,6,17,19,27,3,6,17,45,5,7,8,33,35,42
3,1,28,1,38,1,47
7,1,24,1,45,1,17,1,45,1,3,2,17,27,2,5,44
11,3,1,6,8,2,13,45,4,17,25,27,38,2,34,35,3,14,17,20,3,22,23,28,2,17,42,3,8,13,17,2,20,34,3,3,24,34,3,8,23,41
7,1,27,2,27,34,2,7,8,1,34,2,22,29,3,27,29,34,3,8,27,46
6,1,2,5,6,8,17,45,46,3,1,17,32,2,5,27,3,12,20,44,3,8,20,34
8,2,3,17,1,39,2,19,33,5,2,25,28,33,45,3,0,2,5,2,28,49,1,2,2,6,20
2,3,20,35,45,1,5
14,6,1,3,17,22,27,46,2,42,48,2,31,45,5,17,20,25,34,46,4,26,29,38,45,5,17,22,39,41,43,3,8,33,42,5,6,8,17,19,20,1,45,6,1,5,7,20,41,45,2,19,34,7,17,20,27,42,44,45,46,5,5,20,27,40,46,4,17,39,43,45
8,3,0,27,42,3,27,39,44,3,33,34,49,5,5,8,10,34,49,3,5,6,33,3,17,23,38,5,2,5,27,33,45,4,8,17,34,45
7,2,8,23,3,2,5,45,3,6,22,45,2,34,46,3,8,31,45,3,17,39,45,6,2,5,17,23,41,45
11,2,2,27,6,0,3,33,39,42,44,5,20,39,41,45,48,1,0,3,3,24,27,1,27,4,0,6,8,27,2,6,37,1,2,5,0,6,10,28,29,3,0,19,29
