9,1,3,2,2,7,4,1,2,8,19,4,8,16,17,19,1,2,1,2,1,3,3,6,14,17,4,2,6,10,17
10,1,5,3,1,2,10,3,8,10,17,1,8,4,2,6,8,17,3,1,2,17,3,1,2,3,2,5,7,3,2,8,17,5,1,4,8,10,17
6,1,17,3,2,14,17,2,2,16,4,0,5,8,11,2,2,6,2,5,19
3,2,8,14,2,8,16,1,8
8,1,5,1,0,2,2,8,1,17,2,2,16,1,6,1,5,1,2
8,4,4,7,13,14,3,6,8,19,2,6,8,3,1,17,19,1,5,3,3,8,17,4,2,7,8,14,3,1,8,17
6,1,2,1,7,2,2,17,1,2,1,2,1,1
7,2,5,17,1,8,1,7,1,19,1,8,1,13,1,14
5,1,2,1,8,1,5,1,3,1,17
3,2,2,15,3,1,2,8,2,2,3
9,3,2,8,17,3,5,8,17,2,3,13,3,2,8,14,2,1,6,2,0,8,1,5,2,5,8,2,5,8
4,1,8,1,2,2,5,8,1,17
9,4,1,2,6,17,3,5,8,13,1,17,1,7,5,2,3,4,7,17,2,3,13,4,1,2,16,17,3,4,5,17,3,2,8,17
8,4,0,1,8,17,4,2,5,8,19,2,8,11,3,0,5,8,4,1,3,7,19,4,2,5,8,17,3,5,16,19,6,0,3,5,8,16,17
11,2,2,5,3,2,6,8,3,2,16,17,2,8,15,3,2,10,13,4,5,7,8,10,3,5,8,19,3,4,5,8,2,2,3,3,1,2,6,3,2,5,17
8,3,1,2,17,2,4,17,2,6,18,2,8,11,1,2,2,10,16,2,0,5,2,1,5
11,2,1,17,1,17,3,1,8,19,2,5,16,1,2,2,7,8,1,8,2,5,17,2,8,16,2,2,5,2,1,2
4,1,5,1,17,1,5,1,8
10,5,2,3,6,8,17,1,2,2,5,17,1,8,1,17,2,2,5,4,2,5,17,19,2,1,3,3,4,5,17,2,3,8
7,1,5,3,4,7,8,1,8,4,1,2,5,7,2,2,8,2,8,14,2,2,17
4,1,17,2,8,19,2,7,17,1,19
