9,1,8,2,8,27,4,2,8,29,49,4,33,41,45,46,1,4,1,8,1,10,3,27,39,45,6,8,26,34,44,45,46
10,1,23,3,2,5,34,3,28,35,45,1,29,4,3,27,32,42,3,2,6,45,3,2,3,14,2,22,27,3,8,32,42,5,2,17,29,34,45
6,1,45,3,7,39,45,3,5,6,41,2,34,35,3,6,26,27,2,20,46
3,4,1,26,31,39,2,31,41,1,28
4,1,1,2,5,32,1,45,1,5
6,1,20,1,28,1,4,2,39,42,1,23,1,8
7,2,8,27,2,26,39,2,4,46,3,22,44,48,1,28,4,5,27,34,42,2,2,42
1,1,18
6,1,8,1,2,1,8,1,5,1,27,1,5
3,1,27,2,37,49,1,33
4,4,8,26,28,45,1,33,1,39,1,20
10,2,7,17,1,42,1,39,2,8,17,3,5,7,39,2,0,34,3,2,7,45,5,5,17,20,21,24,3,1,8,30,3,17,29,39
5,1,29,2,28,39,1,29,3,24,26,42,2,25,28
9,3,32,39,45,3,5,25,34,2,5,25,5,23,39,41,44,45,4,8,21,33,44,3,17,20,31,3,2,10,29,2,7,42,3,0,7,29
8,6,1,7,24,29,33,45,4,20,28,29,46,3,27,29,49,2,3,42,4,2,28,33,35,4,1,24,25,28,3,17,22,45,3,6,23,45
11,2,22,30,6,2,5,22,27,39,44,4,5,7,37,42,3,8,34,42,1,48,2,28,45,3,2,22,49,2,33,46,5,18,23,29,34,41,3,8,17,27,3,2,42,45
8,2,3,46,2,2,8,3,17,27,46,1,28,2,44,49,3,0,23,26,4,2,19,34,46,1,8
11,2,34,45,2,2,34,2,42,45,1,24,2,26,49,3,4,22,42,2,0,5,2,2,41,3,19,42,44,1,32,2,20,27
13,3,27,29,45,3,8,45,46,2,2,42,1,44,2,3,29,1,3,1,22,2,2,5,2,14,45,2,17,20,4,20,24,27,48,2,5,20,2,17,42
6,1,17,1,27,1,29,2,17,45,2,32,39,3,5,22,43
5,2,23,30,1,29,1,29,1,17,2,2,8
7,1,34,1,45,2,19,27,1,10,2,27,42,1,46,4,2,8,19,45
14,3,20,33,49,3,2,16,45,3,28,33,45,3,3,27,49,3,33,45,46,3,22,29,31,2,6,41,3,17,27,42,3,19,27,35,2,2,33,2,0,28,3,2,28,45,4,2,3,6,49,3,1,10,27
6,1,0,4,23,35,44,45,3,2,11,28,1,27,1,42,2,5,20
10,4,3,28,29,42,5,17,27,28,39,45,6,4,5,7,34,35,42,4,1,22,27,45,5,2,17,27,33,34,3,2,17,45,5,1,3,25,27,32,5,2,8,22,27,44,5,1,5,17,21,37,5,2,5,23,34,35
11,4,1,17,22,29,4,27,39,44,45,2,6,8,3,17,24,44,3,17,27,42,2,3,13,1,39,3,8,23,25,3,6,27,45,5,2,8,27,45,46,4,2,3,27,42
8,1,32,3,2,22,45,2,3,22,3,5,23,44,1,17,2,17,45,2,23,28,3,27,33,45
9,4,1,6,17,31,5,17,19,22,30,45,3,27,34,44,5,8,23,32,42,46,5,22,27,30,34,35,1,37,8,2,6,8,17,19,20,28,34,3,1,31,37,4,17,20,39,43
6,6,0,1,2,10,38,46,4,5,7,42,45,2,20,27,8,0,8,17,26,27,28,35,42,3,1,15,27,2,17,42
11,4,1,17,46,49,3,2,17,49,2,22,26,3,8,41,42,5,2,8,27,44,46,4,5,27,28,41,6,0,3,4,5,17,27,4,14,24,32,45,3,23,28,29,4,6,7,27,45,4,5,29,36,49
