9,1,2,2,2,5,4,1,2,6,14,4,7,8,10,14,1,2,1,2,1,2,3,5,8,11,5,2,5,8,10,11
10,1,3,3,1,2,8,2,5,8,1,5,4,1,5,6,8,3,1,2,8,2,1,2,2,3,5,3,2,6,8,5,1,3,5,8,10
4,1,8,1,2,1,8,1,2
3,2,0,5,1,8,1,7
3,1,8,1,5,1,2
8,3,3,5,8,3,0,5,13,3,2,6,8,1,0,4,2,3,5,11,4,2,5,6,7,3,1,5,8,4,2,3,4,8
2,2,5,7,1,1
5,1,2,1,2,1,2,1,2,1,2
5,2,2,8,1,8,1,5,1,14,1,7
4,2,5,11,1,5,2,0,7,2,3,8
9,3,3,5,8,2,2,8,2,2,8,2,0,2,2,3,8,3,1,2,10,2,6,8,2,2,6,1,6
9,3,5,6,8,3,2,5,7,3,3,5,8,2,0,8,5,2,3,4,8,11,4,1,2,6,8,1,5,3,3,7,8,3,2,4,5
7,5,2,3,5,7,8,6,2,3,4,5,10,13,4,0,3,8,10,4,1,2,3,8,4,3,6,8,11,4,2,5,6,8,2,5,8
11,3,0,5,8,4,0,3,5,14,3,5,6,8,3,0,2,5,2,2,13,3,2,5,8,3,2,5,14,6,0,1,2,6,8,11,2,5,8,3,1,3,5,2,5,8
7,1,3,1,6,4,2,5,7,8,2,2,8,3,3,7,8,2,3,7,2,2,5
10,2,1,2,1,8,3,1,5,13,1,5,2,3,8,2,2,5,2,8,13,2,5,8,1,8,2,2,8
2,1,8,1,2
13,2,1,10,3,1,6,8,2,3,8,2,2,7,3,3,5,8,2,5,7,1,14,1,7,4,2,3,6,8,2,2,3,2,0,8,2,0,7,2,3,8
6,1,3,1,5,2,1,8,2,3,7,4,2,3,5,10,3,3,5,11
5,1,3,2,5,10,1,2,1,2,1,1
