9,1,8,2,8,27,4,2,8,29,49,4,33,41,45,46,1,4,1,8,1,10,3,27,39,45,6,8,26,34,44,45,46
10,1,23,3,2,5,34,3,28,35,45,1,29,4,3,27,32,42,3,2,6,45,3,2,3,14,2,22,27,3,8,32,42,5,2,17,29,34,45
6,1,45,3,7,39,45,3,5,6,41,2,34,35,3,6,26,27,2,20,46
3,4,1,26,31,39,2,31,41,1,28
4,1,1,2,5,32,1,45,1,5
6,1,20,1,28,1,4,2,39,42,1,23,1,8
7,2,8,27,2,26,39,2,4,46,3,22,44,48,1,28,4,5,27,34,42,2,2,42
1,1,18
6,1,8,1,2,1,8,1,5,1,27,1,5
3,1,27,2,37,49,1,33
4,4,8,26,28,45,1,33,1,39,1,20
10,2,7,17,1,42,1,39,2,8,17,3,5,7,39,2,0,34,3,2,7,45,5,5,17,20,21,24,3,1,8,30,3,17,29,39
5,1,29,2,28,39,1,29,3,24,26,42,2,25,28
9,3,32,39,45,3,5,25,34,2,5,25,5,23,39,41,44,45,4,8,21,33,44,3,17,20,31,3,2,10,29,2,7,42,3,0,7,29
8,6,1,7,24,29,33,45,4,20,28,29,46,3,27,29,49,2,3,42,4,2,28,33,35,4,1,24,25,28,3,17,22,45,3,6,23,45
11,2,22,30,6,2,5,22,27,39,44,4,5,7,37,42,3,8,34,42,1,48,2,28,45,3,2,22,49,2,33,46,5,18,23,29,34,41,3,8,17,27,3,2,42,45
8,2,3,46,2,2,8,3,17,27,46,1,28,2,44,49,3,0,23,26,4,2,19,34,46,1,8
11,2,34,45,2,2,34,2,42,45,1,24,2,26,49,3,4,22,42,2,0,5,2,2,41,3,19,42,44,1,32,2,20,27
13,3,27,29,45,3,8,45,46,2,2,42,1,44,2,3,29,1,3,1,22,2,2,5,2,14,45,2,17,20,4,20,24,27,48,2,5,20,2,17,42
6,1,17,1,27,1,29,2,17,45,2,32,39,3,5,22,43
5,2,23,30,1,29,1,29,1,17,2,2,8
7,1,34,1,45,2,19,27,1,10,2,27,42,1,46,4,2,8,19,45
14,3,20,33,49,3,2,16,45,3,28,33,45,3,3,27,49,3,33,45,46,3,22,29,31,2,6,41,3,17,27,42,3,19,27,35,2,2,33,2,0,28,3,2,28,45,4,2,3,6,49,3,1,10,27
6,1,0,4,23,35,44,45,3,2,11,28,1,27,1,42,2,5,20
10,4,3,28,29,42,5,17,27,28,39,45,6,4,5,7,34,35,42,4,1,22,27,45,5,2,17,27,33,34,3,2,17,45,5,1,3,25,27,32,5,2,8,22,27,44,5,1,5,17,21,37,5,2,5,23,34,35
11,4,1,17,22,29,4,27,39,44,45,2,6,8,3,17,24,44,3,17,27,42,2,3,13,1,39,3,8,23,25,3,6,27,45,5,2,8,27,45,46,4,2,3,27,42
8,1,32,3,2,22,45,2,3,22,3,5,23,44,1,17,2,17,45,2,23,28,3,27,33,45
9,4,1,6,17,31,5,17,19,22,30,45,3,27,34,44,5,8,23,32,42,46,5,22,27,30,34,35,1,37,8,2,6,8,17,19,20,28,34,3,1,31,37,4,17,20,39,43
6,6,0,1,2,10,38,46,4,5,7,42,45,2,20,27,8,0,8,17,26,27,28,35,42,3,1,15,27,2,17,42
11,4,1,17,46,49,3,2,17,49,2,22,26,3,8,41,42,5,2,8,27,44,46,4,5,27,28,41,6,0,3,4,5,17,27,4,14,24,32,45,3,23,28,29,4,6,7,27,45,4,5,29,36,49
4,1,2,2,0,42,2,17,33,1,45
6,2,6,8,3,8,20,29,2,8,39,2,8,42,2,35,45,2,13,45
15,6,0,5,8,17,27,45,1,49,4,35,39,42,46,5,27,28,29,35,45,2,24,45,3,5,32,49,5,3,8,11,22,39,5,3,5,17,24,30,3,2,5,32,4,17,20,23,44,5,5,6,29,33,45,5,14,29,35,41,42,6,2,17,20,29,41,49,5,2,5,8,30,37,2,27,44
6,1,44,2,5,31,2,14,44,2,4,34,1,6,1,43
13,7,4,17,29,34,37,39,45,3,3,5,38,5,6,17,25,30,49,6,3,5,17,28,39,42,5,2,5,17,36,46,5,2,8,24,33,43,7,5,20,25,33,41,45,46,5,2,27,28,39,46,4,2,14,22,32,6,11,17,20,27,28,45,8,0,5,22,24,27,32,35,45,6,1,2,5,7,29,46,5,2,8,14,23,35
5,1,28,3,17,23,45,4,2,17,19,28,4,2,27,39,45,3,8,24,32
5,2,33,34,3,17,28,35,2,22,27,2,22,46,3,3,6,45
11,2,20,42,3,17,44,45,3,0,24,27,3,3,27,34,3,8,27,34,3,8,20,42,3,5,8,25,3,2,29,34,3,17,23,34,3,0,34,39,4,7,17,35,42
15,2,0,17,3,17,33,34,2,29,45,2,2,8,3,33,38,46,1,27,2,2,34,2,32,34,4,6,8,19,28,1,30,3,1,4,49,2,7,8,2,20,37,1,29,1,11
11,1,7,2,39,43,2,2,29,1,20,2,0,27,1,29,6,8,19,25,45,46,49,2,5,42,2,6,19,2,33,44,1,33
10,1,35,3,32,34,45,2,34,39,2,24,30,1,17,2,17,45,3,5,28,42,1,2,2,1,29,3,1,34,42
10,4,5,20,42,45,3,5,32,46,5,8,27,33,39,45,4,3,17,23,46,3,10,22,45,4,8,23,44,45,3,1,13,34,4,1,15,17,45,4,23,26,28,44,4,3,5,17,27
6,2,5,17,2,8,22,3,8,19,29,2,14,47,2,5,39,3,0,45,46
6,2,27,34,3,6,28,46,2,24,45,3,24,27,39,2,37,43,2,1,29
3,1,44,1,40,1,29
13,5,2,34,41,46,49,2,34,41,5,7,17,34,45,46,4,20,27,33,35,1,0,2,5,27,4,8,23,33,45,5,3,8,17,22,25,5,7,20,29,33,42,5,17,32,33,34,42,4,17,27,33,45,4,2,8,28,45,3,2,17,45
11,7,2,8,17,27,28,29,38,5,3,17,32,38,46,7,1,2,3,5,7,27,34,2,17,22,4,2,8,20,46,5,0,29,39,43,49,3,33,37,42,3,8,17,34,4,1,7,14,32,3,5,17,27,2,1,2
7,1,44,1,44,1,1,3,2,20,34,2,1,5,3,8,20,27,2,5,8
6,2,5,29,1,45,2,27,46,2,19,27,6,5,6,8,17,27,46,3,5,25,29
7,1,45,1,24,3,8,20,29,1,22,1,34,1,24,1,46
10,5,2,8,14,25,35,7,3,5,17,34,45,46,49,5,2,32,34,44,45,5,22,28,29,34,44,5,7,17,20,39,49,3,27,42,45,5,0,7,8,30,45,5,17,27,29,34,42,5,23,27,33,34,45,5,2,17,22,26,39
7,3,5,33,44,2,7,26,1,8,1,17,1,24,1,7,2,5,25
16,2,39,45,1,2,2,32,33,1,49,2,19,45,2,20,30,3,17,39,42,4,5,6,34,36,3,20,23,27,1,45,1,8,2,26,41,1,2,2,0,30,2,25,29,2,24,35
3,1,34,1,14,1,8
3,1,17,1,44,1,8
11,6,3,20,33,42,44,46,4,23,29,37,45,6,0,2,3,23,32,42,7,2,5,6,22,27,40,49,5,4,32,33,44,45,6,1,2,8,26,27,34,5,28,33,34,42,43,7,3,4,6,7,27,29,45,6,1,3,6,8,27,42,7,6,8,26,33,34,45,49,6,0,1,22,33,34,43
9,3,20,25,39,2,23,27,2,34,42,3,27,34,39,2,35,49,2,27,37,2,1,34,3,5,35,46,1,7
14,7,2,27,30,34,35,39,45,1,27,8,2,8,17,22,26,28,33,45,6,2,3,6,14,17,27,5,2,27,32,37,39,3,24,42,45,4,7,8,17,32,3,1,27,45,5,2,5,27,41,45,3,11,42,46,6,2,3,5,6,34,46,5,2,7,17,19,45,7,5,7,8,25,27,33,35,5,14,22,26,28,29
7,3,5,16,17,3,2,44,45,4,3,17,24,28,3,2,17,27,4,1,2,32,46,2,1,17,1,35
7,1,43,1,14,1,49,1,42,1,3,1,17,1,33
4,1,1,1,27,2,5,29,3,8,34,35
8,3,8,20,32,3,19,29,46,6,2,3,6,17,26,29,3,17,22,27,3,27,42,49,2,20,31,3,2,18,34,4,6,33,48,49
13,2,8,27,2,7,34,2,2,5,3,14,25,32,3,1,38,45,2,27,33,2,17,35,2,26,27,1,37,2,1,26,2,17,28,2,29,43,2,8,22
4,4,2,8,22,39,2,0,42,2,3,27,2,42,45
6,4,27,42,43,45,4,5,8,17,34,3,27,34,46,5,17,42,45,46,49,8,1,14,17,27,32,34,35,44,4,1,5,42,46
4,1,32,3,1,27,49,1,2,2,23,33
12,4,3,26,45,49,1,2,5,3,6,25,28,45,8,8,17,20,28,29,37,45,46,4,8,27,30,32,5,7,17,24,27,44,5,17,24,25,27,34,4,14,20,30,45,1,27,3,5,22,27,3,8,13,23,3,8,27,42
16,2,30,45,2,7,43,2,43,45,2,39,45,2,1,10,1,45,3,5,13,34,1,29,2,6,32,2,1,24,2,1,45,3,5,45,46,4,8,27,35,42,3,6,45,49,1,14,4,10,14,28,29
6,1,23,1,23,2,3,45,2,39,45,5,5,8,21,26,49,4,17,20,27,31
7,4,7,17,19,20,1,13,3,27,39,42,4,14,34,43,44,3,7,17,29,3,6,8,28,2,22,26
11,2,1,39,1,0,4,7,17,23,45,4,3,26,32,39,1,8,1,17,2,17,42,2,2,35,1,45,2,34,45,4,3,26,27,46
10,2,1,5,3,2,6,45,3,1,17,33,6,5,22,25,29,33,45,2,6,33,2,17,42,1,48,1,5,2,7,41,4,20,27,33,49
7,4,2,17,23,27,5,17,23,29,32,39,3,20,42,45,4,16,30,32,45,4,8,32,42,45,4,2,3,4,29,6,1,17,20,35,41,45
7,1,34,2,17,20,3,27,33,35,3,2,22,23,1,45,1,42,1,43
8,3,23,27,29,3,6,8,45,2,7,8,1,46,2,24,41,3,1,37,44,7,5,22,27,35,38,41,43,3,5,33,44
7,2,41,45,2,17,34,3,2,35,49,4,6,17,22,33,3,6,32,39,4,17,27,28,35,3,1,2,17
7,7,2,5,6,8,22,26,45,6,2,3,17,26,33,42,8,2,3,6,20,28,29,42,46,3,8,34,44,7,0,3,8,17,19,27,28,4,36,39,43,46,3,38,41,45
7,1,49,1,8,1,10,1,27,1,22,3,6,26,34,2,5,46
11,2,6,34,3,2,46,48,2,2,49,1,33,2,27,46,1,27,2,8,42,2,17,18,1,42,4,17,28,35,37,3,8,29,32
8,3,27,34,39,3,17,20,45,1,41,2,23,25,3,2,8,17,3,2,28,45,3,8,23,27,3,2,17,30
9,2,27,43,1,49,1,27,2,6,46,1,45,4,17,28,45,47,2,8,45,1,29,1,23
12,3,7,17,22,4,2,20,27,44,3,18,27,45,3,3,27,49,3,17,29,32,5,5,17,26,28,45,2,2,43,7,2,20,24,27,29,42,46,1,27,2,28,43,3,29,32,45,4,2,8,27,43
4,6,2,5,8,11,27,42,3,4,24,27,2,38,41,3,1,4,49
9,3,27,29,34,1,44,4,27,28,29,32,2,39,45,1,16,2,5,21,2,22,28,2,1,20,3,17,29,33
6,5,18,24,27,32,39,4,23,27,45,49,4,1,8,32,41,3,26,28,46,3,2,4,45,3,2,10,44
11,4,8,17,22,33,2,23,39,3,8,34,45,5,1,18,33,45,49,4,2,13,35,42,4,27,28,41,45,7,10,17,20,22,27,28,34,5,27,28,33,34,45,7,5,7,8,23,30,41,45,4,17,20,27,31,2,2,45
14,2,5,24,2,7,8,3,22,29,43,1,6,2,2,17,5,20,22,23,35,45,3,22,33,35,3,19,27,28,7,2,24,27,41,43,45,48,2,20,23,5,3,5,19,22,24,2,17,30,5,2,8,17,18,33,3,11,28,42
11,5,26,27,28,39,42,8,2,3,8,13,19,45,48,49,2,2,46,4,2,34,39,45,5,3,6,8,17,27,5,1,5,27,29,42,3,2,20,23,5,5,8,27,32,44,6,2,8,17,28,29,49,5,5,6,24,31,47,4,2,39,42,45
14,4,5,6,17,46,2,8,28,3,2,23,29,2,5,34,3,2,24,44,4,2,28,29,44,2,34,48,4,22,35,42,46,5,2,8,17,20,39,5,3,6,8,29,46,3,24,27,29,2,32,49,2,27,49,4,5,7,8,36
7,2,2,27,4,7,23,42,45,1,34,1,17,1,27,3,5,29,45,1,46
12,1,8,3,6,27,45,2,46,49,2,27,45,2,2,3,3,4,34,46,2,7,17,3,3,27,42,1,5,2,2,35,1,35,3,1,23,26
5,1,44,1,5,2,0,27,1,1,3,7,22,25
10,5,2,27,28,34,45,2,23,45,2,3,45,2,2,34,1,27,3,1,8,32,3,7,20,28,2,27,45,3,23,33,44,2,2,35
10,4,8,17,29,33,4,2,5,20,22,4,8,17,27,41,3,8,27,46,3,14,32,45,5,7,17,45,46,49,7,1,2,8,32,42,44,45,2,42,45,4,19,33,35,44,2,33,39
9,1,19,3,5,10,11,6,17,27,32,39,41,43,2,17,32,4,26,27,39,46,3,28,39,42,5,8,17,27,33,45,3,2,23,27,1,20
10,3,0,32,35,1,5,2,23,46,4,2,5,22,45,5,3,6,26,27,46,3,7,20,34,3,1,8,39,3,2,31,46,3,8,27,39,3,4,42,45
12,1,46,1,45,2,5,27,2,2,27,2,7,33,2,27,45,3,0,35,45,1,45,2,5,17,2,5,44,4,20,23,27,30,2,8,29
10,3,1,27,45,1,45,4,2,29,39,46,2,2,24,2,22,27,1,3,4,8,22,27,44,4,7,8,25,34,3,29,33,34,2,3,49
