36,2,3,39,2,8,45,1,7,1,41,2,11,42,3,5,8,39,3,27,34,39,3,35,46,49,4,29,31,41,46,2,2,29,1,8,1,28,3,2,6,45,1,32,1,6,2,5,32,3,14,23,45,1,27,3,8,29,45,2,2,8,2,22,42,3,28,34,46,4,17,34,41,46,2,2,11,5,4,5,11,28,32,1,4,2,17,45,3,2,10,32,1,27,3,17,33,45,4,2,27,34,39,1,29,2,44,45,2,22,42,1,29,3,2,27,39
32,5,18,28,29,42,45,3,17,27,42,3,20,44,48,3,27,28,44,3,2,28,32,1,8,5,8,25,26,34,45,3,6,7,39,2,5,28,5,5,7,27,34,39,3,0,3,41,4,4,26,27,45,3,2,7,45,2,2,29,3,25,28,34,4,3,34,42,49,3,20,28,33,3,5,13,27,3,1,8,22,2,8,33,3,2,5,42,3,2,22,24,5,24,26,27,32,33,4,13,29,39,42,1,4,1,44,4,17,27,31,34,3,17,28,45,2,14,29,1,30,3,1,2,39,3,20,31,37
38,3,1,17,27,6,2,7,8,27,30,45,4,2,27,37,39,4,7,33,44,45,4,2,22,26,45,3,27,42,44,3,22,39,49,2,28,42,3,8,27,44,5,20,28,29,35,49,1,42,3,20,29,33,3,20,44,46,4,2,5,29,42,2,17,34,4,24,41,44,45,3,2,28,35,2,2,17,1,33,3,6,8,17,4,1,8,25,41,3,8,41,43,1,23,6,7,18,25,27,29,48,3,10,17,27,2,2,3,5,2,3,8,42,45,8,0,8,22,27,29,34,42,45,2,14,42,4,5,8,28,45,2,19,46,3,2,23,41,3,8,13,26,2,6,23,3,2,27,46,2,19,44,2,24,45,4,1,28,42,45
31,2,29,45,3,30,32,34,2,8,45,6,2,8,34,39,45,46,2,2,23,2,26,27,2,44,45,2,20,45,3,3,27,34,2,17,45,1,17,2,22,49,2,2,45,3,2,32,42,2,22,41,1,20,2,29,33,2,27,29,4,2,6,22,45,1,17,3,4,14,17,1,42,1,22,1,2,4,5,24,28,48,2,6,14,3,0,2,5,3,0,17,46,2,33,42,2,5,43,3,19,27,45
19,2,46,49,2,19,27,3,0,8,20,2,28,45,3,23,34,42,4,2,26,29,45,4,6,22,27,34,3,1,2,33,3,3,11,41,3,10,27,31,2,0,33,2,17,42,2,28,29,1,8,2,28,35,1,5,1,33,2,2,27,1,2
23,1,27,1,45,3,5,11,28,1,29,1,0,1,29,1,27,1,2,1,5,1,4,1,27,1,17,1,5,1,33,1,42,2,17,42,2,17,28,2,20,23,2,5,35,1,32,2,8,22,3,17,37,45,1,42
25,2,28,29,5,17,27,33,39,44,3,3,5,42,4,27,28,32,45,3,13,22,35,3,3,34,39,1,39,3,22,30,42,5,1,2,22,33,34,3,8,23,33,5,23,27,43,44,45,2,27,39,3,26,44,45,1,2,3,0,7,45,3,2,25,34,3,27,33,45,1,7,4,5,17,21,22,2,25,28,3,27,28,44,3,2,17,31,5,3,6,27,45,46,1,34,4,8,17,24,34
21,2,17,19,1,27,1,34,1,30,1,27,2,0,17,2,1,6,1,24,1,22,1,45,1,0,2,3,34,1,37,1,27,1,44,1,31,1,37,2,0,27,2,8,17,3,2,20,35,1,20
23,5,0,2,27,38,46,1,42,2,5,42,1,45,1,27,1,0,1,1,2,2,27,3,2,27,46,2,33,35,1,27,1,27,1,27,1,1,3,7,17,42,1,20,1,1,1,2,2,8,24,1,42,2,28,29,2,1,39,2,16,17
16,2,17,41,1,6,3,1,4,46,2,17,42,1,27,1,5,2,8,44,1,49,1,5,1,49,1,3,1,17,2,5,41,2,20,29,1,26,1,7
