10,3,2,8,23,2,0,17,2,3,8,4,5,16,19,22,1,22,2,5,16,1,17,2,5,24,1,13,3,1,5,14
10,1,11,2,3,19,3,3,8,17,3,1,20,23,4,1,8,16,22,2,3,5,2,2,20,2,1,7,2,17,23,2,19,22
5,2,2,20,5,2,5,20,22,24,3,6,8,13,2,2,6,3,6,17,22
4,2,0,3,2,7,8,2,7,19,1,5
4,2,7,8,2,3,14,3,3,14,23,2,4,17
6,3,3,19,23,1,2,1,0,1,8,1,3,1,19
8,3,3,11,22,6,1,2,5,6,7,24,2,7,23,1,20,2,1,6,3,1,8,21,3,5,16,24,3,5,17,24
5,1,17,1,6,1,6,2,2,6,1,3
5,1,8,1,19,3,0,2,24,1,2,1,17
2,1,13,1,24
4,2,2,5,1,0,3,2,8,17,2,2,22
8,2,0,23,3,8,17,19,2,5,24,1,8,3,0,3,20,3,8,17,20,1,2,2,1,8
5,2,1,23,2,1,17,1,14,3,2,6,19,5,0,2,3,8,17
9,4,5,13,14,17,5,2,3,5,7,20,1,5,3,22,23,24,1,17,3,2,17,23,2,6,7,2,1,8,3,2,3,20
8,2,2,5,3,0,8,10,2,2,17,4,2,3,6,17,3,8,17,23,4,3,7,14,20,2,5,22,4,1,3,8,17
11,1,4,4,1,3,6,17,5,2,3,5,6,17,3,1,23,24,1,22,2,20,23,2,2,5,3,1,17,19,3,2,17,20,3,8,13,19,7,0,1,5,14,20,22,23
7,4,2,5,8,23,1,24,3,3,8,10,1,23,1,2,1,8,2,2,8
11,2,8,23,3,6,10,20,2,4,17,2,3,10,2,3,8,1,17,2,6,24,3,1,17,23,1,8,2,0,8,3,3,4,22
1,1,8
14,4,4,5,10,23,1,0,1,2,1,23,6,5,6,10,14,20,23,2,16,17,2,2,17,3,2,8,20,1,24,3,1,3,17,1,2,3,2,6,23,2,8,24,4,2,3,6,13
7,1,23,3,3,4,17,3,2,17,22,2,17,19,2,2,20,2,3,8,3,2,17,23
4,1,20,2,5,13,1,8,1,17
8,3,2,3,6,1,17,1,2,1,17,1,5,1,3,1,2,1,0
14,2,2,8,2,2,3,2,13,23,2,5,17,5,2,3,6,14,23,2,3,17,4,1,8,17,24,3,2,13,24,5,1,7,8,17,22,2,17,22,5,2,6,8,20,22,2,17,20,4,0,2,17,21,3,8,19,20
6,2,1,8,2,3,6,2,7,8,1,2,2,17,19,2,3,7
10,5,3,6,10,17,20,5,1,2,3,11,17,7,5,6,11,17,20,22,23,2,7,23,2,3,23,6,0,2,3,5,8,20,6,0,5,8,17,22,23,3,2,6,17,4,5,9,12,20,10,1,3,5,6,8,13,14,17,19,23
12,4,1,3,8,17,4,0,2,3,16,2,0,17,6,3,10,11,17,22,23,2,5,10,4,0,7,8,17,1,6,2,2,24,2,2,24,3,17,22,23,5,1,2,3,6,7,2,17,19
8,3,7,8,24,1,22,1,19,2,5,10,1,0,2,17,22,1,10,3,0,2,5
9,3,3,5,17,3,6,8,20,5,2,8,17,20,22,4,0,17,22,24,3,1,2,8,4,2,5,7,17,4,0,5,7,20,4,1,3,17,20,3,2,14,17
6,4,1,3,4,14,4,0,5,17,19,3,1,2,8,4,5,6,23,24,3,1,5,8,4,3,13,17,23
11,4,2,4,20,24,6,2,3,5,6,17,23,3,1,17,20,2,17,20,3,6,8,10,4,0,14,17,23,3,0,2,22,3,2,7,8,3,2,8,24,6,1,6,7,8,17,22,4,3,6,14,23
6,2,2,23,3,6,10,20,2,0,5,1,0,1,20,1,8
9,2,1,23,1,3,2,5,17,1,1,2,2,17,3,17,19,23,4,8,14,17,19,2,19,23,1,3
15,5,0,1,6,8,19,7,0,1,2,8,9,17,24,3,1,4,13,4,2,5,22,24,6,1,2,3,8,20,24,3,17,20,23,3,0,5,20,6,4,5,6,16,17,19,3,11,17,20,1,20,1,1,5,2,4,13,17,19,2,2,23,3,5,8,24,6,1,3,4,5,7,8
5,4,2,4,13,23,1,8,2,2,8,1,17,1,17
13,4,2,5,6,8,6,3,5,8,17,22,23,4,3,17,20,23,3,8,13,23,8,2,3,4,5,6,13,22,24,5,2,6,7,8,10,7,0,8,13,17,19,23,24,4,2,5,7,17,5,2,5,7,17,24,1,21,8,3,5,7,8,14,16,19,23,5,1,2,3,4,23,3,17,23,24
5,1,2,3,0,5,20,3,2,3,22,3,3,17,19,5,1,2,8,10,23
5,3,8,16,23,3,7,8,17,2,0,20,2,2,8,1,18
11,3,15,22,23,2,8,20,3,3,20,24,1,0,6,0,1,7,9,17,22,3,1,6,8,1,22,2,17,19,2,1,3,3,2,5,17,2,13,24
13,2,6,8,4,5,6,10,20,3,2,13,24,2,17,21,1,3,2,0,2,3,7,17,20,2,17,21,2,11,19,2,5,8,2,17,20,1,23,1,22
10,1,1,2,1,20,1,2,2,0,2,2,17,20,1,5,5,1,5,8,17,23,4,3,10,17,23,2,2,17,1,3
11,2,5,11,1,3,2,13,23,3,5,20,22,2,6,22,2,17,23,2,2,17,2,17,23,2,8,23,3,2,4,8,3,7,19,23
10,4,0,5,17,24,3,1,2,19,4,1,2,5,17,5,1,3,5,17,22,4,6,14,17,22,4,2,5,19,23,5,2,3,4,5,17,5,2,3,5,18,22,4,2,19,20,22,1,6
6,3,1,8,19,5,1,2,3,17,22,1,2,2,0,17,3,2,17,19,1,1
6,1,17,2,17,24,5,5,6,10,14,20,4,3,7,13,17,1,5,2,2,24
7,2,1,8,1,17,1,1,1,22,1,2,1,17,2,8,17
13,4,2,5,14,17,3,1,8,17,2,4,5,4,5,8,13,23,4,1,5,17,20,5,2,3,5,7,23,5,4,7,8,17,23,2,2,20,3,2,6,8,4,0,2,16,22,6,1,3,5,7,14,17,6,3,5,8,19,20,23,4,1,2,3,23
12,2,19,20,6,3,4,6,17,20,23,5,1,5,6,17,21,4,6,10,17,19,4,2,3,5,8,5,7,10,17,19,23,4,0,1,6,17,6,1,3,8,17,19,23,5,2,3,6,23,24,2,17,24,2,3,22,3,2,22,24
8,2,8,17,2,0,17,1,17,2,5,8,2,3,10,1,17,2,8,17,2,14,22
5,1,5,3,2,8,22,2,6,23,5,3,8,9,17,19,3,8,17,20
6,1,22,1,8,1,0,1,13,3,0,2,3,1,16
10,3,1,6,17,3,2,8,23,4,5,8,10,23,8,2,3,5,8,10,14,17,23,4,2,3,8,20,3,2,8,22,5,2,3,5,17,23,1,2,7,0,1,3,7,8,23,24,5,1,3,8,14,17
7,1,2,4,2,17,22,23,2,2,3,5,2,4,6,17,20,1,22,1,7,1,17
14,2,17,23,3,2,20,22,2,2,5,2,3,5,3,2,3,17,3,16,17,19,3,5,17,20,2,3,17,2,6,24,2,3,24,3,2,8,17,2,5,7,2,1,20,3,6,17,22
4,1,11,1,2,1,2,2,5,17
2,1,17,1,8
11,8,3,6,7,8,15,17,21,23,5,3,7,8,14,17,5,2,3,17,20,23,7,2,3,8,13,20,22,24,5,2,4,7,8,17,5,1,3,5,8,23,5,1,5,8,17,24,4,0,2,3,23,4,1,5,17,23,8,3,5,6,11,13,17,19,23,7,0,2,8,10,13,22,23
11,3,3,8,17,1,21,2,5,17,2,5,20,2,1,6,1,17,1,1,2,2,20,1,2,2,3,17,2,5,17
14,5,5,6,8,23,24,5,1,3,10,13,17,4,6,8,19,22,6,0,2,8,10,22,24,4,2,5,8,22,5,2,5,17,19,24,6,1,2,3,5,7,22,1,8,4,8,17,20,21,7,2,3,7,8,17,20,23,4,3,11,16,17,4,3,8,17,22,4,5,8,17,22,5,2,8,17,19,22
7,4,2,17,22,23,3,0,5,17,5,1,8,10,17,23,5,2,4,8,17,23,4,6,20,22,23,5,0,2,6,19,20,6,5,8,11,14,17,22
5,2,5,23,1,8,2,6,23,1,20,1,8
10,2,5,14,4,1,5,6,8,1,20,1,8,1,1,3,4,5,19,2,5,14,3,0,3,8,3,17,22,24,2,5,8
8,5,8,10,14,17,22,3,6,16,23,4,11,16,17,22,6,1,5,8,15,16,17,5,2,8,13,23,24,2,5,23,4,7,8,14,23,5,1,5,8,19,22
13,3,0,1,22,1,2,2,7,21,1,2,3,6,10,20,1,17,2,8,17,1,3,2,2,20,1,13,3,14,18,24,4,2,5,17,20,2,2,22
4,3,0,4,20,2,5,8,1,8,2,3,20
6,3,0,3,17,4,2,5,17,19,6,1,5,10,13,17,19,2,5,20,3,5,8,23,3,1,2,3
2,2,2,17,1,21
12,3,1,6,17,3,2,16,20,4,10,17,22,23,3,2,8,22,4,2,3,6,17,2,14,20,5,1,2,3,8,20,5,2,5,14,19,20,6,1,2,6,8,11,17,6,8,14,17,20,23,24,3,4,5,17,5,2,5,8,17,22
18,2,8,20,2,11,22,3,11,22,23,1,2,2,2,7,3,8,10,21,2,2,17,2,8,20,1,2,2,0,17,2,1,10,2,7,24,2,8,19,2,5,17,1,8,3,1,21,24,2,1,24,2,4,23
7,1,2,2,8,23,2,11,23,2,23,24,1,2,2,2,3,3,2,17,20
7,3,5,8,22,1,5,3,4,5,8,3,2,8,20,3,0,8,23,1,12,2,2,22
11,3,2,5,15,3,0,19,23,1,17,2,2,5,2,5,23,2,0,5,1,2,2,0,2,5,3,5,6,22,23,1,2,3,6,8,17
11,3,2,3,8,3,2,5,17,2,0,17,4,0,3,17,23,2,8,13,4,2,3,5,13,3,5,20,22,3,1,2,23,1,2,2,17,22,2,5,8
8,4,5,7,14,20,4,3,5,8,23,4,3,6,14,22,4,2,3,8,9,5,5,6,8,17,24,3,7,17,23,5,0,2,3,5,17,6,1,7,8,10,14,17
6,1,3,3,2,5,7,3,0,6,23,2,17,23,1,8,2,1,17
7,2,5,23,3,2,8,17,2,7,19,4,2,8,17,23,5,5,7,8,10,24,3,2,19,22,3,2,5,19
6,4,3,10,14,20,1,1,3,2,8,20,2,23,24,2,6,7,1,5
7,4,0,5,17,24,4,0,2,17,22,5,1,2,17,21,23,3,5,8,10,7,3,4,5,8,14,17,20,5,1,3,6,13,23,5,1,2,8,19,20
6,1,8,1,17,1,17,1,16,1,2,1,17
10,2,17,23,1,2,2,2,4,2,5,14,3,0,5,8,1,8,2,5,17,1,3,1,2,1,24
9,1,8,3,3,5,23,4,2,5,13,23,3,1,22,24,2,2,22,4,0,5,8,20,2,8,19,3,2,5,14,4,1,2,22,23
7,1,2,1,23,3,5,7,8,1,2,2,5,8,1,18,2,2,5
12,3,8,22,23,4,1,2,4,19,1,2,2,5,17,3,2,3,17,3,4,8,20,4,0,1,8,23,3,11,17,22,3,7,22,24,4,2,3,6,24,5,1,3,8,19,23,2,2,8
1,1,3
10,2,5,10,3,2,5,7,1,8,3,5,17,24,1,23,1,4,3,2,8,17,2,8,17,3,20,22,24,3,1,8,17
6,4,0,3,20,23,3,2,8,19,6,1,3,5,14,17,23,3,0,2,24,2,8,17,2,2,8
10,4,2,8,16,23,6,0,2,10,20,22,23,3,2,5,21,4,2,5,6,17,5,2,6,20,22,23,4,1,2,6,23,4,3,5,17,24,4,2,8,12,17,5,2,8,20,23,24,4,1,13,17,20
14,5,1,6,7,19,20,1,4,2,3,8,2,5,17,4,3,10,21,22,3,3,17,23,3,0,4,8,3,8,10,17,1,13,6,0,2,7,8,14,20,3,2,23,24,2,0,8,2,5,23,4,2,5,13,17
11,7,0,5,6,10,14,17,20,7,2,4,5,7,8,10,23,4,1,5,17,22,5,2,3,5,17,20,2,2,17,2,0,24,4,2,5,19,23,7,2,3,5,8,10,17,22,6,0,1,6,8,17,20,6,1,2,3,6,17,23,4,5,14,17,20
14,2,3,5,5,1,5,8,22,24,2,2,17,6,1,2,7,19,20,22,1,7,2,5,17,3,2,8,17,2,1,9,6,7,8,14,17,22,24,1,17,4,0,2,20,23,2,5,17,4,3,5,8,11,2,5,20
9,1,8,3,10,17,23,1,3,1,2,1,8,2,2,20,1,0,1,1,1,22
11,1,0,2,6,14,2,17,23,2,2,13,2,8,24,1,3,1,2,1,20,4,0,3,8,17,4,5,8,19,23,1,6
5,1,5,3,4,5,17,1,17,1,5,4,3,5,7,17
10,4,7,8,17,23,1,22,3,2,7,8,1,17,1,7,4,5,8,19,20,6,0,3,6,10,13,17,4,2,3,17,23,3,1,5,17,3,8,14,22
10,7,2,4,5,6,8,17,20,5,3,5,10,17,23,1,23,4,0,2,14,17,3,5,8,23,3,2,5,8,5,2,3,22,23,24,4,2,8,17,19,4,1,2,8,17,3,1,2,6
9,3,0,5,10,3,6,17,23,3,0,20,23,3,14,17,23,3,2,3,8,2,5,8,1,0,3,1,4,23,1,8
10,3,2,3,14,5,3,5,8,23,24,4,17,22,23,24,1,19,2,5,23,6,3,5,6,7,19,24,2,17,23,4,2,3,8,17,3,3,5,8,1,14
1,1,23
10,4,3,6,17,22,2,2,17,1,5,1,16,1,7,1,2,3,0,6,8,3,1,2,23,3,14,17,24,2,3,17
10,3,1,3,8,2,1,3,2,16,17,4,2,3,5,10,2,5,7,3,0,7,17,2,2,4,2,6,23,3,6,20,22,5,1,5,6,7,20
9,3,6,19,20,5,2,7,8,17,24,1,4,4,8,17,20,23,3,8,17,22,3,1,2,20,4,3,7,8,10,6,1,2,3,10,19,24,2,2,8
14,5,6,8,13,17,24,5,2,7,17,22,23,3,3,22,23,4,1,2,8,13,2,1,23,4,5,8,17,24,2,13,20,4,0,2,22,23,4,2,3,7,23,5,1,3,6,8,17,5,2,3,7,17,23,4,3,20,22,23,6,2,5,6,8,10,14,4,8,13,17,20
11,3,0,3,19,4,0,8,20,23,1,8,2,2,4,4,2,7,8,17,5,2,17,22,23,24,1,20,1,1,2,8,17,1,5,1,3
7,1,17,2,2,21,1,2,1,3,2,2,17,1,6,1,0
6,1,23,2,3,17,3,0,3,19,2,3,17,2,0,23,3,3,5,22
10,2,5,11,1,22,1,1,3,17,22,23,3,2,8,23,3,1,5,23,4,2,10,11,17,3,1,17,23,1,20,1,17
10,3,3,14,22,3,2,19,24,3,5,10,17,3,3,4,17,3,0,17,20,3,1,8,10,4,5,17,23,24,4,2,7,20,23,1,8,3,0,20,22
6,1,8,2,3,14,3,2,5,17,1,8,1,2,1,3
6,2,8,11,3,1,20,22,1,17,2,3,9,1,23,3,3,5,16
6,2,2,22,3,8,14,23,2,8,20,2,17,19,1,17,2,0,24
8,4,3,5,8,10,4,3,5,14,17,4,8,10,17,22,4,3,17,20,22,2,17,23,2,13,22,5,8,14,17,20,23,4,1,2,17,24
9,6,2,3,7,17,22,23,3,2,4,22,6,0,1,5,17,18,22,4,3,6,7,23,4,2,7,8,17,4,0,2,17,19,6,1,2,5,14,17,23,6,0,3,5,6,8,23,6,0,6,8,17,22,23
6,2,8,19,2,0,1,1,3,2,6,8,4,0,2,10,17,2,2,3
6,6,0,1,8,17,19,24,4,5,8,19,23,4,3,8,17,23,4,5,6,14,17,5,0,5,14,17,22,3,2,5,22
8,2,8,9,2,3,17,1,14,1,16,1,2,2,2,3,2,2,22,1,5
6,3,0,5,8,3,1,19,22,5,4,7,8,16,21,8,5,6,7,8,13,17,22,24,5,2,8,17,19,22,5,2,3,8,10,14
11,2,1,5,2,2,17,2,16,20,2,8,23,2,14,17,1,20,1,7,3,8,17,21,3,4,8,17,2,6,24,2,3,17
4,4,1,2,11,24,4,0,3,8,17,5,2,3,5,10,23,3,1,19,23
13,2,1,2,3,0,2,5,2,5,10,3,2,14,23,2,17,23,2,16,23,3,0,10,17,2,8,17,1,23,2,1,8,2,17,23,1,17,2,2,3
5,3,2,8,23,4,2,3,4,8,3,2,8,17,5,3,5,6,19,22,3,5,17,20
5,2,5,8,2,5,17,1,6,2,3,8,1,0
9,4,3,5,8,17,3,2,3,4,6,0,1,3,5,7,8,3,2,5,8,2,7,17,5,3,5,7,8,24,2,17,23,3,8,17,20,4,3,5,18,23
11,1,17,4,6,7,10,20,1,23,1,17,3,2,5,20,2,4,22,1,24,2,20,24,2,5,13,2,2,3,2,3,8
8,3,0,10,17,2,2,17,4,0,2,4,17,5,2,6,17,23,24,2,2,8,3,1,8,17,3,0,6,23,3,1,3,13
9,4,1,4,5,17,4,6,7,16,23,6,3,5,6,8,17,23,5,1,5,7,8,17,3,0,8,22,3,5,17,22,5,4,5,13,19,23,1,16,4,3,7,10,23
7,2,17,20,5,2,3,5,8,23,4,2,17,22,23,3,3,21,23,3,2,7,8,3,0,2,3,3,3,5,20
7,1,17,1,19,1,2,2,0,14,1,7,3,2,8,24,1,24
1,1,2
9,6,0,2,4,7,8,19,4,3,8,17,23,4,17,19,20,23,5,6,7,8,19,23,2,1,17,2,19,23,2,8,23,6,0,7,8,17,18,23,3,4,14,17
12,2,8,22,3,5,10,23,6,0,1,7,17,23,24,3,2,5,21,2,2,18,1,8,1,16,1,2,2,6,23,1,3,2,2,17,1,6
14,2,4,5,3,2,7,17,4,1,7,17,22,5,1,8,17,22,23,2,4,20,4,2,6,16,20,2,2,21,5,0,8,10,19,24,6,2,8,14,17,19,22,5,3,6,8,19,20,5,0,8,10,19,20,4,5,8,19,20,3,1,2,8,5,0,11,20,22,24
5,2,1,2,3,2,17,22,4,2,3,19,22,2,2,17,1,24
7,1,17,1,0,1,8,3,0,7,14,1,13,3,4,17,24,2,8,24
10,5,0,2,3,4,8,1,17,5,2,5,17,20,22,3,2,4,22,2,2,16,3,5,17,24,3,8,10,17,5,1,17,20,23,24,3,3,8,17,2,5,8
7,3,3,6,17,2,6,17,1,5,1,5,1,2,1,19,1,3
7,1,4,1,8,1,8,1,23,2,8,17,1,2,1,3
10,1,19,3,0,6,17,1,2,2,2,7,2,17,22,4,0,2,17,22,2,4,17,3,2,20,23,2,8,17,4,0,6,17,23
5,2,5,22,2,17,24,1,20,2,2,22,1,8
6,1,3,3,2,7,17,3,2,5,8,1,8,4,2,5,23,24,3,2,17,22
11,2,1,3,2,2,20,2,0,17,3,4,8,17,3,8,17,23,2,10,22,3,3,14,17,1,8,1,22,1,3,2,1,8
9,2,8,17,3,0,3,24,4,0,5,16,17,5,0,2,17,19,24,4,2,5,20,23,1,17,2,1,24,3,2,5,14,4,2,17,20,22
13,6,1,3,5,8,14,17,2,2,24,3,5,8,13,4,3,5,8,17,4,4,8,10,20,4,6,7,20,22,2,12,24,3,2,8,19,6,1,2,8,17,19,22,2,3,19,4,2,8,17,19,5,1,2,17,20,24,4,3,5,17,23
13,3,5,14,20,4,5,17,23,24,5,2,11,17,19,23,1,17,2,5,8,4,1,3,7,23,3,0,1,2,2,0,1,4,2,5,8,23,3,3,5,23,1,19,5,3,5,6,8,23,2,8,22
13,2,2,24,4,2,6,17,23,2,8,20,4,2,20,22,23,5,2,3,5,8,19,3,3,17,23,2,6,20,4,2,5,17,23,3,6,7,23,3,2,14,17,5,0,3,6,7,20,2,1,17,2,5,17
8,5,3,5,7,17,23,10,2,3,4,5,8,10,16,17,22,23,6,2,6,8,17,22,24,7,1,3,17,20,22,23,24,5,1,10,17,20,23,7,3,5,7,17,19,22,24,6,0,2,5,8,23,24,8,1,2,3,11,17,19,22,23
9,3,2,5,13,3,6,19,23,2,2,23,2,2,19,1,24,2,7,12,4,2,3,5,23,4,1,8,20,24,1,3
13,3,1,18,20,2,8,23,2,7,8,6,3,5,17,19,20,23,2,0,22,1,2,3,7,8,17,4,4,5,8,16,2,20,22,2,0,17,2,16,23,4,1,2,7,8,3,5,8,23
6,1,4,2,17,23,2,8,23,1,24,2,2,3,2,16,17
13,3,5,8,23,3,2,10,23,5,6,8,10,17,20,2,3,17,6,1,6,8,17,19,23,5,1,5,17,23,24,2,2,20,5,1,3,8,14,16,2,2,17,2,2,22,6,5,6,14,17,22,23,4,2,5,8,17,4,0,5,8,17
10,4,3,5,6,23,5,1,2,17,20,22,4,0,1,8,17,6,0,1,5,6,8,17,4,3,7,10,23,1,22,2,2,3,3,1,8,17,2,17,23,1,8
9,3,5,6,24,3,2,17,22,2,2,5,3,5,7,10,2,8,17,2,1,17,3,4,6,17,3,0,6,8,5,2,7,17,20,22
4,1,22,1,8,1,2,1,23
7,4,2,7,8,22,3,2,8,23,3,2,17,21,5,2,5,17,22,23,1,13,4,2,14,19,22,2,2,5
4,3,1,11,22,3,5,6,8,2,3,20,3,0,5,23
11,3,0,2,13,3,3,5,22,5,2,6,17,22,23,3,2,17,24,4,8,17,19,20,3,2,13,20,3,5,17,23,3,5,17,23,3,0,2,3,2,8,17,3,0,3,6
6,1,19,1,4,1,5,2,0,8,1,23,1,8
10,3,0,1,17,2,8,17,3,2,3,14,4,1,2,3,8,2,3,8,4,2,5,17,24,3,1,2,6,3,7,8,17,3,2,8,24,3,2,5,17
11,4,5,8,17,24,1,10,4,4,5,23,24,1,13,2,6,23,3,17,19,24,3,7,10,20,2,2,20,4,2,5,7,8,5,2,7,8,17,24,4,14,17,19,22
9,4,0,2,17,20,3,1,3,8,3,5,14,19,4,0,1,2,17,3,2,8,10,1,8,4,2,8,17,22,6,0,5,8,14,17,23,4,2,7,16,17
7,1,1,1,11,1,20,2,3,17,1,5,1,5,2,2,8
8,1,3,4,6,13,17,24,3,0,7,23,1,8,3,5,17,22,2,2,20,3,17,19,21,3,8,14,20
3,1,23,1,0,1,23
8,2,8,17,2,1,10,4,2,3,20,23,2,3,23,1,0,3,1,2,17,1,2,2,17,20
3,1,5,1,20,1,3
9,5,0,17,20,22,23,2,17,23,4,5,7,10,17,1,17,3,14,17,22,1,17,3,4,20,22,2,2,6,2,2,3
7,1,3,1,2,1,4,1,7,1,3,3,2,5,17,1,14
6,1,8,2,1,8,3,1,5,8,2,5,17,2,8,20,4,0,3,17,23
13,4,3,4,6,17,4,3,13,17,23,2,3,8,3,5,7,17,2,14,23,1,22,5,0,2,3,22,23,3,0,5,17,4,3,5,8,17,5,2,3,16,17,23,1,13,5,1,2,8,17,20,2,1,23
8,1,17,2,2,3,2,0,17,2,5,8,1,2,3,2,11,17,4,2,6,8,24,1,17
7,2,2,8,1,2,2,3,8,2,0,13,1,3,2,7,8,1,17
7,4,5,8,17,24,4,3,10,13,19,4,2,5,7,14,5,0,5,17,22,23,4,8,11,23,24,4,4,5,17,20,2,10,17
5,2,11,17,2,19,23,2,3,5,1,5,4,8,17,19,20
9,2,1,8,2,5,23,1,8,3,2,3,20,3,0,1,17,4,5,6,8,17,6,2,5,17,19,22,23,2,5,17,4,0,5,17,23
6,1,0,1,2,1,23,1,8,1,3,2,1,8
7,1,6,3,1,17,22,2,2,6,3,3,6,23,2,17,24,3,8,17,20,2,3,5
10,1,23,3,3,17,24,2,0,5,3,0,13,24,2,8,17,1,8,3,7,8,13,1,5,3,0,3,21,3,5,8,20
5,2,5,20,2,4,17,1,8,1,0,1,7
5,7,1,3,5,6,8,10,23,5,0,5,6,13,22,4,0,2,8,17,6,3,7,8,17,23,24,5,2,5,8,17,20
12,3,8,17,24,3,6,8,11,2,3,8,2,2,7,4,7,17,20,23,1,17,4,0,3,8,23,2,1,3,3,2,8,20,4,4,8,17,24,1,22,2,6,17
5,1,7,3,8,20,22,2,1,6,2,5,17,1,6
5,3,10,17,22,1,17,1,20,1,2,2,17,22
4,3,0,5,6,2,8,23,3,5,8,13,2,3,23
9,1,23,2,8,23,3,0,3,19,1,1,2,2,24,2,8,17,2,6,20,5,0,2,6,10,17,1,8
6,2,1,24,2,1,2,2,1,17,2,3,23,2,0,3,2,3,5
7,1,17,3,3,4,17,1,9,1,17,2,5,10,1,2,2,8,17
4,2,8,13,3,2,3,23,4,0,17,19,22,4,5,8,14,17
9,2,0,2,2,5,8,2,13,16,3,2,7,21,2,3,20,1,23,4,3,6,17,24,3,1,2,20,2,17,24
7,3,3,4,5,3,17,20,23,5,5,8,17,20,24,5,1,2,4,7,23,3,3,8,17,5,5,8,17,22,23,2,2,5
7,2,5,20,3,2,17,23,3,2,5,7,3,8,17,24,4,1,4,7,19,4,2,3,6,22,2,3,19
10,4,2,3,6,17,3,2,5,23,2,6,17,2,2,5,3,2,14,23,4,1,6,20,22,2,3,8,1,2,3,5,14,20,3,3,17,23
12,2,4,17,3,13,17,23,2,2,17,2,8,10,2,6,17,2,6,7,2,6,23,2,1,8,1,2,3,17,20,23,1,17,3,3,8,23
11,1,3,4,5,7,8,23,3,6,22,23,3,2,8,22,5,0,3,6,17,23,2,3,17,3,1,2,17,1,8,1,3,3,3,8,17,2,1,3
7,3,2,5,17,4,0,3,5,10,2,2,5,5,6,7,8,17,23,5,5,6,8,10,14,4,1,17,19,24,3,3,7,17
6,2,17,20,1,8,1,13,2,3,10,2,7,20,1,2
5,6,2,3,7,8,21,23,5,0,3,4,5,23,6,2,6,8,10,17,23,2,23,24,5,1,6,7,12,19
14,5,1,4,8,22,23,4,7,11,20,23,3,5,17,23,4,17,19,20,23,6,5,8,17,19,23,24,4,2,8,14,24,4,1,8,17,19,2,20,23,6,3,5,7,8,17,20,5,1,2,5,17,24,4,2,5,17,24,7,2,3,5,6,17,19,23,5,2,3,6,14,17,1,5
4,3,4,17,22,1,17,1,17,1,8
9,3,0,8,21,1,8,1,22,2,2,19,3,0,3,17,1,19,2,2,3,4,2,4,8,23,2,2,17
12,1,17,1,5,2,8,20,2,2,8,2,3,17,2,17,23,1,17,2,8,13,2,2,3,4,2,6,7,14,3,3,6,22,1,24
6,3,2,8,23,3,2,3,6,4,5,8,17,20,3,0,7,22,4,0,3,6,8,3,2,5,17
8,4,5,13,19,22,3,3,17,23,4,2,3,13,24,5,3,5,7,8,23,4,0,8,17,23,1,17,4,0,5,6,21,3,8,20,22
8,1,8,2,5,19,2,8,17,2,1,17,1,23,1,22,1,17,1,5
10,2,2,17,2,5,6,1,19,1,2,1,5,3,3,5,17,2,3,22,1,7,3,2,5,17,1,23
3,1,17,2,8,19,1,20
13,2,17,24,2,2,17,2,8,17,1,3,3,2,17,22,3,2,22,24,2,8,11,3,5,21,22,1,10,3,2,5,17,3,3,5,9,1,17,2,5,7
8,4,1,2,3,5,4,6,10,17,24,1,8,1,10,2,3,23,5,4,6,14,17,23,3,2,14,17,5,1,5,8,22,23
10,1,8,1,3,2,0,6,1,8,1,17,1,23,1,22,1,14,1,5,1,0
8,2,1,3,1,24,2,8,17,2,20,24,1,17,1,5,2,8,19,3,0,20,22
6,2,6,17,2,6,17,1,5,1,1,1,19,1,2
15,3,17,20,23,3,2,5,24,3,3,8,19,3,5,6,22,5,3,8,13,17,23,2,3,7,5,0,5,17,23,24,1,5,3,0,3,17,2,6,8,3,17,23,24,4,1,13,23,24,1,6,2,3,8,4,2,5,22,24
8,3,5,8,23,1,8,3,4,5,8,5,0,5,7,8,17,3,3,6,17,3,2,5,23,3,2,8,17,3,2,5,10
9,1,10,1,24,1,7,1,19,1,23,2,2,4,1,8,2,6,20,1,1
2,1,17,1,1
1,1,24
8,3,3,17,23,5,2,4,5,8,24,5,4,5,7,13,24,3,2,5,24,2,7,23,1,0,3,0,8,20,3,2,5,22
5,1,5,1,8,3,4,8,10,1,2,1,17
4,2,4,8,1,17,1,3,1,2
7,2,10,17,2,8,19,1,20,1,14,1,2,2,8,19,5,0,3,6,8,17
8,2,0,22,3,8,19,24,1,13,3,3,17,22,1,17,2,3,20,3,3,5,7,2,2,22
6,2,5,22,3,3,5,22,4,1,6,8,13,3,6,10,23,4,0,2,3,17,6,3,5,7,8,16,23
12,2,8,23,2,1,10,2,2,3,2,2,22,2,10,17,2,6,13,2,20,24,2,1,14,1,17,1,17,2,2,3,3,3,20,23
7,1,7,4,5,17,19,24,1,17,1,3,2,4,17,2,6,23,1,24
14,2,2,5,5,1,10,11,19,22,4,2,3,7,23,4,1,4,17,23,4,2,8,17,24,5,2,5,8,11,21,4,2,3,23,24,3,8,20,23,4,0,5,7,8,3,8,17,22,5,2,3,5,8,22,4,4,6,17,22,1,5,5,1,5,6,17,19
8,3,1,10,22,3,2,20,22,1,20,4,3,8,17,22,2,5,23,3,14,19,24,3,5,22,23,2,2,23
5,3,5,17,23,2,8,19,1,17,1,8,1,2
6,3,10,17,20,1,1,3,5,6,17,2,3,23,2,1,14,2,0,8
6,1,3,1,9,3,6,8,23,1,0,2,8,17,1,17
9,2,0,2,1,5,1,0,2,5,20,2,5,17,2,17,20,2,2,13,3,2,23,24,2,17,19
6,1,7,2,3,23,1,23,2,8,10,2,3,24,2,1,7
11,1,24,3,5,10,23,2,2,17,4,2,3,5,17,3,17,20,24,1,23,2,5,17,1,10,3,2,20,24,1,8,1,8
5,1,5,1,10,1,2,1,17,1,17
9,2,2,5,3,3,5,10,3,14,17,23,3,1,3,10,4,2,5,8,22,3,8,17,22,2,17,22,1,17,2,1,22
5,2,4,17,1,8,1,1,3,2,17,23,6,1,5,6,8,17,22
10,2,1,17,3,2,3,13,2,5,23,3,8,20,24,5,4,8,10,17,24,4,3,7,17,23,5,0,1,5,8,24,2,0,1,4,2,14,19,20,2,4,6
8,3,1,5,11,2,8,23,1,1,2,3,22,2,8,17,3,3,8,23,1,22,5,2,4,16,22,24
8,1,17,3,5,8,23,2,1,8,2,6,20,2,8,22,1,23,1,7,2,7,8
7,3,6,22,23,3,1,17,23,6,2,5,6,10,23,24,3,8,17,23,3,1,8,17,3,5,10,24,4,1,3,10,17
8,2,10,20,2,17,24,2,5,19,2,17,19,2,3,17,2,2,17,2,2,5,2,5,8
11,3,3,4,23,4,1,3,5,19,4,2,17,20,23,5,1,2,5,17,20,4,8,17,22,24,4,1,8,17,22,3,5,7,14,4,1,2,3,8,2,3,17,4,0,3,8,17,6,4,7,8,14,17,22
12,1,8,3,0,17,24,4,2,3,8,23,4,3,8,17,22,4,3,17,22,23,4,3,6,19,24,6,2,3,5,7,8,22,5,0,1,8,17,24,4,1,3,8,17,4,2,17,23,24,4,2,8,17,23,4,14,17,19,22
13,6,2,3,5,8,17,22,6,2,3,6,7,8,17,7,0,2,3,13,14,17,20,7,3,5,6,11,17,21,22,6,5,8,16,17,22,23,7,1,2,5,7,17,22,24,6,3,5,7,8,22,23,7,0,5,7,8,17,20,22,9,0,1,7,8,17,19,21,22,23,7,2,3,4,8,17,20,23,4,3,8,16,17,7,0,1,2,3,4,5,17,8,1,3,5,8,17,20,23,24
5,3,5,8,17,4,5,7,10,23,4,2,6,8,23,2,8,22,5,2,17,19,20,22
10,3,5,7,11,4,7,8,10,22,3,0,8,23,4,2,3,7,20,3,0,5,7,3,5,17,20,2,6,17,4,3,6,14,19,3,3,4,20,3,5,8,22
11,1,3,1,5,2,2,8,2,17,20,4,1,2,13,14,2,2,22,1,17,1,2,1,2,2,6,17,2,2,17
12,5,1,3,5,10,17,5,2,5,6,8,23,2,3,11,3,2,14,17,1,17,2,5,17,2,1,2,1,17,2,17,22,5,2,8,20,22,23,2,0,14,3,2,20,23
9,3,1,8,17,2,2,17,2,2,5,2,5,14,2,7,17,3,3,17,23,2,8,17,2,2,17,2,1,2
11,2,0,3,5,5,7,8,20,23,1,2,2,3,23,4,0,2,7,17,2,2,8,4,7,8,9,24,3,5,22,23,5,5,7,8,17,23,3,8,19,22,5,3,11,13,17,22
12,1,2,1,3,2,10,17,1,5,2,5,20,4,0,7,17,20,3,5,6,22,1,2,4,3,17,23,24,1,7,1,4,2,6,20
11,5,2,3,17,20,23,5,3,6,17,20,23,6,2,6,10,17,22,23,3,2,17,22,1,1,4,4,5,17,23,4,0,5,6,17,7,2,6,8,10,17,20,23,3,3,8,23,3,2,7,20,4,0,1,17,19
9,3,0,7,20,4,2,17,20,23,4,3,8,17,20,2,3,20,4,2,17,22,24,3,5,7,17,3,4,5,17,1,14,3,4,8,17
9,4,6,8,13,17,2,1,17,2,5,24,1,17,4,5,8,10,23,3,8,17,20,3,4,17,20,5,5,6,14,22,23,4,0,8,9,20
9,1,2,1,22,3,8,17,23,1,16,1,10,1,1,1,14,1,19,1,17
5,2,3,23,2,0,2,1,5,1,0,2,17,23
4,1,10,1,17,1,8,2,3,20
13,2,0,1,2,2,3,2,4,23,2,2,24,3,2,20,23,2,2,5,2,6,23,2,5,8,1,5,2,22,23,2,3,8,4,0,2,7,8,2,8,17
9,4,7,10,17,19,3,1,17,19,3,2,4,24,3,4,8,17,2,1,17,3,2,8,17,3,2,4,23,5,2,3,5,17,23,2,1,5
10,3,1,2,8,2,3,24,3,0,5,23,4,8,18,23,24,5,2,3,7,8,17,2,3,6,3,0,7,8,3,0,2,22,2,8,23,2,3,20
10,3,5,8,23,7,3,6,11,14,17,22,23,4,1,2,8,23,4,6,7,17,20,6,1,2,3,8,17,19,6,2,3,5,8,20,24,5,3,5,7,8,20,6,2,3,4,17,22,24,5,5,7,8,17,22,6,1,3,6,8,19,22
6,2,3,14,2,2,10,4,0,1,17,19,1,17,2,20,22,2,3,5
10,5,3,5,10,17,23,2,2,22,2,1,17,3,5,8,23,3,2,3,14,4,0,1,2,17,3,5,7,15,4,8,17,20,23,2,5,17,3,1,5,8
5,1,17,1,3,1,7,1,14,3,3,5,17
11,2,9,22,2,1,3,2,2,8,1,23,1,17,4,5,7,8,17,2,2,8,3,2,3,8,2,17,24,2,20,24,2,1,8
6,2,1,23,2,3,4,3,1,2,17,2,2,5,2,0,23,1,23
11,3,20,23,24,1,5,1,8,2,2,3,3,5,17,23,4,5,6,17,23,2,19,20,2,0,7,1,22,1,23,1,2
8,1,17,2,5,22,2,2,7,2,5,10,1,17,2,6,12,2,17,23,2,5,8
6,6,2,7,8,11,22,23,7,2,3,5,10,11,17,18,7,0,1,2,6,8,17,23,5,6,7,17,19,23,8,1,2,8,17,19,20,23,24,6,2,3,5,17,20,23
7,5,8,10,17,20,21,3,2,10,20,2,14,17,6,1,4,8,10,17,20,4,6,8,17,24,1,8,3,2,5,19
3,1,6,1,3,1,17
10,3,7,17,23,4,14,17,19,22,1,8,6,0,2,3,5,17,23,3,5,8,23,4,1,4,8,17,5,2,7,17,22,23,3,4,14,23,5,1,8,17,22,24,6,3,6,7,8,13,22
8,4,1,3,6,23,4,8,16,17,23,3,2,22,23,4,17,19,20,23,4,2,4,6,17,2,2,5,4,0,5,17,20,3,0,2,5
8,1,6,1,17,1,1,2,20,24,1,22,1,7,2,2,7,1,2
6,5,1,4,5,17,24,5,2,8,17,19,23,2,5,10,4,8,11,17,23,5,0,1,4,17,23,4,2,6,8,17
7,2,5,17,2,6,23,2,8,17,1,22,2,0,7,2,2,6,1,6
9,3,8,22,24,1,17,3,3,11,23,2,16,23,3,2,5,15,6,3,5,7,8,22,23,2,2,10,3,0,20,23,3,2,17,22
3,2,3,22,2,0,7,2,1,20
7,2,3,22,2,3,4,2,2,22,2,2,22,2,2,20,2,5,20,3,1,5,20
6,3,8,20,21,2,14,17,1,24,1,0,2,2,5,1,2
6,3,5,8,23,4,5,6,8,22,3,2,19,20,1,23,3,0,4,8,1,5
4,3,2,5,6,3,1,23,24,2,8,17,2,2,17
8,3,5,23,24,3,0,1,17,2,2,5,3,2,3,17,2,2,6,4,14,17,22,23,2,5,20,4,0,2,10,17
11,3,2,20,23,3,6,14,23,3,0,2,7,3,0,7,14,4,4,17,20,22,2,8,19,3,8,17,20,3,13,17,19,1,3,3,10,20,24,6,0,2,3,5,8,17
9,5,0,5,7,17,20,3,2,5,17,2,1,23,5,5,6,17,19,23,1,8,3,2,6,23,3,1,3,13,1,17,4,3,8,10,17
10,3,2,4,17,2,3,10,6,1,3,7,8,17,23,2,10,22,6,2,5,7,8,20,22,8,0,1,2,3,17,22,23,24,4,8,17,20,23,5,1,2,17,22,23,3,1,6,14,3,17,19,24
3,1,9,2,17,22,1,2
11,2,5,23,1,17,1,23,2,2,8,2,8,17,3,0,5,16,3,0,17,22,2,2,5,3,8,17,23,3,2,3,7,3,0,8,22
8,5,2,5,6,8,10,3,7,16,17,4,0,2,5,8,5,2,5,8,17,24,5,2,7,8,23,24,6,1,2,8,10,22,23,5,2,3,6,17,23,4,4,17,19,23
12,1,2,3,1,5,17,2,17,24,2,3,19,3,5,17,24,4,0,1,7,16,4,2,3,7,23,2,2,23,3,0,3,8,3,3,8,17,2,2,5,4,2,3,5,24
5,3,3,5,10,3,5,17,23,2,1,7,2,5,23,4,6,8,17,19
3,3,0,5,22,3,0,2,6,3,8,20,22
6,5,3,20,22,23,24,3,2,7,21,4,2,8,10,22,4,8,17,19,23,4,2,8,22,24,3,3,19,23
11,4,2,5,7,10,4,1,6,17,22,5,2,6,10,11,20,4,4,17,22,24,4,3,5,19,22,3,2,5,13,5,2,5,6,8,22,3,2,7,23,5,2,8,17,20,23,4,2,17,23,24,4,5,6,12,23
4,1,3,1,8,1,1,1,5
12,3,3,16,22,3,3,17,24,3,2,8,20,3,6,8,10,4,3,13,22,24,3,5,7,8,4,3,14,20,21,3,8,14,20,3,8,17,24,1,22,3,6,17,19,1,8
7,3,1,5,17,1,8,1,4,1,3,3,6,20,22,1,19,2,8,23
5,2,1,23,1,0,1,24,1,20,3,8,14,17
8,7,1,2,6,7,8,22,24,5,4,6,8,17,22,4,7,17,22,23,7,0,8,10,14,17,19,23,5,0,2,10,22,23,5,0,6,8,20,23,7,1,2,6,7,8,13,22,5,0,3,17,22,23
6,1,3,1,5,1,20,2,3,5,2,3,4,1,17
14,1,8,2,5,8,3,7,8,24,2,6,23,4,1,2,14,17,5,6,8,14,17,23,1,19,2,2,24,2,17,23,2,8,20,4,7,8,10,24,4,5,12,17,19,4,4,6,17,19,3,2,17,19
5,4,4,5,8,22,3,6,17,23,2,8,17,2,1,6,2,3,10
15,2,5,23,2,3,17,1,17,2,3,5,4,0,2,4,22,3,17,19,23,1,13,2,2,5,1,2,1,2,1,23,2,6,17,4,8,17,19,22,1,23,2,3,22
3,1,2,1,8,1,20
6,4,7,8,17,24,1,14,1,1,1,8,2,3,23,1,22
5,2,1,3,2,1,8,2,2,19,2,3,8,2,2,14
14,4,6,8,14,23,3,3,6,17,4,6,7,8,17,3,2,8,17,6,4,5,7,8,10,17,2,1,8,1,5,1,2,3,2,8,24,4,3,8,20,22,2,2,19,4,0,19,22,23,1,17,1,2
3,1,22,1,5,1,17
5,1,8,1,7,1,8,1,17,1,23
11,3,2,5,19,3,2,17,22,2,2,23,3,6,11,17,2,10,24,4,9,17,19,24,3,5,17,24,3,5,17,23,3,2,3,24,5,0,1,6,23,24,3,0,7,22
7,3,2,17,23,1,23,3,2,8,23,4,0,5,7,8,3,2,3,23,2,2,8,3,2,6,19
6,2,1,23,4,3,5,20,22,3,0,6,8,5,1,2,5,17,22,1,2,3,19,20,22
9,1,5,2,4,20,3,5,8,22,3,2,17,20,1,2,3,2,5,22,2,17,23,4,2,5,17,24,2,1,3
14,5,3,8,17,19,23,7,0,3,6,13,14,17,23,3,6,17,22,2,5,17,3,2,7,17,4,2,3,4,5,5,2,4,5,6,8,6,1,7,8,17,22,23,4,2,3,22,24,2,5,23,3,1,14,23,3,17,20,23,7,2,3,4,5,8,19,21,7,2,3,8,17,22,23,24
8,5,2,8,10,17,24,4,3,8,23,24,4,2,5,6,22,4,1,4,5,8,4,0,5,17,22,3,2,8,22,4,2,3,8,22,4,2,6,8,17
7,3,1,6,17,1,3,2,5,11,3,2,19,23,3,3,5,19,5,5,7,8,20,24,4,2,3,6,8
11,3,2,8,17,3,0,6,20,2,2,22,3,2,8,19,4,2,5,17,20,3,1,18,23,2,5,7,1,8,2,22,23,3,2,17,20,6,5,16,17,19,22,23
7,1,23,2,2,20,1,22,1,8,3,1,6,23,3,0,2,3,1,3
9,4,5,8,20,21,2,3,23,5,7,14,16,17,21,2,5,17,2,20,22,7,2,3,14,16,17,19,22,3,0,2,17,3,2,5,8,1,5
7,5,0,5,17,20,24,5,5,6,8,17,24,3,2,8,17,6,1,3,5,8,10,17,6,3,5,8,17,20,23,7,1,2,4,6,14,18,23,7,5,6,8,13,14,17,19
7,4,2,5,17,22,8,2,5,6,8,10,20,21,23,5,5,6,14,18,24,3,4,10,22,6,1,7,8,19,23,24,4,3,17,19,22,4,2,3,8,23
7,3,2,6,7,2,2,18,1,14,1,7,1,2,2,8,17,1,3
5,3,2,7,23,1,18,2,2,7,1,5,3,0,2,8
9,4,7,11,17,19,5,5,6,8,10,20,1,17,4,5,6,8,22,3,5,8,17,4,3,5,8,23,2,2,20,5,0,7,17,22,24,3,5,17,23
6,2,8,24,1,4,1,3,2,6,8,3,2,23,24,2,5,16
7,4,3,10,14,17,4,7,8,20,24,5,3,5,8,17,23,4,11,14,16,17,3,8,22,23,3,6,7,23,4,8,10,20,24
6,2,8,23,3,6,17,24,1,2,3,2,3,17,2,2,8,3,1,5,6
11,3,5,17,24,3,3,10,17,3,8,10,17,4,0,5,6,8,2,13,17,1,22,5,6,8,12,17,20,3,1,8,16,4,1,2,3,20,2,8,17,2,1,4
4,2,10,23,1,1,1,17,1,17
12,2,0,1,2,2,7,1,17,2,0,18,6,0,3,7,8,10,17,2,6,8,1,0,1,19,6,3,6,13,17,20,22,1,2,2,3,17,2,8,17
9,3,1,6,23,2,8,10,2,6,22,2,8,19,5,2,3,4,5,24,2,0,17,2,2,22,3,1,17,22,3,1,13,17
6,2,5,23,1,1,1,2,1,8,1,2,2,19,23
7,4,3,5,8,17,3,8,13,24,2,2,17,2,6,10,1,17,2,2,20,3,8,20,24
1,1,23
6,1,23,1,5,1,8,1,17,2,6,23,2,17,19
6,4,8,17,19,23,5,2,7,8,22,24,4,2,3,5,22,2,2,20,3,0,20,22,2,10,17
7,1,24,4,2,4,5,24,1,20,1,8,1,5,2,8,20,2,11,17
7,2,17,22,1,8,1,21,1,17,1,7,1,14,1,2
13,3,17,20,22,3,3,5,22,5,1,2,10,14,17,3,2,8,23,4,5,10,17,24,5,2,5,20,23,24,4,0,5,6,23,4,6,20,22,23,3,1,8,11,4,1,11,20,23,4,0,4,23,24,7,1,2,5,8,14,16,17,6,0,3,8,22,23,24
12,2,22,23,2,17,19,1,22,1,2,2,5,17,1,3,1,0,1,23,1,22,1,17,2,16,22,1,17
9,2,8,23,2,3,14,1,24,3,0,13,17,3,5,8,17,2,6,17,2,17,22,1,8,4,0,3,8,17
5,1,5,2,0,6,1,17,2,10,20,1,17
3,2,2,21,1,3,2,2,7
10,3,5,10,11,2,10,17,3,5,10,17,4,5,17,23,24,1,11,2,8,20,3,2,8,10,2,6,23,3,6,13,24,2,2,17
6,1,24,1,1,1,23,1,24,1,23,1,22
10,1,22,2,5,24,3,8,17,23,1,19,2,2,7,1,2,3,4,18,20,3,3,6,17,2,2,22,3,2,5,8
3,1,23,2,2,17,2,2,17
5,1,8,1,14,2,5,20,1,8,1,1
11,2,13,24,5,1,2,3,8,23,4,8,17,19,20,6,2,10,13,21,22,24,7,3,7,8,10,20,22,23,3,1,2,23,4,3,5,10,17,5,2,5,8,17,23,3,13,17,21,4,1,4,8,17,2,2,5
10,1,18,2,10,17,3,7,17,24,4,2,5,20,22,4,3,7,8,13,4,0,7,8,17,3,2,5,17,3,0,7,17,2,17,22,3,1,3,23
12,5,7,8,11,17,22,4,3,8,11,23,4,1,19,21,23,2,3,17,7,2,3,6,7,8,23,24,1,2,2,1,3,2,5,22,5,0,3,8,13,17,3,1,13,23,2,17,23,2,2,23
5,1,1,2,0,8,1,20,1,11,1,8
6,4,6,17,22,23,4,3,6,13,17,3,3,17,22,1,2,6,0,1,6,8,12,17,3,1,16,20
6,1,2,1,20,1,10,1,23,1,1,1,5
9,3,3,20,22,1,10,1,17,2,8,23,3,8,16,17,2,5,8,2,20,22,2,2,19,1,2
7,4,0,5,17,24,4,2,8,17,24,5,2,8,17,19,22,6,2,3,5,17,19,20,5,0,6,16,17,20,6,3,5,6,8,15,19,5,5,6,8,17,23
6,3,2,20,23,2,4,11,2,8,20,4,1,2,3,17,4,17,20,23,24,2,17,23
9,1,2,1,22,2,16,23,1,6,1,2,1,18,4,2,3,8,17,2,2,5,1,0
9,4,5,8,17,24,4,2,7,8,17,5,0,5,10,17,20,2,2,3,6,2,3,7,8,17,23,3,7,8,24,1,4,3,6,19,22,2,8,13
5,1,8,1,3,1,2,1,20,1,2
7,1,7,1,17,2,4,23,1,14,2,4,23,2,8,10,2,3,10
13,5,1,2,11,16,17,5,2,3,4,6,7,3,1,17,23,3,6,17,22,4,13,14,19,22,5,0,6,7,8,17,4,5,8,15,23,3,2,5,17,4,0,1,4,8,3,6,17,22,3,8,17,22,3,10,23,24,4,3,6,10,24
10,4,3,5,8,10,3,20,22,23,2,3,20,3,6,17,22,3,8,23,24,2,5,23,5,2,5,17,21,22,2,3,23,4,2,5,6,7,4,2,5,8,17
11,1,23,5,0,1,2,17,19,3,3,4,23,3,5,8,20,3,6,9,23,3,8,14,23,5,6,7,8,17,23,2,8,20,3,1,17,22,2,19,23,2,1,18
10,5,5,8,17,20,21,3,6,23,24,5,3,5,6,8,22,4,2,6,17,22,5,3,13,17,22,23,3,8,10,22,3,2,5,23,6,0,6,7,8,19,24,2,2,22,4,1,5,8,17
5,1,3,1,3,1,2,1,5,2,1,21
8,6,2,5,8,10,17,23,4,1,7,8,23,4,3,6,8,17,3,2,6,7,4,2,3,5,17,4,6,10,17,22,2,1,8,4,2,17,20,22
6,2,5,7,2,2,19,1,8,2,5,23,1,22,4,5,8,11,16
3,1,11,2,5,17,1,2
3,3,1,2,3,2,9,17,3,7,8,17
8,3,10,11,17,1,22,1,19,3,1,6,7,2,0,2,1,21,1,8,2,16,20
4,2,3,20,1,2,1,8,1,20
7,2,8,22,2,2,3,1,13,2,4,8,3,1,17,22,3,8,17,20,2,7,23
5,2,3,23,4,3,5,10,23,2,10,23,2,7,22,2,2,17
13,1,23,2,8,23,5,2,3,6,17,22,1,24,3,7,8,10,2,10,17,3,3,22,24,2,8,13,1,8,2,6,23,2,17,22,1,17,2,3,20
8,1,17,3,1,6,23,2,0,8,4,1,2,5,23,2,14,17,3,8,14,17,2,2,17,4,3,4,17,23
9,5,0,2,3,17,21,3,3,14,17,4,2,3,5,8,4,2,3,5,10,4,0,8,23,24,5,3,5,8,17,22,3,5,7,17,4,1,2,8,23,3,8,14,17
10,5,3,5,7,8,23,3,19,21,23,5,6,8,17,19,22,4,2,5,10,17,3,2,3,5,6,5,14,17,19,20,23,2,17,21,4,2,7,20,23,3,2,3,17,4,2,5,8,22
7,2,2,21,4,3,5,6,20,4,3,6,7,12,4,2,5,7,22,6,0,1,3,7,17,20,4,8,17,20,21,4,8,14,16,23
6,1,3,1,1,1,2,1,17,2,5,17,1,17
7,2,1,23,1,23,1,7,3,4,8,23,1,22,2,21,24,4,2,20,22,24
3,2,3,11,1,19,2,5,19
9,6,3,4,5,7,8,22,7,2,3,6,8,10,20,21,5,2,5,7,10,11,4,0,2,8,17,3,5,20,24,2,3,17,1,17,3,3,17,20,4,2,5,6,22
4,1,23,1,8,1,8,1,22
13,5,1,2,5,17,22,5,2,5,8,13,23,4,2,8,20,23,4,5,17,19,23,3,1,2,17,3,1,2,24,5,1,2,5,23,24,7,5,8,14,17,20,22,24,4,0,3,7,23,4,2,17,23,24,2,1,23,6,2,3,5,8,17,20,3,3,8,16
9,2,17,20,2,7,23,2,0,17,1,8,3,1,3,23,1,7,1,4,2,2,24,1,7
5,1,0,3,11,16,17,1,20,2,2,3,2,5,22
11,1,17,3,2,10,16,3,0,17,20,1,10,1,2,3,3,5,20,1,2,1,8,1,23,2,3,10,3,1,17,20
12,1,2,4,2,3,5,22,2,8,23,2,1,2,1,17,2,5,6,2,5,8,2,2,17,2,3,17,2,5,8,3,2,8,17,2,22,23
9,2,16,17,5,0,7,17,20,24,6,0,2,3,5,8,17,2,17,20,3,2,5,17,3,5,17,20,4,5,17,19,20,3,2,8,13,3,8,14,22
10,4,11,17,22,23,1,14,2,3,8,2,2,20,2,20,22,2,5,20,1,2,3,2,10,17,3,9,17,23,1,23
13,1,8,1,23,1,6,2,5,6,2,1,19,3,3,8,20,3,2,8,17,1,17,1,17,4,2,4,6,8,3,5,17,20,4,1,8,14,17,2,6,8
14,3,5,17,23,3,13,17,23,1,8,4,2,8,23,24,3,2,8,23,1,8,3,0,5,17,2,17,22,1,23,3,7,17,22,3,5,17,22,2,2,14,3,3,5,10,6,0,3,6,7,20,23
8,2,6,23,2,3,14,3,2,3,19,1,5,3,1,5,8,1,3,4,0,2,9,17,3,6,8,22
4,1,8,1,6,1,2,1,7
6,1,6,3,7,17,23,1,17,3,7,8,24,1,2,1,8
9,4,8,17,20,23,5,2,3,5,8,19,4,2,10,17,19,3,8,22,24,3,1,14,24,2,5,17,4,5,6,20,24,5,1,2,3,17,20,3,3,5,24
9,1,17,1,8,2,4,17,1,1,1,2,3,3,7,23,3,5,8,17,2,20,23,3,17,19,23
8,2,8,17,2,0,7,1,8,3,2,4,8,3,6,20,22,1,19,1,13,3,3,19,22
6,3,3,22,23,1,17,1,17,1,2,2,2,8,1,2
7,3,6,10,20,3,13,17,19,2,2,20,2,7,20,4,2,8,19,24,1,0,3,2,5,11
5,1,4,1,5,2,17,23,4,1,8,17,22,2,3,10
12,3,1,2,19,6,2,3,5,10,14,23,6,3,4,6,10,20,23,7,0,1,2,6,14,17,20,6,2,8,17,20,23,24,3,1,5,22,5,1,8,20,22,23,8,0,2,3,5,14,17,20,23,4,1,2,17,19,5,8,17,19,23,24,5,2,6,14,20,23,2,5,14
8,2,5,17,2,5,17,2,1,22,2,14,17,4,1,2,19,22,1,23,2,2,8,1,23
9,2,6,24,2,7,22,2,2,8,1,24,5,2,7,8,20,24,2,2,8,1,6,1,2,2,3,17
12,1,17,4,3,8,16,20,1,17,1,23,1,7,1,0,1,5,3,7,8,24,1,17,1,3,3,5,17,22,1,2
5,1,3,3,1,2,6,2,2,22,1,2,2,6,17
10,2,8,23,2,5,8,1,19,3,0,2,8,7,0,1,2,7,8,17,24,2,19,22,3,2,5,14,2,2,17,3,2,8,17,2,2,5
10,3,0,20,21,2,6,10,2,6,17,2,17,20,2,7,17,2,14,17,2,3,5,2,5,10,2,14,17,1,17
8,2,1,7,4,4,5,17,20,2,1,8,2,7,23,2,2,17,1,5,1,8,3,0,2,5
6,1,24,2,0,19,1,24,2,2,14,2,2,22,3,4,5,23
13,5,5,6,17,22,23,4,2,8,17,19,1,3,5,0,4,6,8,23,3,5,6,8,7,1,2,4,5,8,14,17,5,2,3,5,22,23,4,3,6,7,8,3,17,20,23,4,6,7,8,24,4,5,6,17,23,4,3,8,17,19,4,1,4,8,17
5,1,6,2,2,5,2,1,6,2,5,17,1,23
13,2,4,8,2,2,20,2,3,5,3,2,20,22,4,5,8,19,20,4,2,8,20,21,5,2,3,6,22,23,6,5,8,17,19,20,23,2,10,11,2,10,11,7,1,2,6,19,20,22,23,4,8,17,19,24,4,5,8,19,20
6,1,22,1,22,1,20,1,8,3,3,10,17,1,0
10,6,2,4,5,7,22,23,5,3,5,20,22,23,4,13,18,22,24,3,2,5,7,3,5,7,18,1,17,4,3,7,17,21,3,7,8,23,3,0,8,23,4,3,8,20,22
7,3,4,17,23,3,6,8,14,3,5,6,23,3,1,2,8,3,6,7,8,2,11,17,3,5,8,13
14,4,0,17,22,23,3,2,3,5,1,3,3,1,5,22,1,2,3,17,20,23,2,0,2,2,17,23,4,2,3,6,7,3,2,3,18,4,7,8,13,17,3,14,16,17,2,5,20,3,1,2,6
6,2,8,24,2,6,17,5,2,5,8,14,17,2,0,7,1,14,2,1,17
12,1,17,4,2,5,17,24,4,1,2,16,23,6,0,1,8,17,20,23,4,2,4,6,17,4,2,4,17,19,4,9,10,19,23,3,4,5,23,3,1,5,23,1,17,3,2,5,17,3,3,8,19
9,2,8,17,4,3,5,8,19,4,3,17,20,22,4,0,3,10,14,3,0,3,23,3,0,9,20,8,0,1,2,8,19,20,22,23,3,4,14,17,3,4,8,10
3,3,1,3,7,1,5,2,1,17
11,2,2,7,2,23,24,2,19,20,2,6,17,2,5,10,2,5,23,1,8,1,22,1,8,2,2,17,1,6
8,5,2,3,6,8,17,5,2,3,6,17,22,2,5,8,8,0,2,3,5,7,8,16,17,3,2,17,19,5,0,2,3,14,17,6,2,6,17,22,23,24,4,2,6,17,19
4,1,3,2,5,22,1,7,2,8,14
4,2,2,5,1,1,4,2,22,23,24,2,1,8
9,3,5,7,16,3,4,8,10,3,17,22,23,2,1,8,1,23,5,2,8,14,20,23,3,1,3,22,5,3,8,17,20,22,2,5,17
5,5,2,3,8,10,17,8,0,3,5,7,8,14,17,20,5,10,19,22,23,24,6,2,5,6,7,8,20,7,3,5,7,8,17,20,24
2,1,23,1,8
10,5,0,2,3,8,22,6,0,3,7,17,19,20,6,5,8,17,19,20,24,5,4,8,17,20,22,4,2,5,8,14,6,0,3,5,7,13,16,6,2,5,6,20,23,24,4,0,8,17,19,3,1,5,17,6,2,3,8,17,22,23
9,2,8,17,5,3,5,6,8,22,3,1,17,22,2,22,23,3,1,6,17,4,1,2,5,23,3,2,22,23,2,1,22,3,2,8,17
15,2,3,17,4,2,3,8,23,5,2,8,13,20,24,5,3,6,13,17,22,4,2,4,7,22,4,2,7,17,23,4,0,8,17,24,5,2,6,8,13,17,4,2,6,9,17,4,2,3,5,10,2,19,20,3,2,3,17,6,1,3,7,16,17,23,4,2,3,8,20,5,1,2,5,20,23
3,2,8,23,1,17,1,17
7,3,8,19,20,3,5,18,23,2,5,14,5,1,2,5,7,16,2,2,8,3,8,14,22,2,3,8
5,5,0,3,4,8,17,4,2,8,17,23,5,2,6,12,17,20,5,1,5,8,13,17,5,2,5,17,22,24
8,1,17,1,2,2,5,6,2,2,6,3,2,8,23,1,1,1,3,3,14,17,22
7,4,2,8,19,23,4,5,8,10,13,4,1,3,8,17,4,1,8,23,24,4,1,5,8,17,4,12,17,19,22,3,0,5,20
9,1,13,1,1,1,23,1,10,1,23,2,7,24,1,3,1,22,1,1
5,1,8,1,2,1,2,2,8,17,1,17
7,4,5,10,17,22,4,1,3,22,23,3,3,17,20,2,5,8,4,2,6,17,19,4,3,8,22,24,2,17,20
10,2,3,22,1,3,2,3,22,2,10,22,4,5,13,20,24,4,5,7,17,24,4,2,7,17,24,3,17,21,22,3,2,5,17,3,3,8,20
10,3,8,17,23,2,2,17,4,2,10,13,14,5,3,17,20,22,24,2,5,24,3,17,19,22,4,13,17,20,22,3,1,2,17,4,1,2,5,24,3,3,17,23
10,2,8,17,4,2,3,17,23,1,17,2,1,19,2,5,8,3,3,21,24,1,22,1,8,3,8,10,17,3,1,2,8
10,4,13,20,22,24,2,0,7,2,8,23,2,8,19,1,8,2,17,23,2,1,23,1,21,2,8,20,3,3,8,23
9,4,1,3,7,17,4,2,3,8,23,1,17,5,2,5,14,19,22,2,8,24,6,2,5,6,17,19,22,4,5,17,22,23,3,2,17,23,4,3,20,22,24
10,7,2,3,5,8,14,17,20,6,0,7,8,14,19,22,3,19,20,23,4,2,7,23,24,4,2,8,17,19,1,17,3,2,8,24,4,0,3,8,22,4,4,17,22,24,5,0,8,17,23,24
9,3,3,6,17,2,2,5,3,2,3,17,3,1,17,19,2,5,17,4,4,5,17,23,6,1,2,5,8,14,17,3,0,5,22,3,0,2,23
11,2,3,17,2,17,20,2,1,23,1,2,2,5,22,6,0,1,2,5,8,10,1,8,2,2,8,5,2,6,7,20,22,3,6,7,22,1,7
14,2,10,17,3,4,5,17,3,1,3,17,5,1,2,5,8,22,3,5,6,19,3,1,2,20,4,2,17,20,23,3,2,14,17,1,17,4,1,5,22,24,2,1,8,6,0,2,3,6,13,23,3,3,7,22,1,17
9,2,20,23,1,8,2,2,3,1,22,2,10,17,3,5,11,17,3,0,1,8,4,2,16,17,22,1,17
8,4,1,3,17,23,1,23,4,5,8,17,23,4,3,7,19,23,1,14,2,4,20,3,2,8,19,4,1,5,6,8
5,1,22,1,5,2,1,4,1,21,1,2
3,1,3,1,1,1,23
6,2,10,17,1,17,1,17,1,4,1,6,1,20
13,2,4,17,1,23,1,17,1,5,2,17,23,1,17,4,5,17,20,22,2,8,24,1,17,1,23,1,1,2,2,23,2,0,8
8,2,2,17,1,2,1,6,2,6,10,3,7,8,24,2,1,10,2,1,3,2,3,17
8,1,23,1,0,1,2,2,17,20,1,5,1,5,1,0,1,22
9,2,2,5,5,1,6,7,17,23,3,1,2,21,4,1,7,8,17,2,2,23,3,3,6,23,2,8,17,1,2,3,3,5,7
6,1,17,1,22,2,5,18,1,17,2,8,17,1,8
10,3,0,5,17,2,13,23,2,5,23,3,1,10,22,1,1,3,6,20,22,2,1,17,1,23,1,20,2,3,22
11,4,1,7,17,23,2,20,23,4,2,6,8,20,2,10,13,2,6,23,2,2,8,4,4,5,6,17,2,0,24,4,2,8,13,22,7,1,3,8,17,22,23,24,1,14
11,1,2,1,3,3,3,13,24,3,6,20,22,2,3,7,2,5,17,2,6,19,1,21,2,8,20,4,2,3,17,23,2,14,23
8,4,5,17,19,23,3,7,23,24,3,5,8,19,3,0,4,20,3,5,19,20,3,0,17,20,6,2,5,8,19,22,24,1,5
8,2,17,20,2,8,20,3,0,5,17,2,13,22,3,1,2,7,3,3,7,24,1,22,3,5,19,23
13,3,1,5,8,4,1,17,20,23,2,8,17,5,2,8,17,22,23,3,2,17,23,3,6,7,8,6,0,2,7,17,22,23,1,2,3,2,17,19,5,0,2,17,19,24,4,10,17,20,23,8,0,1,2,17,19,20,23,24,3,2,17,20
13,4,5,6,23,24,1,17,4,0,8,17,20,2,5,10,2,8,17,3,2,14,22,3,4,6,17,2,0,5,2,1,8,1,8,2,4,6,1,20,2,13,23
6,2,3,19,3,0,20,24,2,5,20,3,2,5,22,4,3,8,17,20,4,2,5,8,23
5,1,3,1,0,1,6,2,8,20,1,3
10,2,1,3,5,3,5,16,17,20,2,5,8,2,1,14,4,2,5,15,23,3,8,13,23,2,2,23,1,3,2,9,19,3,1,2,8
8,6,2,5,6,8,11,23,4,5,8,17,23,4,3,7,8,17,5,1,5,17,20,22,5,3,5,13,20,23,4,3,8,17,23,4,2,8,17,22,3,6,7,23
3,2,17,19,1,5,1,22
8,3,5,22,24,4,8,17,20,24,2,8,10,4,5,6,17,19,3,5,17,23,3,4,8,24,1,6,3,1,3,12
5,1,8,2,6,17,1,2,1,2,1,22
8,1,23,1,6,2,1,22,2,2,20,1,1,1,24,1,8,2,4,17
9,3,1,7,8,1,23,6,2,4,7,8,22,23,3,4,8,17,3,6,16,17,4,2,3,19,22,5,2,15,17,20,23,2,8,17,3,0,2,5
9,1,17,2,1,7,1,23,2,8,20,2,13,19,1,17,1,5,1,17,1,17
12,6,0,1,3,11,17,23,3,5,8,17,4,8,20,22,23,4,2,5,14,23,4,5,21,22,23,2,5,23,4,2,3,6,23,5,3,8,14,19,23,5,2,3,5,8,23,3,1,2,8,4,0,3,6,22,4,1,2,6,17
6,1,2,2,2,17,1,5,1,5,2,8,24,2,1,7
12,6,2,5,6,8,23,24,4,2,3,4,23,3,3,5,8,4,5,18,19,23,2,17,20,2,2,21,3,0,6,8,3,2,5,17,3,0,17,20,3,3,8,22,3,6,20,22,2,3,8
5,1,5,1,16,2,3,7,2,3,8,1,8
11,2,8,22,2,8,22,1,8,3,2,3,17,4,2,4,8,17,5,5,6,10,20,22,1,19,2,17,24,2,1,20,5,5,6,8,17,23,1,3
4,2,2,10,1,13,1,17,1,17
9,4,7,17,22,23,3,3,17,22,3,1,19,22,4,4,5,22,23,4,5,6,17,19,5,0,1,5,8,17,2,10,23,4,2,8,10,17,4,8,21,23,24
12,1,4,1,2,1,8,2,3,17,2,2,17,1,24,2,3,10,1,17,2,3,24,1,20,1,2,1,22
12,3,2,5,24,5,1,8,13,17,22,5,5,8,19,23,24,4,0,2,20,23,4,2,10,17,22,6,2,3,5,17,20,22,9,2,5,6,8,17,20,21,23,24,6,2,5,8,10,19,24,6,2,3,5,7,22,24,5,1,3,8,20,24,2,5,17,4,2,3,8,22
9,3,3,13,17,3,3,5,24,1,8,2,2,8,4,1,8,17,22,5,2,5,8,17,20,2,2,5,4,1,5,8,14,2,2,17
12,3,3,10,17,4,19,20,22,23,3,0,5,23,2,5,6,3,2,10,23,6,1,8,17,20,22,23,3,3,22,24,3,17,19,22,5,3,6,8,20,22,3,0,1,17,3,2,22,24,3,1,2,6
6,1,5,3,8,20,23,2,14,17,2,0,1,2,2,8,3,7,17,23
10,2,8,17,2,8,17,3,0,3,24,3,3,8,20,5,2,5,8,14,22,1,17,4,6,7,13,23,3,2,5,17,4,0,7,17,22,2,3,13
5,2,3,17,3,4,17,22,2,3,20,1,8,4,2,3,8,22
11,5,2,8,10,17,23,4,3,6,8,17,7,2,3,5,6,11,17,22,4,3,5,8,14,4,2,3,5,19,5,0,1,5,6,22,6,0,2,3,10,17,22,5,10,16,17,19,20,5,0,3,5,6,8,4,2,5,6,17,4,1,5,17,20
7,3,2,22,23,2,2,5,1,0,2,20,23,1,3,2,2,5,4,2,6,17,23
14,4,3,5,23,24,3,8,22,23,3,6,17,19,3,7,8,23,1,5,4,2,6,8,17,3,3,6,20,3,2,3,6,3,5,20,23,3,1,5,14,2,3,23,2,8,22,2,17,22,2,6,17
8,5,2,4,5,17,19,4,5,6,8,23,3,5,8,17,3,3,6,7,4,0,2,8,17,5,1,8,14,19,22,2,0,4,4,5,7,17,22
12,2,5,7,3,2,5,17,2,5,23,2,23,24,3,2,5,23,2,6,23,4,1,8,20,22,2,5,8,2,1,8,1,2,2,17,20,2,5,17
6,2,5,17,1,24,2,3,19,1,13,2,3,8,2,1,5
6,1,8,2,14,17,2,0,3,1,22,2,8,17,2,17,22
6,1,5,1,6,1,17,1,24,1,22,1,24
6,3,8,17,23,2,2,23,3,2,8,22,3,2,17,20,2,3,5,2,0,5
7,1,11,2,0,17,1,3,2,5,9,3,6,8,14,1,2,1,17
13,2,8,23,3,2,21,23,2,1,17,2,3,17,1,17,2,23,24,1,2,2,2,5,2,3,22,1,17,2,2,23,1,3,5,5,17,20,22,23
9,3,5,17,23,2,0,17,2,1,20,2,2,5,1,5,3,0,2,5,2,17,23,2,1,2,1,8
9,9,0,1,2,3,5,8,17,21,22,8,0,2,3,5,6,17,22,23,5,2,8,10,17,20,9,2,3,5,7,8,17,18,20,23,7,5,7,8,13,17,20,22,8,2,4,8,17,19,20,22,23,9,2,3,5,13,14,17,20,23,24,10,1,2,3,5,8,17,20,22,23,24,10,0,2,3,5,6,8,17,19,22,23
12,2,6,17,3,2,6,17,5,1,6,7,8,17,1,7,3,3,22,23,2,5,24,4,6,13,16,24,2,2,8,2,2,3,2,3,17,4,3,5,17,23,3,1,22,24
14,4,2,8,14,24,3,2,5,17,5,7,8,10,17,23,5,1,3,5,23,24,2,2,24,4,2,8,17,20,4,2,5,8,22,4,2,7,17,23,6,2,3,5,6,20,23,2,12,20,4,17,20,22,24,5,0,3,5,17,22,2,14,17,5,5,8,20,22,23
5,1,13,1,5,1,14,1,8,1,24
8,2,0,22,1,1,1,23,3,0,1,2,1,8,2,2,19,3,6,22,23,3,3,8,17
5,1,5,1,14,1,23,1,23,1,17
10,3,4,8,20,4,5,17,20,23,1,8,1,2,2,2,3,2,2,17,2,8,17,2,2,22,1,22,1,8
5,1,24,1,8,1,5,1,3,1,17
6,2,2,6,2,8,17,2,0,2,3,5,17,19,1,17,1,8
10,3,4,20,22,2,2,23,2,4,5,1,24,2,5,8,1,0,2,1,6,1,23,1,7,3,1,16,23
5,1,15,3,0,5,15,5,0,8,17,19,23,1,5,4,0,2,5,22
5,1,17,1,17,3,1,19,22,2,19,20,2,8,23
7,2,2,19,1,8,2,3,14,2,3,5,2,2,8,3,3,17,23,2,2,17
10,5,4,5,8,10,17,2,3,23,4,3,5,8,23,1,22,4,0,2,7,23,3,2,14,17,3,5,6,23,4,3,5,17,20,2,6,17,3,8,10,17
4,1,5,5,0,2,7,8,21,3,2,8,10,2,22,23
6,5,1,2,5,8,24,1,17,3,2,17,20,4,0,2,4,17,2,6,11,2,17,23
13,6,6,7,8,10,20,24,3,1,14,17,2,8,17,1,17,2,2,8,2,5,16,1,24,1,2,3,1,8,10,1,22,1,17,3,0,5,8,2,8,22
7,1,3,3,17,21,22,2,3,10,1,20,2,2,5,5,0,3,7,23,24,4,2,5,16,23
12,3,2,3,16,5,0,1,5,6,17,3,0,2,3,4,2,11,19,20,3,1,5,9,3,5,8,17,5,1,3,6,8,14,5,3,5,17,19,23,6,1,2,14,17,22,23,2,3,13,2,2,22,3,3,8,19
13,7,3,5,6,8,10,17,23,6,2,5,6,8,13,17,8,1,2,3,5,6,8,17,22,4,2,5,8,22,6,0,1,3,6,17,20,5,0,1,2,17,21,4,2,17,20,23,6,2,6,8,17,20,23,8,1,2,3,5,6,17,22,23,6,2,8,10,13,17,24,6,2,3,6,7,14,19,5,2,3,17,19,21,5,1,3,12,17,19
9,1,10,4,17,19,22,23,3,8,17,23,3,5,17,24,1,17,3,17,20,23,2,4,17,3,0,6,8,3,1,5,11
5,2,1,5,2,13,23,2,3,20,2,2,5,2,6,20
6,1,8,3,8,19,23,2,1,8,1,8,1,4,2,7,17
6,5,2,8,17,20,23,3,2,17,22,3,0,8,21,1,5,4,17,19,23,24,1,22
6,2,19,20,1,4,1,5,2,8,23,1,17,2,13,18
7,3,3,8,23,6,2,3,8,17,20,22,6,7,8,10,11,13,24,4,7,8,10,24,1,17,3,7,20,21,7,4,8,10,17,19,20,22
12,2,4,5,3,5,8,23,1,23,3,7,8,23,1,4,4,4,17,23,24,2,10,11,1,5,3,3,17,22,1,17,2,5,17,1,8
9,1,1,1,20,1,13,1,17,2,8,20,2,2,20,1,2,1,5,2,8,23
7,2,8,22,3,3,8,17,1,3,1,2,2,2,23,3,3,17,22,1,2
5,1,3,1,17,1,7,1,22,1,17
8,1,8,2,10,17,1,2,1,20,3,0,3,6,2,10,17,1,3,1,24
10,2,22,24,2,0,2,4,1,6,10,17,2,2,8,4,0,2,3,8,2,8,20,3,0,5,22,2,6,17,2,17,23,2,5,16
7,1,24,3,8,13,24,3,7,8,23,1,6,1,6,3,2,17,21,2,8,20
14,5,3,5,17,22,23,3,3,6,8,3,3,4,23,5,4,5,10,20,22,3,2,8,24,4,8,10,17,19,3,5,17,19,4,5,7,17,24,4,0,2,6,8,5,2,6,7,13,23,3,2,7,17,6,3,7,8,17,22,24,6,1,2,5,19,22,24,3,3,17,21
10,1,17,2,2,23,1,17,2,3,24,3,3,5,8,1,0,2,8,17,1,2,3,3,7,14,2,0,22
3,2,5,6,2,5,8,1,23
6,1,5,1,1,2,8,19,2,0,5,2,1,2,1,0
6,2,5,20,3,2,8,19,3,2,14,17,2,17,19,2,8,17,1,24
11,3,6,17,23,2,8,19,1,10,1,2,1,23,1,5,4,2,5,8,23,3,1,8,20,3,2,5,22,3,2,3,17,3,3,6,19
2,1,17,2,2,5
4,2,8,17,2,13,22,3,2,6,8,3,2,17,24
6,3,2,8,22,2,2,23,3,2,8,22,2,6,17,2,1,8,3,5,6,8
11,2,5,24,2,17,24,2,5,19,2,8,23,2,19,24,2,0,17,2,8,23,2,2,20,3,3,5,13,2,0,3,2,7,23
14,4,2,5,7,17,3,5,7,17,3,2,8,17,3,2,17,20,3,2,6,23,4,2,8,10,23,3,1,2,17,4,4,8,17,20,2,8,17,3,2,6,20,2,0,17,1,23,2,1,8,4,2,4,8,23
2,1,23,1,8
8,3,1,3,5,3,0,8,13,2,2,23,3,2,6,8,3,2,5,23,3,2,14,20,4,7,8,14,24,4,2,4,8,17
5,2,5,23,3,0,13,24,3,4,7,20,1,5,2,5,8
1,2,10,17
7,3,10,14,16,1,3,1,7,1,24,2,5,23,1,17,1,8
8,4,4,8,21,23,3,2,5,8,3,3,5,22,3,2,6,8,4,0,3,8,17,4,0,3,6,17,3,1,8,17,3,8,17,19
5,1,2,1,8,3,0,3,8,3,0,8,10,2,3,19
5,1,7,1,17,1,20,2,2,4,1,20
8,5,2,7,10,22,23,4,2,7,14,23,4,1,2,8,22,2,5,15,5,2,8,17,22,23,4,2,5,8,11,3,0,3,8,6,0,1,6,8,17,20
8,2,1,8,3,17,22,23,2,3,17,1,17,3,3,13,23,4,1,2,20,23,2,3,10,4,20,21,22,24
13,4,2,3,7,8,6,0,1,3,6,17,19,2,2,17,2,13,21,3,3,18,19,6,0,2,3,8,22,24,4,0,7,11,19,7,3,5,8,10,14,17,23,5,0,8,17,19,23,3,2,17,19,3,2,5,7,4,2,3,8,22,2,17,22
8,4,5,6,10,20,4,5,8,14,17,3,1,8,22,3,2,8,18,3,0,4,14,3,3,17,20,2,8,24,4,4,10,13,20
8,6,1,2,3,8,17,23,5,0,3,4,16,17,3,5,8,17,2,2,3,5,0,1,3,7,8,2,6,8,2,6,17,1,24
9,2,5,17,4,2,4,8,20,2,4,17,3,8,17,23,4,6,7,20,22,5,2,5,8,19,20,1,8,3,19,22,23,3,3,7,23
8,1,4,4,1,3,17,24,3,16,17,19,4,0,2,5,8,2,17,23,4,6,8,17,23,3,5,17,19,2,2,19
12,3,4,5,23,1,20,3,4,7,23,3,2,5,21,2,3,17,3,0,1,4,3,0,8,20,2,2,5,3,8,17,19,1,2,1,2,3,6,8,17
8,3,5,10,24,3,5,8,17,4,5,15,17,22,2,4,17,2,6,20,1,17,2,2,20,4,1,8,20,23
9,1,17,2,10,13,1,23,3,5,8,20,1,23,3,3,14,22,2,2,5,3,1,20,22,4,2,20,22,23
3,5,2,3,7,20,22,4,1,3,8,17,4,5,8,17,23
9,2,3,7,1,19,2,4,8,2,5,13,2,8,17,1,0,2,17,23,2,3,18,2,5,17
7,2,10,17,2,5,23,2,2,4,4,6,8,20,22,3,2,7,19,1,14,2,5,8
11,3,5,17,23,3,5,6,17,3,0,5,20,2,1,22,4,2,3,21,24,5,1,2,4,11,22,2,7,20,3,3,17,23,3,2,17,20,3,1,17,21,5,1,6,8,17,22
9,5,2,5,8,13,22,5,0,6,8,14,17,6,3,5,6,7,22,23,5,8,10,17,20,23,4,3,11,17,24,6,0,1,2,6,17,24,5,2,3,8,14,20,5,2,3,8,17,22,4,0,3,14,17
8,1,6,1,5,1,0,4,4,6,17,24,1,3,2,2,17,1,1,1,8
10,3,1,16,19,4,4,8,16,17,3,5,6,17,3,0,6,16,3,2,5,8,5,2,5,8,22,23,3,3,19,23,2,3,4,3,3,22,23,4,1,4,8,17
7,5,0,2,5,8,23,4,2,3,17,22,4,0,2,3,23,4,0,5,14,17,5,0,3,17,23,24,4,2,7,8,22,3,1,3,8
8,3,11,15,17,5,3,7,19,22,23,3,2,8,21,4,0,2,3,8,4,2,3,19,24,3,1,2,23,4,2,8,17,24,3,3,5,23
9,5,1,6,7,19,22,6,1,2,6,14,22,23,3,2,4,17,4,5,8,17,24,3,1,7,11,4,0,8,13,20,2,0,17,4,2,3,4,19,5,2,3,5,8,23
8,1,8,1,22,1,23,1,5,2,2,23,1,23,3,12,22,23,3,0,14,21
6,1,5,1,3,1,17,1,8,1,5,1,20
10,3,1,3,17,3,5,6,7,2,2,21,1,8,3,4,8,22,2,23,24,2,2,8,2,8,17,2,1,8,3,2,7,17
4,1,8,1,23,1,23,1,21
10,7,1,2,3,11,20,22,23,5,0,8,16,17,23,5,1,2,13,17,23,3,0,8,17,5,2,5,17,19,23,5,5,6,8,17,23,4,0,5,17,19,4,2,10,17,20,7,1,2,3,8,20,23,24,3,3,5,8
7,2,6,8,2,0,20,3,13,17,19,1,24,2,3,8,2,16,17,3,0,8,17
6,1,17,1,19,3,2,8,23,2,10,16,1,3,1,14
11,3,5,10,19,1,0,2,5,17,4,7,8,10,17,2,1,11,2,3,23,1,8,3,2,14,20,2,5,8,1,22,2,1,5
8,2,8,17,2,0,14,3,8,20,24,1,17,2,13,19,2,3,22,3,4,7,8,3,7,13,17
4,5,1,6,8,17,23,5,1,5,6,17,19,5,6,8,17,19,23,6,2,7,14,17,22,23
8,4,0,1,2,14,1,5,2,8,14,1,5,1,0,2,2,24,1,12,2,4,14
7,3,0,5,8,2,1,5,2,8,20,4,0,2,22,23,2,1,2,3,0,2,10,2,8,12
6,2,2,6,2,2,22,2,2,14,1,24,4,1,6,8,17,3,2,3,17
9,3,2,3,19,1,5,2,13,24,1,2,2,7,17,2,21,23,3,3,8,20,1,11,1,17
6,4,2,5,9,24,1,8,2,5,10,6,2,4,6,8,17,23,3,3,7,17,1,2
8,2,16,17,1,23,1,4,1,2,1,3,2,5,17,2,1,17,1,22
11,4,4,8,10,22,5,1,3,8,10,17,4,1,7,23,24,1,17,2,8,23,6,1,2,3,17,23,24,5,2,6,10,17,20,5,2,5,8,17,23,5,2,3,8,19,24,4,2,3,5,22,4,2,5,7,11
3,1,20,3,3,19,22,1,10
7,6,0,2,6,10,17,20,2,8,17,4,2,7,23,24,5,2,5,22,23,24,3,5,20,23,5,4,5,8,17,20,2,8,21
5,4,2,17,23,24,4,2,5,17,22,5,1,3,5,10,17,4,0,2,5,23,1,2
7,2,2,17,2,6,17,2,2,19,2,7,23,2,8,20,4,2,5,22,23,2,20,22
3,1,8,2,13,17,2,6,23
14,4,6,10,20,23,4,2,5,8,23,3,3,5,23,4,6,8,17,23,1,13,2,4,5,2,6,17,3,0,2,5,3,0,2,17,3,3,8,22,3,6,13,17,3,0,8,13,4,5,17,21,23,3,2,17,20
7,3,2,8,11,5,2,3,8,14,24,2,3,17,2,2,8,1,2,4,5,11,14,17,4,3,5,8,17
8,4,1,4,23,24,5,1,5,8,10,17,2,6,17,6,2,3,5,6,10,17,4,0,3,7,17,4,2,3,5,14,4,0,6,8,19,3,2,6,20
3,1,23,1,8,1,20
6,1,17,2,8,19,3,8,10,20,4,0,5,10,20,3,8,17,19,1,20
6,2,8,10,2,0,23,2,14,23,1,3,1,2,3,2,5,22
11,1,23,1,3,1,24,1,10,1,23,1,3,2,3,10,2,4,23,1,0,1,5,1,17
8,1,5,1,8,2,5,24,2,6,8,2,2,14,2,10,14,3,1,2,8,2,0,2
6,2,5,23,2,17,23,4,5,8,10,17,2,3,8,2,0,21,4,5,8,17,22
3,2,3,6,1,14,2,17,20
10,1,0,3,4,17,19,5,1,5,8,17,22,3,2,3,20,3,3,17,22,4,2,3,19,22,3,1,2,3,4,1,8,20,21,2,2,24,2,7,23
8,3,0,3,4,3,2,17,23,2,5,7,2,2,17,2,0,21,1,22,2,8,20,3,8,17,23
6,2,1,7,2,6,8,2,17,22,2,2,23,1,5,2,6,7
3,1,2,1,23,1,5
11,2,3,8,4,8,13,23,24,2,7,10,1,23,2,8,17,1,7,2,5,16,3,7,8,24,1,2,2,20,21,3,2,8,20
6,2,2,17,2,22,24,1,5,1,19,1,22,1,1
5,3,7,16,17,4,0,5,17,20,4,1,2,4,17,4,1,3,8,17,3,0,2,5
10,3,8,17,23,1,8,1,9,3,2,17,20,3,17,19,22,2,2,5,3,7,8,17,4,2,5,17,22,4,7,17,22,24,4,0,5,20,23
14,3,3,6,17,5,13,17,19,23,24,3,7,8,23,2,2,3,2,4,17,3,2,3,22,2,5,21,2,2,7,2,6,17,5,2,5,8,20,22,3,5,8,23,3,0,8,19,3,5,14,22,1,3
11,5,1,3,7,10,22,2,5,17,3,3,17,24,4,0,3,17,23,4,1,4,17,20,4,5,8,22,23,5,2,4,5,14,19,5,3,4,11,17,23,3,1,11,17,4,0,13,17,23,4,0,3,8,17
8,5,0,1,8,10,17,3,2,3,17,5,0,3,8,13,17,2,0,4,4,2,3,14,17,4,8,13,17,24,1,17,3,2,5,6
12,1,17,4,3,7,14,23,5,5,8,13,23,24,1,20,2,19,23,3,2,3,14,1,24,2,6,8,1,22,1,3,1,3,1,20
7,5,3,5,6,8,17,3,2,5,14,2,8,17,3,1,6,17,3,3,17,22,5,0,1,8,23,24,2,8,20
7,1,17,1,22,1,17,1,23,1,19,1,16,1,3
7,2,8,23,2,3,14,3,3,8,17,1,8,1,2,1,17,2,2,3
8,1,7,1,22,2,8,23,5,0,2,3,16,17,2,5,6,2,17,23,3,0,12,13,2,5,22
7,4,3,8,17,23,2,8,21,4,2,3,8,20,3,2,17,23,2,1,17,2,0,24,3,2,8,20
7,1,3,1,19,1,1,1,3,1,7,1,23,1,17
17,7,2,3,4,5,7,8,17,4,3,8,17,23,4,2,6,8,22,3,3,6,8,3,3,5,23,4,5,13,17,22,4,0,1,2,22,6,1,2,8,17,19,22,5,6,8,14,19,22,6,1,2,8,17,20,24,8,1,2,5,7,8,17,23,24,2,0,20,4,1,6,8,17,4,1,3,6,17,2,17,23,5,2,3,5,8,17,2,2,4
9,1,24,1,3,1,8,2,5,17,1,17,2,2,5,2,17,22,1,8,2,5,23
6,1,22,1,8,1,22,2,2,21,5,0,2,8,16,24,2,17,23
13,2,8,24,1,23,2,17,20,2,2,5,3,0,20,24,2,5,8,3,8,19,22,2,2,6,1,2,5,5,7,8,23,24,2,2,8,2,11,24,1,14
11,5,5,6,17,22,23,3,7,8,14,4,2,5,8,10,4,1,2,5,17,3,13,14,17,3,2,17,20,3,0,1,5,4,2,5,8,17,5,2,3,5,17,20,3,2,4,22,4,1,5,6,20
11,1,3,1,23,1,3,3,2,5,23,1,5,1,3,1,2,1,22,3,4,5,22,1,12,1,22
4,3,3,8,17,2,20,22,3,2,7,20,2,5,14
8,2,8,23,2,3,17,2,19,24,3,3,5,17,2,2,24,4,0,8,19,23,3,8,13,19,1,17
12,3,1,17,24,2,6,17,3,3,4,8,2,3,23,3,17,22,23,2,17,23,3,2,6,7,1,22,3,3,6,23,5,5,6,8,17,19,4,5,6,10,22,3,0,5,8
5,1,2,1,8,1,20,1,7,1,7
6,3,5,17,22,2,5,19,5,7,8,22,23,24,1,17,1,1,2,17,19
8,1,3,1,2,1,4,1,0,1,8,2,17,23,1,17,1,8
8,4,8,10,14,17,4,1,3,6,23,3,1,4,17,4,6,20,22,23,6,2,8,17,19,23,24,3,6,8,17,4,2,5,20,23,2,3,7
14,4,3,9,10,17,6,1,5,8,15,22,23,4,0,2,17,23,4,1,2,5,8,4,2,3,10,23,2,2,5,2,3,7,4,2,8,17,22,5,2,6,10,20,22,5,2,3,8,14,23,6,2,3,6,8,20,23,5,0,2,8,20,23,5,1,8,17,20,23,1,22
9,5,2,3,8,22,24,3,17,22,24,5,1,2,13,16,22,6,2,5,7,16,19,22,2,22,23,6,0,5,8,15,17,19,6,0,2,5,8,17,19,7,1,2,5,8,13,17,23,2,3,17
4,2,3,23,1,23,2,2,20,2,5,17
6,3,3,5,20,3,1,2,14,3,0,2,5,4,2,4,17,23,5,2,3,6,8,24,2,3,8
5,1,8,1,7,2,2,8,3,7,8,24,1,19
6,1,8,1,17,3,3,8,23,1,4,1,3,1,8
4,2,4,23,2,17,24,4,1,3,7,10,2,17,23
5,3,1,2,17,1,2,1,0,1,2,1,8
8,1,17,2,8,23,2,17,19,1,3,2,3,23,3,0,8,17,1,22,2,0,17
7,3,3,6,17,5,0,1,5,8,19,3,2,5,19,4,3,5,16,23,5,1,2,5,23,24,4,0,2,16,24,4,0,1,17,24
12,2,3,22,1,5,5,3,5,14,17,22,2,6,23,4,5,6,11,23,3,3,5,17,3,0,1,17,3,2,3,23,2,2,8,2,17,23,5,2,17,19,22,23,3,5,8,19
3,1,8,1,7,2,19,22
12,4,6,7,8,17,3,3,5,23,3,3,5,14,2,17,22,5,1,2,4,8,14,3,2,22,23,3,5,12,16,3,5,17,21,2,20,22,5,6,8,13,19,23,4,1,5,13,16,2,3,8
12,4,2,5,8,13,3,10,17,24,3,1,8,10,3,2,10,14,3,2,3,17,1,17,1,3,1,24,2,14,23,6,0,3,8,13,17,22,2,2,17,2,2,6
8,5,2,5,7,8,24,2,1,7,1,20,2,17,23,3,3,8,17,3,0,2,14,3,2,3,10,3,8,22,23
20,5,1,2,5,13,23,1,22,4,3,5,6,20,5,2,3,5,8,23,5,3,6,17,19,23,4,3,6,8,23,4,2,8,17,23,4,2,5,6,23,4,8,12,17,23,5,0,2,8,10,17,6,2,5,7,8,17,22,4,7,17,20,23,1,2,6,1,2,5,8,23,24,3,1,6,20,4,1,5,17,23,3,1,5,8,4,2,8,23,24,2,17,20,5,2,3,4,5,17
12,2,14,22,3,4,22,23,3,5,8,23,1,6,2,2,3,2,0,13,2,2,17,1,14,4,0,1,8,23,3,1,17,23,1,7,1,17
9,1,17,2,8,23,2,2,23,2,6,8,5,1,7,8,17,23,3,2,17,22,2,0,17,2,2,7,2,3,5
9,2,20,23,1,3,2,5,22,1,5,3,0,2,23,7,2,5,8,10,17,20,23,1,1,3,2,5,8,1,17
10,1,3,2,1,17,2,5,6,1,17,5,5,6,10,20,23,1,2,2,6,24,2,5,23,3,5,8,19,1,6
7,2,5,23,1,3,1,10,1,23,1,8,1,2,2,2,8
13,3,8,22,23,3,3,17,20,3,5,7,23,3,3,5,17,1,1,3,5,10,17,5,1,6,19,20,22,5,10,11,17,20,23,4,2,3,20,22,1,20,3,1,5,17,2,20,24,6,0,3,5,6,8,17
10,7,0,3,6,7,8,10,17,3,2,3,4,2,3,20,7,2,5,7,8,11,20,23,4,0,2,22,23,4,0,8,20,23,1,1,4,2,5,22,23,5,0,2,5,17,19,5,1,8,20,22,24
10,3,4,8,23,2,3,8,5,2,8,17,19,23,3,1,2,22,1,3,3,1,6,8,4,0,5,20,22,2,3,5,3,8,17,23,3,1,8,14
3,1,1,2,2,21,3,2,8,20
7,2,8,17,1,17,1,23,1,4,1,22,1,19,3,17,19,22
10,1,17,2,3,5,2,5,17,3,1,3,5,3,0,7,8,3,2,6,10,3,3,22,24,3,13,17,23,3,3,17,22,4,1,2,20,24
7,3,1,3,17,1,23,2,3,10,1,5,2,5,22,3,2,8,23,2,3,5
5,1,6,1,8,1,23,2,5,20,1,2
7,2,3,14,4,1,3,5,21,3,0,1,2,4,0,10,17,23,3,0,8,20,8,0,2,3,5,8,14,17,23,3,8,16,22
8,1,23,1,0,3,8,19,22,2,1,17,2,0,3,1,5,2,0,23,3,8,17,19
8,3,3,4,5,3,5,13,24,5,7,8,10,17,22,5,2,7,20,22,23,4,1,2,17,22,6,4,5,17,20,21,23,6,2,6,8,17,20,21,5,2,3,5,17,20
8,2,19,24,3,2,17,20,1,17,4,0,3,8,17,3,13,17,24,2,0,7,1,2,4,2,8,23,24
2,2,10,17,2,23,24
14,3,8,13,24,3,2,5,20,2,5,23,3,5,7,19,1,11,3,5,17,20,3,19,20,22,4,5,10,23,24,4,3,7,8,17,2,0,20,4,1,8,20,22,3,1,2,5,3,0,22,23,3,0,17,23
5,1,24,2,8,17,1,5,3,1,5,23,1,0
8,5,3,4,5,10,14,2,13,23,3,3,5,20,3,6,20,22,2,1,23,1,5,4,0,17,22,23,2,2,8
4,1,1,1,23,1,23,1,24
9,4,1,3,5,7,2,8,23,4,8,19,22,23,5,6,7,10,19,20,4,1,17,22,23,4,0,3,6,20,4,0,3,8,10,5,8,17,22,23,24,5,1,4,14,20,22
6,2,10,20,2,0,19,1,23,1,17,1,0,1,8
5,4,5,6,8,20,2,5,8,1,23,1,22,2,0,3
13,1,24,3,6,17,22,2,2,17,2,3,8,1,5,4,0,3,8,17,2,1,5,1,17,4,0,5,10,22,1,11,1,17,1,20,2,17,24
8,4,2,8,10,23,1,17,2,5,23,3,0,14,17,4,3,5,17,20,2,1,17,2,6,13,3,1,8,24
7,1,7,1,5,1,17,1,17,2,7,20,2,8,20,2,3,23
5,2,2,17,2,6,17,3,2,17,24,2,5,14,2,3,23
7,2,8,17,3,8,19,23,2,2,3,1,0,2,2,5,3,17,20,24,4,2,5,7,8
4,1,13,1,23,1,20,1,3
4,2,17,22,1,24,1,6,1,11
10,2,19,22,1,2,1,0,2,2,22,1,7,2,8,17,3,4,17,22,2,2,3,2,2,8,2,2,5
7,6,2,5,8,13,22,23,1,20,5,5,7,17,20,23,5,3,6,7,8,13,4,1,2,17,23,6,5,7,17,20,22,23,3,5,10,13
6,2,3,24,3,17,19,22,3,4,7,17,3,5,17,23,3,5,10,21,3,2,4,17
9,3,1,11,22,3,3,17,22,2,19,23,1,20,1,23,3,7,10,19,2,3,8,3,7,8,24,3,3,6,19
8,1,17,4,4,5,20,23,3,2,14,22,2,3,17,2,2,20,4,6,8,17,23,2,3,16,4,14,17,20,23
7,3,1,4,14,3,3,5,8,1,20,2,6,23,2,8,23,1,5,2,8,24
5,1,23,2,2,5,2,5,17,2,1,14,1,0
15,3,3,5,7,1,23,3,6,17,22,4,0,3,4,17,2,14,19,1,24,2,1,14,4,2,3,8,23,2,3,17,2,8,17,1,2,2,3,8,3,2,7,20,3,2,23,24,1,6
5,3,8,17,23,3,2,3,23,3,3,17,23,1,0,3,2,8,17
6,2,3,22,2,3,5,2,16,17,1,20,2,7,22,3,1,5,14
10,4,2,6,17,24,4,2,4,17,19,2,1,17,1,5,4,2,8,18,23,3,3,8,17,5,3,5,10,19,22,4,2,3,4,17,5,2,3,4,5,17,4,5,14,17,20
8,1,4,1,8,1,13,1,6,1,8,1,17,1,3,2,8,17
6,4,2,5,10,23,3,17,19,23,3,1,3,17,4,2,8,17,23,3,0,5,7,2,0,3
11,2,8,10,2,5,8,2,8,14,3,5,7,8,3,19,20,23,3,7,8,24,2,5,8,2,0,22,1,17,2,3,19,1,17
11,1,17,4,0,2,5,17,2,2,17,2,8,23,3,0,3,17,5,1,2,5,7,8,3,3,17,20,1,2,3,2,17,22,1,6,2,6,8
3,1,2,1,22,2,2,10
10,2,1,17,2,16,23,1,9,3,2,14,23,1,2,2,5,23,2,22,24,3,2,17,22,2,20,22,2,1,3
9,2,8,23,3,8,17,19,2,8,20,6,3,5,7,17,19,20,4,3,8,13,22,4,1,2,6,8,4,7,8,17,24,2,5,22,3,5,19,22
6,4,2,10,17,20,3,0,2,3,3,17,20,22,4,2,5,17,23,5,2,3,17,19,23,2,3,13
6,1,8,1,14,2,1,14,1,8,2,17,24,1,3
4,2,3,4,3,17,23,24,4,2,7,8,17,2,3,10
17,1,3,2,5,7,1,2,2,22,23,1,20,3,0,6,23,3,5,10,17,2,8,23,2,1,19,3,2,4,14,2,5,23,4,1,3,5,8,2,16,17,2,1,17,2,2,3,2,9,19,2,17,23
5,2,3,8,1,3,1,8,2,6,14,5,2,3,14,17,20
12,1,19,2,3,22,1,5,2,22,23,1,5,1,14,3,2,5,22,2,2,5,1,8,4,2,7,11,17,2,8,19,2,20,22
4,3,17,22,24,2,17,22,4,3,7,13,19,2,0,3
11,4,3,6,8,17,7,0,2,3,7,8,17,24,6,4,8,10,19,22,23,4,2,7,8,10,5,2,4,8,17,19,4,1,3,22,24,4,3,7,16,24,5,2,5,7,8,24,7,1,3,5,6,13,17,22,6,2,8,11,17,19,22,3,2,8,17
9,1,2,2,5,6,1,5,1,10,1,1,1,23,1,3,1,17,1,18
12,3,3,7,24,3,5,22,23,1,5,4,2,3,17,20,2,7,20,4,3,5,8,24,3,5,17,19,3,1,4,5,4,3,5,8,17,2,2,5,1,2,3,0,5,20
9,3,0,10,22,4,1,2,17,22,6,4,5,7,14,17,22,4,2,8,16,23,5,2,3,6,17,21,3,3,4,17,3,2,8,17,4,1,2,9,17,4,2,5,6,24
5,3,2,3,17,3,5,7,8,3,7,10,17,2,5,8,1,20
7,5,1,3,7,8,17,5,5,6,8,15,23,4,3,17,19,23,8,5,6,8,10,11,13,14,23,5,0,1,6,7,19,4,4,5,6,23,6,2,5,7,17,19,22
8,1,20,1,22,1,20,4,1,8,13,17,1,23,1,0,1,3,1,2
16,2,2,7,3,8,17,20,2,16,20,3,0,3,19,2,5,20,2,1,8,3,1,13,24,2,18,22,4,5,6,20,21,3,2,5,8,5,1,4,7,8,20,4,1,2,3,17,5,2,3,8,19,23,3,4,6,17,3,1,5,8,3,5,8,21
6,2,5,6,3,3,14,17,3,5,10,23,2,17,23,2,2,4,4,2,6,14,17
11,6,2,3,5,6,8,17,4,3,6,14,17,3,1,3,17,5,0,2,8,17,23,3,2,17,20,5,1,2,17,20,24,3,1,17,24,3,2,7,8,3,0,3,17,5,3,5,8,14,17,5,3,10,14,17,23
5,2,11,23,5,2,3,6,7,17,3,5,10,23,1,5,2,0,19
8,3,1,17,23,4,0,8,16,17,2,10,17,5,5,6,10,15,23,3,2,8,23,3,5,8,23,2,5,17,3,1,3,8
14,2,8,17,2,3,17,1,2,2,13,24,2,7,8,2,1,7,2,2,17,1,21,2,3,5,2,5,10,1,17,3,8,13,20,1,14,1,23
9,4,4,5,14,24,2,13,22,3,19,20,22,2,17,20,3,2,5,22,3,2,17,20,4,1,3,7,23,5,1,5,8,17,20,2,5,8
11,2,2,23,4,1,3,17,23,2,1,8,2,1,17,1,8,2,2,20,2,3,17,2,0,19,1,22,4,2,10,19,24,1,17
6,2,1,24,2,2,5,3,13,17,23,2,20,21,4,2,5,7,8,3,1,17,23
8,2,17,20,2,8,23,2,0,7,2,8,17,1,6,2,8,20,3,2,17,24,2,0,24
15,5,1,5,6,10,17,7,1,2,5,8,13,22,23,4,2,8,17,20,5,2,17,20,22,23,3,2,10,21,8,2,3,8,10,11,12,17,20,5,1,6,8,14,17,5,3,5,17,20,22,7,0,2,8,10,17,19,23,4,2,3,17,23,3,2,8,23,5,1,2,3,20,23,5,4,5,13,14,20,4,1,2,3,7,6,2,3,8,17,20,23
6,1,8,1,17,5,2,3,14,22,23,2,6,7,1,3,2,2,17
9,2,7,17,1,5,1,24,2,6,17,5,2,3,5,8,17,2,1,17,2,8,17,1,8,2,1,20
8,1,7,1,20,1,6,1,5,2,6,17,1,5,1,5,3,0,6,17
4,2,1,4,4,4,5,17,19,4,2,3,5,20,3,5,20,24
6,1,5,2,5,17,1,8,4,5,10,17,23,4,5,6,22,23,2,1,8
10,8,2,3,6,7,8,14,17,19,4,1,4,5,23,5,1,2,6,8,24,7,1,2,3,8,10,22,24,5,1,3,21,23,24,1,17,4,2,17,20,22,6,1,4,13,17,20,23,5,1,2,8,13,24,5,2,3,8,17,22
8,1,0,1,8,1,8,1,3,1,8,1,23,1,17,1,14
10,2,0,3,2,13,24,2,3,7,1,17,3,1,19,21,2,7,17,3,1,8,20,2,2,17,2,20,23,2,5,22
5,2,3,6,2,2,5,2,0,4,5,5,6,7,17,23,1,8
7,1,14,1,6,1,2,1,3,2,3,8,1,24,2,2,5
10,1,5,2,0,10,1,8,3,2,14,22,6,1,5,8,10,17,22,3,3,5,20,3,1,6,19,3,0,14,17,4,2,8,13,17,3,2,3,22
5,2,2,5,2,8,17,3,0,2,17,3,2,23,24,4,1,2,17,22
8,4,2,16,17,24,3,2,17,23,4,0,2,3,17,4,5,8,10,17,2,5,17,1,17,5,0,1,4,8,9,3,2,6,17
3,1,22,1,17,2,2,17
5,2,20,24,1,2,1,1,1,2,1,17
7,6,2,3,5,7,11,22,4,7,8,19,23,3,8,16,23,5,8,17,19,23,24,4,2,5,23,24,4,0,4,5,17,2,2,5
11,3,1,5,23,3,4,6,17,4,3,4,20,23,1,1,1,0,3,0,8,19,3,8,17,23,5,0,2,5,20,23,3,6,7,23,3,17,20,23,4,0,6,17,20
4,1,10,1,2,1,8,1,20
