36,3,7,72,75,2,22,91,1,20,1,78,2,27,81,3,8,27,75,3,54,70,75,3,70,94,97,4,61,62,78,93,2,2,61,1,23,1,57,3,5,19,91,1,63,1,17,2,10,62,3,27,41,91,1,46,3,27,61,91,2,5,24,2,41,79,3,57,70,95,4,33,70,79,91,2,5,27,5,8,17,27,56,63,1,8,2,27,91,3,4,27,63,1,52,4,33,66,67,91,4,5,49,70,75,1,61,2,89,91,2,35,79,1,59,4,3,5,50,73
30,4,20,33,72,90,2,8,22,1,78,2,22,49,2,22,84,4,33,34,49,57,2,1,70,5,45,57,61,80,90,3,17,45,69,4,10,45,50,91,3,45,56,61,3,11,57,72,1,3,4,8,34,54,61,6,23,29,30,34,52,90,2,8,66,4,27,89,97,98,4,17,29,34,91,3,4,14,54,3,2,6,20,5,5,20,68,70,91,2,5,61,2,39,45,5,2,15,22,42,89,2,82,91,3,5,27,66,2,27,59,3,1,2,75,3,20,29,91,4,27,52,61,75
40,3,3,41,72,5,22,46,49,67,90,3,25,45,59,2,44,54,3,5,14,59,3,35,57,91,2,50,94,2,57,66,3,52,75,89,3,1,35,61,4,22,42,67,79,1,72,4,2,17,19,45,4,5,22,45,59,1,79,3,34,87,93,5,1,24,45,61,91,3,3,97,98,3,4,8,79,2,5,8,3,21,78,80,4,23,32,72,89,6,2,29,33,35,52,91,2,7,94,1,89,3,44,59,95,2,70,91,3,1,27,90,3,17,42,78,4,61,67,70,79,2,5,6,3,45,56,62,1,90,1,27,3,34,45,79,1,56,3,6,29,86,1,54,4,1,22,29,91,2,59,61
29,3,5,42,61,2,4,91,2,52,84,1,91,3,5,61,62,3,8,39,92,3,63,70,91,3,19,29,91,2,52,66,1,84,2,70,98,3,17,26,91,3,59,64,87,1,79,1,98,2,27,68,1,39,6,33,36,39,42,79,91,4,10,34,35,39,2,0,45,4,8,24,54,79,2,35,91,2,34,46,2,6,17,1,32,2,27,52,2,1,2,2,33,89,2,19,69
22,3,5,91,97,2,33,52,2,0,25,2,70,91,1,41,1,36,3,27,62,91,3,2,5,67,3,1,25,66,2,45,99,3,3,27,54,2,8,54,4,5,59,67,91,1,27,2,39,56,3,13,45,90,2,57,79,2,54,81,4,29,61,66,84,1,5,2,5,94,2,56,98
23,1,13,1,2,1,91,1,35,1,91,2,8,49,2,0,42,2,17,84,1,54,2,61,70,1,5,1,54,1,76,2,70,84,1,70,2,4,68,2,46,61,3,11,34,35,1,8,1,70,2,43,62,1,27,3,29,35,56
26,3,8,28,61,4,8,52,56,91,5,3,19,35,64,84,5,1,7,19,50,76,2,35,87,1,71,3,2,40,66,1,59,2,7,66,4,2,28,42,88,1,49,2,29,61,3,2,5,27,3,5,45,90,2,70,91,4,19,27,66,91,3,33,42,49,3,52,56,90,2,45,91,2,20,48,4,50,54,75,90,3,19,26,39,2,17,79,3,2,20,91,3,3,42,91,3,45,57,70
21,1,38,2,44,62,1,70,1,90,1,45,1,70,1,50,2,72,87,1,41,1,61,1,1,2,82,93,1,22,1,8,3,5,34,39,1,1,4,17,33,62,70,1,45,1,34,1,85,1,46
21,1,2,1,81,1,70,2,17,83,1,54,1,20,3,5,49,93,2,69,70,1,27,1,2,1,79,1,0,2,34,50,1,52,3,39,45,52,3,5,46,91,2,29,44,3,2,5,79,1,35,1,75,2,2,91
20,2,5,19,3,28,39,45,2,2,93,1,29,1,10,1,11,1,7,2,42,59,1,78,1,98,1,19,1,27,1,33,1,77,1,13,2,20,45,2,34,72,1,84,1,50,1,61
26,2,24,35,2,3,17,1,22,2,26,76,1,86,4,2,70,93,99,5,20,23,34,57,79,2,89,91,3,6,23,89,4,5,26,52,61,4,17,28,93,98,4,5,28,56,61,1,26,2,27,91,1,91,2,27,77,2,27,65,2,8,45,1,70,2,0,81,2,52,61,1,83,2,8,46,2,82,90,2,1,50,3,29,35,61
26,3,8,70,89,1,16,2,29,54,2,0,42,1,29,1,75,4,13,17,59,91,1,45,2,63,97,2,2,59,1,91,2,5,61,2,28,45,2,52,77,1,2,2,27,76,3,57,70,79,1,61,3,23,72,73,3,5,90,98,3,10,17,19,6,8,14,32,34,62,66,5,4,27,59,61,84,2,70,78,2,28,67,2,61,98
26,2,3,72,1,75,1,28,1,17,2,17,72,3,17,22,56,4,45,66,67,91,2,59,72,1,3,2,3,38,1,7,2,46,61,3,28,42,84,2,72,99,4,10,45,62,79,1,92,1,14,2,56,66,4,4,5,23,27,1,93,4,27,45,54,65,2,17,70,1,61,1,91,2,24,70,3,42,61,70
29,2,50,69,2,9,90,3,34,57,69,2,57,69,2,28,56,4,33,71,84,94,1,34,1,54,2,59,80,3,17,75,84,4,27,32,42,91,1,35,3,27,28,70,4,3,70,84,91,2,45,67,4,2,3,44,76,5,8,46,70,75,90,4,27,29,59,72,3,17,33,70,3,24,29,46,1,2,3,8,24,70,6,5,23,32,38,42,70,2,33,53,2,22,85,2,61,72,4,1,5,42,45,3,31,41,70,5,2,20,56,79,94
34,1,70,4,46,64,75,91,4,5,8,30,32,5,17,29,33,61,69,2,22,61,5,3,35,45,71,91,1,94,2,1,33,6,19,29,34,45,50,70,4,10,20,71,84,4,10,22,72,86,5,5,13,20,37,52,3,28,39,91,4,1,35,49,72,5,2,45,72,94,95,3,24,68,70,2,27,57,6,10,23,27,61,79,91,5,5,33,69,76,89,4,27,42,45,90,3,23,25,91,5,8,29,78,90,91,2,52,90,4,6,46,70,87,7,0,2,70,89,91,94,99,5,26,60,61,91,95,2,19,44,4,2,17,91,93,5,11,54,56,67,73,5,1,14,48,59,69,5,33,55,69,79,83,2,27,33,5,2,19,59,61,84,4,2,7,49,91
29,2,5,70,2,22,46,3,2,8,14,2,42,78,1,70,3,10,55,61,2,38,68,4,3,70,91,94,7,8,17,27,46,67,91,94,4,32,78,91,94,1,20,1,70,2,64,68,3,28,34,67,4,22,46,49,61,4,2,34,44,94,4,27,61,79,84,5,0,1,26,45,69,2,22,72,3,71,79,83,1,30,3,1,91,92,1,69,4,33,66,72,91,4,23,27,32,80,3,46,56,91,6,3,4,7,45,46,67,3,34,44,84,3,56,67,91
34,3,2,62,72,2,3,20,4,30,37,45,98,4,26,70,91,93,2,45,98,2,27,61,2,34,95,2,59,87,1,93,4,4,45,70,91,3,10,39,63,1,91,4,10,33,46,84,2,26,34,2,61,70,1,20,2,23,52,3,23,34,46,3,22,70,94,1,1,1,69,1,32,3,2,29,65,2,28,57,1,28,3,7,70,84,2,17,42,1,17,2,5,46,8,2,9,17,20,28,32,61,92,2,26,75,1,66,5,2,3,5,27,65,2,70,72
25,4,11,29,90,91,2,27,70,1,91,2,45,57,3,45,52,67,1,11,3,27,28,61,3,7,23,61,2,69,91,3,45,61,90,1,2,4,32,52,70,75,2,34,91,1,20,2,39,69,2,33,35,1,87,3,30,41,98,1,91,1,70,1,52,4,28,32,67,80,1,94,1,42,2,45,75
24,4,3,45,61,91,1,45,1,87,1,33,1,91,1,22,1,75,2,5,17,3,5,17,35,2,52,91,1,98,1,61,1,42,1,28,2,2,91,1,0,2,27,61,1,52,1,26,1,70,1,52,1,61,1,77,1,45
31,3,4,42,61,3,2,8,92,3,2,19,84,2,8,87,2,63,85,4,34,42,84,90,2,25,59,1,88,1,91,5,8,17,37,70,72,1,82,2,45,56,2,63,91,2,7,70,1,91,1,45,3,17,26,39,1,98,2,42,68,1,22,1,66,2,20,67,2,20,69,2,24,52,1,64,1,52,2,45,87,2,2,71,4,60,84,93,99,2,68,70,2,1,2
26,3,32,61,90,2,34,45,5,4,20,43,52,70,1,97,4,24,41,57,66,2,5,54,3,27,69,70,4,29,52,65,94,3,8,45,72,2,7,70,1,52,2,75,81,1,89,2,17,54,4,2,34,52,62,2,2,76,1,70,2,17,87,2,29,70,2,33,60,1,34,3,27,70,94,2,21,67,2,45,49,2,32,93,2,71,91
15,1,75,1,71,1,28,1,91,1,91,1,44,4,46,75,79,91,2,21,46,1,94,1,54,3,25,52,54,1,23,1,17,1,70,1,27
20,2,30,89,1,45,1,52,1,17,1,29,4,0,8,45,70,1,5,2,94,99,3,1,4,91,1,2,3,3,29,32,1,28,3,5,8,30,2,65,91,1,3,1,20,1,66,3,1,61,70,2,45,52,1,45
32,2,62,98,3,61,72,93,3,6,23,61,2,2,17,1,91,2,29,52,5,1,34,52,70,91,3,56,69,92,3,16,23,42,3,2,17,33,3,42,45,52,3,2,8,32,4,41,45,52,69,4,70,79,84,93,4,45,52,91,98,3,2,33,91,2,52,61,2,23,86,3,32,34,70,2,16,91,4,5,49,70,71,3,50,72,93,2,57,70,2,28,85,2,45,59,3,5,69,70,2,17,81,5,5,19,22,33,70,3,20,84,99,3,62,95,98,3,2,17,73,4,22,61,79,91
25,1,8,3,5,90,98,2,27,94,3,49,59,72,2,45,91,1,65,2,45,91,2,27,61,2,20,57,1,91,2,8,18,3,35,44,63,3,24,50,87,1,41,5,45,49,52,61,70,2,45,54,2,66,91,4,2,6,46,52,2,27,61,1,2,2,70,79,1,67,2,7,27,1,23,4,27,28,41,59
36,4,17,27,52,79,1,61,6,33,34,42,67,70,91,7,19,26,34,42,49,52,91,7,2,17,33,61,63,76,91,5,17,35,42,46,67,7,2,6,17,22,29,87,91,5,3,8,24,27,97,7,2,3,23,27,70,89,91,2,70,78,3,29,71,90,7,17,29,47,63,75,81,91,7,19,20,27,33,61,79,88,5,29,45,61,69,91,5,27,28,36,65,78,7,34,61,69,75,90,91,98,7,1,28,32,42,61,64,84,7,2,17,20,64,70,94,99,5,4,45,46,70,72,8,3,8,17,32,45,50,52,90,3,62,70,91,5,27,32,34,61,66,5,44,83,89,90,91,7,27,79,84,85,87,91,93,10,22,27,34,37,42,45,52,71,85,89,3,23,52,61,6,2,5,34,88,91,97,4,2,19,29,45,3,45,90,91,3,27,29,91,5,20,23,27,42,61,3,24,35,45,3,27,56,70,3,8,29,62,5,5,6,23,56,90,3,85,89,91
40,2,49,54,2,28,54,6,19,23,56,70,78,91,4,40,46,50,68,6,3,17,23,29,49,94,3,32,39,45,1,68,3,23,28,70,6,8,22,54,70,75,79,1,57,6,6,19,56,77,91,95,2,61,70,3,45,79,91,4,22,27,56,89,3,19,70,79,3,5,47,92,1,61,5,20,32,42,59,86,1,22,4,17,19,29,63,3,20,22,61,5,42,45,73,90,94,4,7,42,69,94,5,17,27,45,91,94,3,15,24,35,2,56,71,1,78,5,8,31,38,72,94,3,17,33,94,4,31,72,83,91,1,78,2,72,91,5,8,27,53,61,72,2,41,70,4,2,17,31,72,4,1,32,72,85,4,27,33,45,78,4,20,22,49,56,6,20,27,28,61,69,91,5,14,42,67,89,90
34,3,20,27,59,1,38,3,48,52,78,1,91,1,46,1,98,5,6,41,45,50,90,3,46,52,54,2,2,35,2,2,91,2,33,84,1,52,2,70,72,1,17,3,17,63,80,2,4,34,1,94,3,50,70,93,1,61,4,8,28,39,63,1,91,1,33,3,45,50,65,2,78,91,2,24,67,4,28,45,54,98,1,29,2,59,87,1,61,1,28,4,7,66,79,91,4,8,34,61,91,1,59,3,3,45,87
32,6,27,33,34,70,81,91,3,24,28,97,3,45,46,90,2,2,70,4,24,41,66,78,2,25,70,5,33,52,59,90,95,5,23,44,70,75,90,4,6,27,44,62,5,42,57,65,75,79,2,20,29,3,34,54,86,4,4,27,42,91,6,2,36,45,61,78,90,3,8,44,65,2,39,95,6,20,27,42,45,79,98,5,3,8,48,56,91,4,33,34,52,59,3,23,27,56,3,1,17,91,3,41,57,91,5,2,5,27,55,78,5,27,32,54,69,79,6,3,22,49,57,62,75,2,33,90,4,16,23,42,79,5,29,33,45,88,89,4,17,28,50,73,4,33,34,64,91,5,1,27,44,56,61,4,6,24,52,90
29,6,5,22,52,69,91,94,1,62,1,57,7,8,33,34,44,56,75,95,4,25,39,43,70,7,39,56,57,62,66,82,92,5,45,52,55,80,99,4,2,17,52,99,4,2,59,75,90,4,31,42,62,70,4,7,61,78,84,2,39,61,4,17,61,70,86,4,4,45,52,94,2,27,70,5,8,21,33,49,59,4,17,23,97,98,6,1,6,8,44,50,91,4,5,17,23,61,4,3,32,92,98,5,8,18,46,79,87,4,17,22,72,95,5,5,35,61,84,91,1,90,5,3,27,72,79,91,4,17,61,75,84,4,2,39,45,52,4,23,32,70,97,1,65
25,3,23,94,98,6,17,33,34,46,67,91,4,24,56,67,90,4,8,54,64,77,6,16,20,23,42,49,57,5,2,3,4,8,87,5,1,20,56,91,95,4,32,45,83,92,3,46,70,91,4,8,35,45,91,4,8,17,29,91,4,22,23,27,52,1,2,4,8,30,90,91,1,42,3,2,90,98,5,17,27,54,66,67,4,62,68,84,90,4,29,32,89,94,1,29,4,33,45,69,89,7,7,16,45,49,59,90,91,4,27,59,62,70,4,2,70,76,93,5,22,24,27,41,57
21,2,27,61,2,27,65,1,32,1,78,1,34,1,46,1,45,1,43,1,91,1,20,1,54,4,28,56,81,94,1,22,1,2,2,52,72,1,27,1,29,1,91,3,5,34,42,2,22,33,1,98
27,2,0,62,1,49,2,8,94,1,91,1,27,2,5,41,4,5,13,45,54,2,22,93,3,22,34,69,4,17,54,94,99,2,42,94,2,76,94,2,2,72,1,5,1,52,4,10,29,35,91,1,70,1,61,3,32,34,46,5,13,20,23,52,56,4,45,62,66,91,1,8,2,8,19,2,28,93,3,29,32,54,5,0,3,59,72,91,3,54,61,87
39,3,13,27,45,6,0,50,52,54,55,89,5,14,29,52,83,99,6,5,27,28,56,70,84,4,2,44,45,54,3,37,52,66,3,15,23,87,3,5,78,91,3,5,54,79,5,22,32,62,75,91,2,6,36,4,6,27,28,44,2,75,84,2,6,20,4,5,7,70,91,3,5,28,66,4,30,42,52,91,3,23,55,70,2,33,91,4,5,11,42,90,6,2,3,5,39,46,61,8,6,22,61,70,83,84,91,95,2,54,89,1,2,5,8,54,70,87,98,4,2,8,14,70,3,61,70,78,6,5,34,46,69,70,91,4,12,23,27,72,4,27,52,78,91,4,8,44,45,83,8,5,17,23,28,50,56,76,79,2,34,35,4,8,37,45,81,6,27,42,56,66,72,88,6,2,8,20,35,44,91,3,5,23,45,2,75,98,2,49,61
30,4,42,45,52,69,1,80,1,78,1,28,1,78,2,30,98,3,33,38,98,1,57,1,61,1,29,1,65,2,68,91,2,46,75,1,94,1,47,2,84,91,1,89,2,5,91,1,2,1,1,4,24,59,81,97,2,20,91,1,34,1,6,1,2,1,33,1,49,1,62,1,46,1,61
25,7,1,18,27,29,34,42,87,5,5,45,78,91,93,3,27,32,84,5,2,17,19,37,75,6,8,20,45,75,76,91,7,2,8,17,19,72,75,90,6,3,7,29,61,89,91,6,34,46,66,67,82,91,7,5,8,23,42,46,70,89,5,2,33,70,83,91,5,0,5,24,61,98,5,5,17,20,28,91,7,8,17,22,24,67,73,84,4,27,42,52,71,5,1,52,70,91,98,6,5,24,41,66,70,84,6,2,22,25,26,28,90,7,2,8,27,37,45,89,91,4,10,45,70,72,9,1,3,5,10,17,19,42,45,98,5,2,45,46,82,91,4,30,70,91,98,2,45,87,5,4,8,39,52,91,2,45,52
31,6,5,39,41,70,84,90,8,22,27,46,56,67,71,78,98,7,5,20,23,27,70,81,91,3,5,61,72,3,2,8,79,3,29,42,61,4,2,10,27,39,3,23,29,91,3,2,27,61,4,29,32,91,93,3,34,78,79,5,34,35,42,44,52,4,20,27,44,90,2,42,46,7,3,5,7,30,61,69,91,3,32,83,84,3,32,56,61,3,35,59,89,1,82,2,79,91,3,7,28,52,3,28,45,91,6,24,35,49,57,62,80,2,13,20,1,50,3,45,83,95,3,38,90,91,2,23,90,3,26,78,84,2,29,44,2,42,61
31,3,6,76,98,3,54,70,98,2,8,52,1,84,4,34,45,67,86,4,29,42,50,93,4,2,67,70,91,1,17,1,45,5,24,45,49,68,79,4,2,26,37,91,3,22,27,90,3,23,78,84,2,73,94,5,6,20,70,72,91,1,33,2,3,35,5,30,43,61,91,94,2,64,70,6,8,20,29,45,50,91,4,3,79,90,91,1,46,2,2,77,5,0,17,42,62,84,3,3,27,52,2,45,70,3,29,34,45,4,20,26,43,59,5,30,45,52,70,91,3,1,2,91,2,29,33
34,3,16,78,94,1,5,4,5,28,42,57,4,41,70,84,91,5,27,30,39,52,91,5,11,29,57,66,91,1,5,2,1,45,1,5,1,70,3,20,23,84,4,2,26,42,67,1,56,4,5,8,27,91,1,42,4,2,37,91,92,4,2,44,59,90,2,45,91,4,22,24,45,91,3,70,84,91,3,2,3,84,3,2,62,94,3,19,56,72,3,70,71,95,3,17,27,35,1,98,3,20,72,91,3,5,28,83,3,29,35,44,4,2,26,29,45,4,2,45,91,97,5,27,29,49,56,61,7,6,22,33,42,45,86,91,4,34,41,62,98
28,2,70,72,2,33,95,3,61,70,91,2,27,45,1,61,1,56,2,45,69,1,90,3,41,45,72,4,3,46,50,91,1,67,1,84,3,3,42,84,2,8,91,1,46,1,69,3,24,49,91,1,48,3,54,66,94,2,39,79,2,4,59,2,41,91,2,8,66,3,8,46,84,3,33,79,91,4,42,56,79,98,1,59,5,2,39,45,65,79
20,1,45,2,20,78,4,17,45,97,98,7,0,2,3,17,52,69,70,1,17,3,23,67,70,1,89,3,34,45,90,2,2,70,1,62,2,52,91,2,42,54,1,45,3,2,57,91,1,27,7,5,35,49,52,56,91,93,2,66,73,4,8,22,26,61,2,8,27,2,13,45
30,3,17,23,42,4,4,34,71,91,3,13,17,71,2,17,46,1,52,1,23,6,42,61,68,70,84,91,1,1,4,19,29,70,91,2,17,52,2,59,89,1,66,6,10,25,26,27,62,91,2,2,91,2,3,93,2,50,52,1,77,2,27,52,2,1,22,2,23,56,1,5,2,11,90,2,5,52,1,42,3,29,67,70,2,8,56,1,17,1,8,1,45,2,45,79
31,2,52,70,4,37,45,79,97,2,26,70,6,8,49,55,65,70,84,3,52,59,87,4,10,23,45,46,4,5,16,23,54,5,20,54,55,57,89,9,3,17,26,35,45,63,69,70,95,3,1,54,57,2,70,84,3,11,32,84,6,2,19,27,45,70,93,5,61,64,69,70,87,5,2,13,36,61,91,5,17,45,75,90,91,1,91,3,0,16,94,4,5,17,20,21,4,2,32,84,94,6,28,56,61,68,84,91,3,6,17,22,4,0,41,70,91,3,50,71,85,1,90,3,2,8,27,4,23,27,70,94,5,35,61,64,69,90,2,2,20,5,27,30,61,70,95,2,8,45
26,2,20,70,2,28,62,3,45,50,93,2,72,79,2,61,91,4,45,61,64,91,1,2,2,5,8,1,27,2,3,61,2,45,57,1,45,1,24,3,26,75,76,3,23,33,34,2,26,52,1,0,3,2,35,59,2,22,45,4,1,24,27,52,3,45,62,93,3,27,66,84,3,49,66,91,4,5,8,19,46,3,0,57,75,4,27,34,63,90
34,2,45,46,2,8,69,3,4,5,8,2,54,99,2,79,84,3,57,67,69,2,35,76,1,27,2,66,91,2,0,2,2,45,75,2,46,95,1,84,3,1,79,94,1,68,1,22,1,91,4,5,17,56,84,2,26,61,2,42,45,2,72,75,2,62,84,4,28,45,78,90,2,1,52,2,41,76,2,0,57,3,42,43,61,2,2,39,1,19,2,23,91,1,79,1,50,2,30,90,1,21
13,1,17,1,54,2,17,94,1,16,1,99,1,43,1,8,3,27,28,91,2,3,5,1,94,2,3,38,1,14,1,5
24,3,23,56,75,4,23,30,33,94,4,10,61,84,92,4,5,23,52,70,4,45,50,83,93,7,5,17,28,61,68,79,87,4,24,29,63,70,6,2,4,7,56,59,79,5,1,28,49,70,86,4,2,22,45,52,3,39,46,70,4,22,27,72,91,2,24,61,4,8,29,73,84,4,41,70,72,84,3,10,84,91,4,5,73,79,84,3,5,8,50,4,22,32,34,98,6,5,6,8,33,34,52,5,42,72,79,84,91,3,5,10,52,3,54,68,98,4,17,54,75,84
37,6,5,26,32,70,90,95,8,2,21,27,36,54,70,90,93,7,3,22,34,45,49,64,83,4,5,20,61,90,7,3,17,35,42,45,81,93,5,2,44,52,67,98,4,0,8,17,84,2,16,34,4,27,79,84,91,3,8,25,46,2,35,61,1,42,6,28,43,46,61,65,93,5,23,29,33,79,94,4,54,62,93,94,2,10,46,7,22,27,29,44,52,90,98,1,33,3,22,46,52,1,27,3,24,69,79,2,35,91,4,17,34,91,97,5,20,45,69,91,98,4,8,11,80,94,3,56,69,91,4,26,52,62,90,5,61,62,63,84,91,4,2,27,52,91,4,5,42,91,98,4,8,27,45,52,4,6,8,10,64,7,2,17,23,27,28,91,93,1,8,2,0,87,4,2,42,44,79,4,28,37,63,70
12,2,69,70,2,8,43,1,23,4,20,59,84,91,3,5,46,90,2,2,91,2,2,91,2,2,3,1,70,3,33,34,45,1,76,4,29,33,52,99
29,2,52,54,3,27,28,91,3,45,84,92,5,3,34,56,84,91,4,45,47,50,84,3,17,70,91,3,2,29,70,2,25,70,2,24,45,3,34,42,91,3,56,71,87,4,2,3,40,91,3,3,45,99,2,24,79,4,8,18,29,45,3,20,28,80,3,5,6,97,1,27,2,32,87,2,2,27,4,28,78,90,91,2,3,25,2,17,98,1,91,7,2,27,34,42,45,90,99,3,35,90,91,3,17,28,72,2,70,79,3,19,89,91
17,1,7,2,70,93,1,91,1,35,2,39,70,1,34,1,23,2,42,84,1,45,1,13,1,61,1,46,1,64,1,29,2,39,45,1,27,3,5,70,91
23,3,17,61,93,4,5,19,29,52,7,3,27,32,33,41,80,83,8,5,33,35,61,70,71,76,87,8,3,17,28,45,54,71,83,91,5,8,26,30,34,39,4,3,17,27,63,6,23,33,52,54,57,99,2,1,5,4,4,26,67,83,3,3,27,91,7,3,5,17,29,45,66,99,5,8,23,62,66,94,2,48,50,4,19,27,34,91,9,1,10,11,23,24,35,70,76,91,3,56,65,98,2,75,97,3,48,56,89,7,1,2,4,23,25,34,57,5,29,49,56,70,72,5,1,29,30,39,84,7,5,20,32,64,70,76,91
24,5,3,35,56,70,71,1,34,1,72,2,26,52,4,34,59,91,97,3,2,33,43,2,70,91,5,2,5,63,79,90,2,75,76,2,62,89,1,54,3,0,27,87,4,20,27,34,45,1,35,2,70,75,2,57,62,7,8,35,46,70,75,79,91,2,37,45,2,8,61,2,5,17,2,24,91,1,72,2,45,91,2,8,67
21,2,91,98,1,8,2,32,61,1,73,5,8,44,61,70,75,1,18,1,34,2,28,70,4,42,61,68,91,1,17,5,10,17,35,54,90,1,2,2,27,70,1,3,3,45,70,98,5,23,24,59,82,91,1,68,5,39,41,63,70,97,1,68,2,8,99,1,51
20,1,45,1,84,1,52,1,5,1,38,1,85,3,65,69,70,1,87,1,42,2,20,80,1,47,1,72,2,78,79,2,49,67,1,91,1,79,3,3,10,17,1,34,1,90,2,64,75
17,3,38,70,91,4,13,27,54,90,1,70,2,54,70,1,82,2,7,87,2,80,91,1,35,1,35,2,0,2,2,45,52,1,49,1,50,1,26,3,8,61,87,1,5,3,13,42,90
29,4,13,45,62,73,9,5,20,27,28,29,34,75,80,81,6,2,8,17,49,70,94,4,2,49,87,94,6,1,7,14,42,50,84,7,22,32,56,62,78,83,89,3,1,56,97,3,42,72,88,7,8,17,35,46,62,95,97,6,1,20,71,79,87,91,8,1,5,49,57,75,91,93,95,5,27,45,61,70,94,4,29,46,63,66,8,0,2,5,42,50,54,66,69,5,5,22,44,53,61,7,0,13,39,41,52,84,94,4,10,27,35,79,3,19,90,99,6,8,17,45,54,56,91,8,2,5,35,54,56,69,89,91,9,29,32,33,61,67,70,72,89,98,6,5,7,28,46,70,90,8,4,45,52,59,61,66,70,91,6,8,39,46,54,57,90,7,3,8,17,18,29,39,90,4,28,61,66,67,6,29,39,61,68,70,94,6,5,17,27,66,72,87,5,17,28,30,45,98
17,1,69,3,8,17,28,2,24,91,2,27,70,2,46,84,2,45,61,4,4,34,91,98,3,42,62,70,3,17,35,91,3,0,8,97,2,27,91,3,18,35,44,2,23,78,3,32,70,84,2,27,66,2,1,76,2,29,72
34,8,2,3,5,19,29,32,93,95,6,3,8,35,54,55,89,5,8,19,35,70,92,3,19,27,34,4,17,61,70,89,6,27,41,45,50,56,91,7,2,5,27,45,61,75,94,6,17,32,63,69,91,94,3,27,35,70,5,15,42,69,75,91,5,8,34,75,82,99,3,20,61,94,6,17,70,72,75,84,86,9,8,11,17,26,56,61,64,66,70,4,28,35,61,71,7,5,8,17,26,46,89,94,6,11,23,25,28,35,67,8,1,2,17,27,45,64,71,98,6,2,3,22,27,40,81,4,52,61,83,91,2,17,70,3,3,10,95,7,8,17,33,45,46,50,91,5,3,46,49,61,91,6,45,52,63,69,83,87,3,5,61,70,3,29,59,61,3,30,32,46,3,45,54,90,5,10,28,29,62,90,2,59,97,2,26,42,5,50,55,90,91,97,5,24,27,28,75,91
23,5,34,59,71,84,91,3,2,45,76,5,8,18,28,50,63,2,70,87,7,5,22,44,52,69,78,91,8,20,28,34,35,46,52,66,93,5,3,24,46,72,90,5,4,62,80,89,98,7,5,6,8,23,26,52,84,2,42,91,6,30,62,69,71,75,91,7,5,35,45,48,52,70,91,3,42,45,78,8,1,16,30,52,67,79,83,89,7,2,27,28,33,62,64,94,5,10,27,52,91,94,3,64,79,91,2,1,27,5,3,17,27,61,70,3,2,27,91,5,5,18,30,39,68,7,5,27,45,50,56,80,91,1,91
15,2,16,82,4,37,42,48,56,2,29,70,1,79,1,34,1,27,1,72,1,3,2,29,91,2,27,46,2,59,61,1,91,1,90,2,20,78,1,94
32,2,28,86,1,32,1,90,2,82,93,4,2,91,94,98,2,20,91,3,29,32,39,4,17,27,33,91,2,19,83,4,29,45,62,84,2,45,70,2,29,61,2,65,67,2,56,91,2,45,91,2,62,64,2,39,54,2,6,90,2,1,84,2,2,91,1,52,2,17,59,1,34,3,6,43,91,2,2,66,3,27,91,98,2,2,27,3,20,72,85,1,99,2,2,27,2,7,79,2,6,91
28,4,29,34,39,90,6,2,8,29,39,48,70,5,2,19,45,50,61,4,34,42,61,70,4,39,46,54,70,2,61,75,4,28,45,67,82,2,10,27,3,17,28,90,4,49,63,78,83,3,1,32,71,4,27,42,89,91,4,20,56,72,91,5,22,70,83,90,98,5,8,17,20,27,84,4,50,52,90,98,1,7,4,5,13,63,78,6,2,4,5,17,45,70,3,45,56,70,4,20,30,39,91,8,0,27,28,41,66,70,83,91,3,23,57,91,4,42,45,75,97,6,23,34,48,54,62,72,2,91,98,4,1,59,84,98,4,70,71,83,89
26,3,3,17,66,4,5,45,61,78,2,46,70,3,27,41,91,2,1,75,2,28,91,3,16,54,77,1,62,1,22,2,22,62,5,0,5,27,28,42,2,8,35,2,17,29,2,2,10,1,66,1,91,1,52,3,17,70,91,2,27,48,2,23,46,2,52,93,2,23,26,1,30,2,42,84,3,49,69,91,3,27,29,49
30,2,8,72,1,30,3,7,72,82,4,33,34,45,91,2,34,61,1,27,3,0,42,61,3,78,84,85,1,61,2,8,90,2,28,90,3,11,66,90,1,27,1,17,3,20,22,46,3,35,66,93,1,42,1,23,3,17,82,90,2,2,67,2,1,45,1,2,2,27,91,2,37,45,1,22,1,45,4,26,27,43,72,1,72,3,10,36,54,2,54,91
30,4,24,61,67,79,4,5,27,45,56,3,17,32,78,7,23,27,45,54,81,87,95,3,70,84,93,7,3,23,27,30,46,66,70,2,0,91,5,17,23,33,39,87,3,2,39,78,3,45,59,94,2,38,59,2,17,20,3,21,32,91,3,45,61,79,5,3,49,54,71,91,5,1,32,49,57,98,7,45,54,55,71,75,89,91,4,21,71,84,91,5,3,10,19,29,70,7,22,35,42,50,62,94,98,4,1,19,29,75,4,8,17,37,42,4,27,61,90,98,1,91,5,8,35,64,66,91,5,6,7,45,50,91,4,5,39,45,75,1,99,4,8,28,33,42,4,23,64,78,91
18,1,80,1,33,1,56,2,70,98,1,31,1,90,1,87,1,27,1,64,1,3,2,61,83,3,27,67,91,1,13,2,22,84,1,20,2,32,70,2,3,59,2,28,67
24,3,61,68,78,2,70,91,6,2,22,42,44,67,94,3,3,90,91,4,41,61,85,87,5,8,41,68,90,92,4,28,63,69,91,4,2,66,91,93,4,14,37,42,70,1,27,2,1,66,7,17,45,67,75,90,91,98,4,8,28,59,70,6,26,28,62,66,78,80,3,46,65,70,2,17,91,4,8,17,26,42,4,5,61,80,98,5,22,33,42,79,91,3,56,61,91,4,8,15,70,84,4,8,29,52,90,2,22,24,3,64,69,79
25,2,3,5,5,17,70,72,87,94,1,94,2,80,98,2,34,70,2,27,41,2,0,17,3,7,70,84,3,1,43,50,1,27,4,16,25,59,62,1,27,3,46,70,98,2,0,45,1,61,2,70,91,1,42,2,17,55,4,1,42,44,84,2,24,61,2,3,70,1,45,1,11,1,8,2,5,23
26,2,50,62,4,4,6,70,79,1,62,2,5,54,1,59,2,45,91,2,13,49,2,70,75,2,23,91,2,77,78,3,33,34,50,4,45,57,62,65,2,22,56,3,5,56,57,2,61,91,4,2,34,54,57,1,27,2,54,59,2,46,98,1,23,1,91,4,0,33,59,68,1,17,1,72,3,7,45,52,4,27,62,64,75
22,3,83,87,91,4,0,3,20,52,4,2,27,30,57,5,8,27,49,90,91,1,52,4,3,24,34,68,2,6,33,3,6,42,82,4,8,14,42,54,3,5,52,91,5,37,66,70,75,91,2,52,70,4,23,30,76,91,4,29,33,70,78,2,2,91,1,61,5,20,22,45,49,98,5,0,22,46,56,87,3,39,87,91,4,28,35,62,91,4,8,56,70,91,3,48,49,50
25,3,1,19,44,1,91,2,38,46,2,61,66,4,34,44,71,87,4,7,52,70,84,1,62,2,8,19,1,90,3,61,87,91,2,22,28,4,5,24,66,92,2,24,34,1,94,2,29,72,3,8,27,94,1,54,2,1,25,2,66,75,1,90,2,49,62,3,88,91,97,3,27,75,91,4,45,59,70,84,3,50,61,73
26,6,1,5,45,50,84,93,3,29,45,70,2,48,91,2,20,30,2,17,94,2,64,78,1,91,4,8,27,84,87,2,60,99,3,2,8,65,2,7,56,2,20,54,2,66,70,4,17,24,52,65,5,5,23,45,49,93,3,8,16,52,5,5,32,33,34,66,3,45,67,90,2,18,52,4,27,45,66,98,3,22,27,65,7,8,23,27,34,44,46,70,1,54,6,23,46,67,72,91,93,3,7,42,49,3,1,32,64
25,3,34,87,91,5,14,42,64,87,90,3,22,52,70,5,25,29,61,91,99,4,25,45,89,98,4,0,17,42,45,3,10,17,49,5,2,34,83,91,97,5,33,45,68,72,79,9,1,3,35,54,65,69,70,75,89,4,29,70,92,98,2,34,83,4,27,32,79,91,2,49,91,6,7,27,33,59,70,91,2,0,91,4,39,45,61,79,2,1,90,3,24,34,70,6,5,24,27,33,71,99,5,23,57,90,98,99,3,3,61,98,2,41,98,4,42,70,72,85,6,26,34,59,61,66,70
28,5,27,34,41,43,70,3,45,78,79,1,2,3,29,42,61,2,4,70,2,45,63,2,35,72,1,99,3,3,8,50,3,42,61,83,2,69,91,1,52,1,28,6,28,46,69,70,91,94,3,71,79,87,2,7,66,2,45,91,1,83,2,26,69,1,20,4,5,29,39,54,2,3,42,2,5,91,2,23,27,2,61,84,3,3,70,79,2,34,91,1,84
28,4,2,22,23,94,2,70,91,4,22,59,70,72,2,41,66,2,5,84,6,20,27,42,72,93,98,2,8,84,3,64,70,87,1,46,2,11,35,3,42,61,91,6,2,34,52,78,84,93,1,23,4,0,25,27,35,3,45,49,84,1,91,4,21,39,54,66,2,4,45,2,46,80,2,26,52,4,8,46,52,89,3,4,89,98,3,29,42,89,3,24,61,94,4,38,46,70,94,4,7,23,70,84,2,45,52,1,29
24,4,2,5,39,75,3,33,34,54,4,5,49,76,91,2,46,70,1,52,7,23,28,29,52,57,70,91,6,2,4,44,84,89,94,5,5,23,29,70,71,4,8,62,70,81,3,20,37,82,1,61,4,49,54,64,75,3,0,8,41,4,2,26,27,50,3,27,59,94,4,27,62,67,70,1,91,2,43,45,3,1,76,91,1,98,4,22,25,27,83,1,0,2,27,54,2,2,98
35,4,8,29,91,98,5,8,39,45,67,76,6,20,22,23,70,81,90,7,27,29,38,52,62,79,84,4,2,27,33,91,4,2,52,67,86,4,24,33,59,98,5,8,34,35,50,93,5,28,32,84,90,99,6,45,54,62,84,92,97,4,46,52,63,78,3,27,45,70,6,3,14,34,59,78,94,7,3,45,61,65,70,73,87,4,5,17,23,45,3,17,32,98,5,4,29,46,62,64,4,42,61,87,89,5,2,70,84,87,91,3,24,54,61,5,3,45,69,71,72,8,0,1,6,27,45,59,90,91,5,17,45,50,83,93,6,0,17,22,35,50,98,3,19,23,34,3,52,66,72,6,28,41,50,64,73,91,7,28,61,63,70,75,91,97,8,27,44,59,62,70,79,91,94,4,2,23,33,94,6,1,8,27,52,68,83,5,5,27,61,89,98,6,3,5,6,20,91,98,8,27,50,70,72,75,79,86,91,4,22,26,35,50
27,4,0,5,17,89,1,68,1,59,1,45,1,88,2,67,91,1,61,1,83,2,17,61,1,20,3,8,17,32,1,29,1,97,1,50,1,91,2,1,66,1,27,1,90,1,17,1,8,1,42,2,22,78,1,5,1,87,1,81,2,39,98,1,82
26,2,70,91,2,54,91,2,34,52,1,50,4,52,55,81,99,2,7,70,3,41,67,70,2,27,50,1,27,1,45,1,46,2,66,70,3,1,49,91,4,27,57,60,72,1,77,3,10,38,50,1,22,1,45,1,35,3,5,42,98,4,2,27,67,78,4,39,42,90,91,2,33,70,4,8,33,65,67,1,91,3,50,59,61
28,2,78,91,3,8,18,89,2,79,97,6,2,28,45,57,72,93,8,22,26,27,59,70,84,91,93,3,69,84,90,3,52,71,79,2,2,42,5,35,44,59,72,91,3,27,45,91,3,21,42,70,3,75,91,94,2,61,87,2,50,62,3,29,38,52,3,11,33,70,3,34,44,61,6,16,34,46,70,93,95,3,24,35,65,3,27,28,35,3,8,45,65,2,83,91,1,31,3,30,75,90,2,0,6,2,27,84,1,17,5,42,45,46,71,84
13,2,4,91,1,33,1,27,1,50,2,13,70,1,49,1,59,1,69,2,70,91,1,91,3,32,42,85,2,34,54,3,17,22,66
30,5,8,34,40,68,93,5,5,22,50,52,70,2,23,27,6,28,32,39,72,79,91,3,20,45,64,3,7,29,45,5,28,39,70,75,90,3,3,27,57,4,2,33,45,89,3,5,16,84,1,91,1,70,3,38,69,91,4,10,17,22,82,3,3,10,91,2,50,64,3,3,8,35,1,91,4,50,59,61,79,2,27,99,3,1,25,39,5,1,33,45,59,98,3,2,70,79,2,23,70,3,20,50,69,3,29,34,49,2,34,69,3,2,29,97,4,52,91,94,98,3,1,27,45
18,4,22,24,70,71,2,27,57,4,3,24,26,87,2,5,46,6,2,23,32,61,84,94,3,6,61,84,4,52,69,78,98,1,98,5,9,64,67,76,98,4,21,45,57,89,4,2,20,70,91,6,6,45,46,59,62,87,4,8,32,45,91,4,2,67,72,91,1,2,3,2,45,63,3,17,46,91,5,44,52,75,79,90
32,3,2,70,99,1,61,3,8,71,92,2,5,78,1,56,1,14,2,45,61,1,91,3,63,72,91,3,3,69,94,2,81,89,4,5,49,93,98,4,8,66,75,91,2,52,75,2,20,71,2,24,50,2,2,29,1,87,3,30,44,61,1,45,2,8,99,2,26,32,4,2,42,46,90,3,0,45,61,2,32,61,3,54,61,72,3,23,30,91,2,24,34,3,27,70,79,3,20,23,91,2,23,90,1,50
28,7,27,33,34,52,59,70,71,5,27,35,45,83,90,3,27,62,84,3,7,8,67,4,1,59,61,99,4,1,2,47,59,4,35,67,70,89,3,17,32,89,4,1,28,61,63,5,52,66,90,94,98,8,20,46,52,56,64,75,87,98,6,1,17,43,52,65,73,5,8,70,72,90,91,4,50,52,61,72,4,22,37,46,91,3,26,42,56,3,42,62,82,2,52,67,1,2,4,50,62,75,84,4,8,17,20,27,2,33,91,5,2,5,32,94,99,2,52,91,4,59,78,90,91,4,2,28,29,45,6,0,1,28,46,50,93,6,8,10,30,54,59,61
27,5,45,46,90,91,95,3,5,88,89,2,75,76,4,19,61,63,70,3,35,56,91,4,26,27,61,69,8,5,22,27,41,54,66,70,72,3,5,41,69,5,2,44,45,52,86,4,5,8,23,45,3,28,52,80,2,62,69,5,27,46,57,70,84,6,14,20,23,33,61,70,4,5,17,26,90,5,24,42,56,75,83,5,2,27,28,70,75,5,33,34,67,91,98,5,34,54,76,81,91,5,17,29,72,82,91,5,5,14,17,54,92,3,27,45,59,4,2,43,76,91,4,52,61,64,78,6,22,39,45,50,79,91,4,3,28,70,91,5,1,32,61,91,94
23,4,1,3,73,94,4,25,62,73,91,4,6,23,61,66,4,33,43,59,65,5,1,5,54,62,78,2,3,45,3,20,56,70,3,17,20,69,3,57,80,89,3,52,83,98,2,5,75,1,46,2,28,29,4,2,3,39,78,5,2,66,67,89,94,3,27,30,75,3,84,87,91,3,59,70,91,4,20,45,59,78,3,5,59,71,3,33,42,67,2,5,70,4,27,32,52,70
32,3,17,80,84,7,3,20,46,83,84,90,94,2,34,87,7,23,26,35,61,64,70,72,1,5,3,1,17,19,5,2,39,70,72,91,9,3,27,28,52,56,61,79,91,94,9,23,42,46,61,62,70,91,98,99,8,2,14,27,38,54,67,70,91,5,2,8,39,61,70,5,26,34,82,91,94,5,23,64,65,85,91,6,1,18,39,50,61,91,4,2,27,45,61,7,5,33,42,49,59,67,84,7,6,10,35,62,70,76,79,3,2,49,84,3,17,24,80,5,5,7,45,52,67,5,22,27,52,54,91,5,7,8,59,70,91,5,17,35,42,91,94,5,30,45,54,70,78,7,0,5,27,39,49,50,98,5,17,23,33,39,57,4,3,28,61,69,3,27,44,62,7,8,45,61,72,88,91,94,4,0,7,66,67,7,37,39,42,61,70,91,93,6,2,17,19,61,85,94
24,5,23,39,52,79,97,6,50,70,75,83,87,91,3,7,50,91,5,28,49,67,78,94,3,8,39,41,3,17,42,54,3,1,2,52,5,23,39,44,50,98,3,5,44,45,3,2,76,81,3,17,27,50,3,10,24,35,3,32,61,85,5,35,61,70,91,94,1,63,1,2,3,22,27,83,3,8,61,64,2,34,90,1,45,2,5,84,1,72,2,72,91,3,4,39,65
25,2,3,24,2,33,79,1,25,1,2,3,5,66,70,1,17,1,45,4,17,27,66,91,1,5,1,61,1,57,1,27,2,3,8,1,34,2,3,91,1,91,1,54,1,34,3,29,43,87,2,42,91,1,94,2,5,84,1,57,1,33,1,5
24,2,20,79,1,91,2,22,91,1,72,3,8,49,69,1,1,3,27,70,73,3,14,42,87,3,5,8,27,2,2,70,2,29,45,1,84,2,23,39,1,23,2,70,89,3,70,79,98,4,1,19,26,70,5,35,57,61,66,91,2,46,91,2,70,93,2,17,91,2,22,70,2,3,91,1,46
23,3,23,45,91,2,18,45,4,28,52,72,87,2,27,62,1,2,2,3,27,2,94,98,1,28,2,29,58,5,26,32,33,35,70,3,35,44,95,2,45,90,3,6,24,70,1,42,1,28,1,72,3,34,49,71,3,28,91,97,3,37,52,75,2,54,56,1,26,1,94,4,15,41,42,87
26,3,5,20,54,5,17,23,50,52,97,1,2,5,26,56,66,70,93,3,8,45,86,3,27,62,70,3,27,46,70,4,27,34,52,91,3,61,84,94,2,75,91,2,45,91,4,17,39,61,70,1,10,3,17,35,45,4,1,20,89,91,4,5,8,11,83,1,41,5,26,32,70,94,99,3,19,70,91,2,52,84,3,46,89,93,1,79,3,28,79,83,2,45,84,2,49,54,3,46,57,98
30,7,2,3,72,76,79,87,91,3,2,72,75,5,2,17,27,70,84,4,46,52,90,91,1,3,2,42,78,4,17,29,61,70,4,36,62,72,78,5,2,54,63,69,80,3,34,35,50,4,2,24,45,91,6,5,17,24,27,75,98,4,20,23,44,79,6,5,10,22,27,59,82,5,1,32,34,42,66,3,19,57,70,5,10,25,45,72,90,4,34,52,56,91,5,1,2,13,19,33,5,24,50,62,80,91,2,2,32,5,17,28,44,46,91,3,3,15,68,6,27,45,52,53,69,86,2,56,78,4,33,59,70,91,5,25,28,61,70,75,2,17,91,5,28,38,45,62,80,2,90,91
24,4,26,45,61,91,2,3,5,1,17,2,5,20,3,24,75,94,2,75,91,6,7,20,27,34,45,80,3,27,35,61,6,8,25,26,83,91,94,3,45,63,70,4,0,8,50,70,4,2,3,27,56,3,46,50,68,1,28,2,57,67,6,5,42,70,91,94,97,2,17,32,3,4,54,99,4,0,3,32,59,5,20,24,35,68,72,3,2,60,75,3,17,35,79,3,45,70,91,2,80,90
29,3,8,61,65,1,76,6,12,27,32,52,75,91,3,3,70,91,1,91,4,7,22,54,61,3,3,32,91,4,33,72,79,87,3,16,42,52,2,91,97,1,87,4,8,27,52,91,3,20,28,76,2,28,93,8,10,27,42,46,61,68,90,91,3,27,45,50,2,35,70,4,32,66,70,78,3,27,49,93,2,67,98,3,29,56,70,4,57,61,64,94,3,5,21,27,7,2,8,17,52,70,91,98,2,26,35,3,2,28,71,1,8,4,27,67,91,94,4,45,48,49,50
18,1,91,3,20,27,80,1,26,1,27,1,70,1,78,1,69,1,90,2,17,45,1,17,1,91,1,34,1,61,1,70,2,52,70,1,61,1,91,1,22
34,1,25,2,23,41,2,28,69,2,29,70,3,61,91,98,1,27,2,18,70,5,39,52,75,79,93,4,2,7,61,79,1,27,3,42,75,91,3,44,52,98,2,0,91,1,72,1,28,2,11,35,2,33,84,1,27,3,44,45,50,2,46,54,2,5,18,2,5,72,4,61,67,75,91,1,75,2,61,85,1,91,2,17,63,2,2,79,1,54,1,93,3,30,70,79,3,34,66,90,6,35,45,64,66,91,97,2,2,70
31,3,52,69,91,3,1,34,93,3,8,48,70,3,8,61,66,6,23,32,39,42,45,91,5,26,52,61,75,82,5,17,70,71,81,98,3,45,61,70,1,17,3,2,39,91,3,8,54,91,1,44,3,5,23,83,3,8,54,61,3,35,69,99,4,17,27,97,98,3,3,27,34,6,2,5,27,28,49,93,4,0,5,23,95,2,8,52,3,17,42,52,1,63,1,7,3,23,44,56,3,34,70,88,1,29,2,33,42,1,93,2,49,71,3,23,33,98,3,63,90,91
34,4,23,32,55,70,4,5,27,70,94,3,17,27,93,2,89,90,6,25,29,39,56,61,68,2,2,70,3,5,61,70,3,5,6,23,3,18,34,50,3,1,8,59,6,5,26,27,70,91,93,5,27,35,62,90,94,7,2,10,20,45,61,62,79,2,39,94,3,3,76,91,3,26,27,45,1,27,4,0,70,81,91,2,3,79,1,4,4,13,20,22,34,3,5,19,61,3,23,27,65,2,28,56,5,8,39,46,70,91,4,26,70,75,76,3,22,39,84,2,7,70,5,61,70,89,90,91,2,45,91,2,0,35,2,1,91,2,27,91,3,3,27,62
27,4,20,37,57,72,4,23,28,45,94,4,8,34,70,90,4,3,42,61,70,3,25,35,79,5,31,59,61,90,91,3,1,20,50,2,27,52,3,31,49,66,5,2,27,34,42,67,5,5,8,13,42,75,4,20,27,42,99,5,23,28,42,46,54,4,26,27,39,56,4,8,55,67,91,4,52,56,65,91,2,45,54,4,8,64,70,93,5,4,35,68,76,91,4,39,44,61,65,4,10,28,56,91,4,17,42,49,90,2,28,67,4,8,35,50,70,5,45,46,66,70,86,3,61,91,94,5,43,52,69,70,91
26,2,54,86,2,8,42,4,2,27,69,70,2,3,52,2,44,72,1,2,1,26,1,66,2,4,20,3,42,52,84,2,14,52,2,70,80,1,91,3,50,56,88,2,64,87,2,13,90,1,41,2,23,27,1,46,4,3,29,45,91,2,35,91,1,87,1,82,2,64,70,2,58,75,2,2,8
21,1,84,1,7,2,32,38,1,61,1,3,2,45,90,1,17,1,3,1,94,1,27,1,45,1,98,1,63,1,72,2,8,86,3,22,64,83,3,5,33,90,1,72,1,2,1,70,1,33
22,4,17,29,30,90,4,1,20,29,42,1,52,1,27,2,42,71,3,5,17,78,4,3,54,61,78,2,1,22,5,45,52,61,69,91,3,32,46,70,2,8,34,3,49,56,71,3,2,22,90,4,20,34,45,94,1,90,1,61,3,27,34,91,3,3,45,52,4,27,33,42,61,1,42,1,70,1,0
27,1,9,2,7,68,3,8,54,66,2,45,61,3,2,8,91,2,10,91,2,50,91,2,29,70,2,17,71,4,22,27,76,91,3,44,52,98,1,45,1,17,2,2,70,3,3,57,85,2,27,50,5,25,27,61,63,79,3,5,49,93,3,8,61,91,2,5,56,2,75,91,3,70,75,90,2,2,28,2,20,91,1,70,2,50,61,2,14,27
26,3,20,23,91,3,8,23,57,3,28,34,61,5,2,17,27,54,94,3,3,90,94,2,89,91,1,84,3,4,41,67,4,3,56,61,91,1,25,5,3,22,28,62,90,3,54,91,93,4,10,27,79,91,1,27,3,2,22,45,4,50,67,71,79,2,59,91,3,23,32,87,3,45,71,98,3,75,84,94,5,20,34,62,70,90,2,68,79,4,33,45,91,97,1,91,3,29,63,70,6,45,56,59,72,81,91
18,1,76,4,2,28,61,90,2,17,69,3,11,63,91,1,91,2,59,94,5,54,62,66,72,78,1,39,2,4,23,1,34,2,8,45,2,57,94,2,5,84,1,94,1,14,1,25,2,10,91,3,6,8,79
31,2,27,50,3,52,85,91,2,1,3,2,54,84,2,33,46,2,66,91,2,23,34,1,5,2,17,91,1,30,4,23,27,47,98,2,8,90,1,8,1,70,2,29,59,2,5,45,1,45,3,46,61,69,3,3,7,33,2,28,61,1,45,1,17,2,72,80,4,2,5,22,91,2,3,50,2,22,71,2,23,33,1,31,3,34,61,79,1,33,4,17,39,65,70
22,2,1,44,2,2,33,2,61,75,3,17,50,94,1,54,3,5,62,66,5,34,45,56,69,78,5,5,10,34,54,98,1,91,2,65,80,2,57,59,3,27,70,89,3,0,50,91,5,16,17,23,46,72,2,27,78,1,94,2,23,84,3,30,42,70,3,46,52,65,4,52,84,94,95,1,95,2,72,83
36,5,22,24,29,39,45,4,32,61,81,94,7,5,35,42,49,61,91,93,3,8,27,81,4,2,45,61,88,4,23,54,75,90,3,59,72,87,2,27,94,5,5,50,52,54,59,4,4,27,44,70,4,8,45,91,94,6,6,17,20,35,38,55,4,56,61,66,91,4,3,27,70,90,3,8,67,91,5,5,19,29,54,91,7,3,5,19,56,61,91,94,4,1,25,44,45,3,8,27,34,7,5,8,22,23,47,72,91,2,42,59,3,2,22,87,6,10,29,39,42,75,91,3,66,91,98,1,93,5,26,27,33,62,75,2,20,26,2,29,91,4,2,17,81,91,7,14,23,42,43,45,54,85,4,29,45,61,70,1,37,6,19,28,32,67,70,89,4,8,17,22,29,3,0,39,80,3,3,72,80
19,5,45,50,54,94,98,3,14,54,94,4,13,70,84,98,5,8,17,62,89,91,3,29,45,62,7,10,24,29,33,39,79,87,3,7,29,59,4,20,28,52,87,8,3,29,43,50,55,59,61,91,3,57,70,91,7,1,5,45,52,90,91,94,6,32,45,50,79,84,91,9,1,2,34,44,45,50,54,72,97,5,28,59,90,91,97,6,4,25,32,34,61,91,6,5,8,19,46,79,94,6,13,20,66,67,70,91,5,3,32,48,65,91,5,11,46,52,61,67
23,3,5,35,91,4,0,2,9,87,3,0,50,94,1,33,1,16,4,2,26,66,70,1,27,2,39,73,1,21,2,10,19,3,49,70,71,1,91,3,32,33,70,3,7,22,62,2,29,46,2,27,94,3,17,28,45,2,4,61,3,62,72,76,2,59,81,3,2,23,54,5,33,70,76,92,93,1,66
30,7,8,20,33,39,42,80,81,4,2,23,32,52,7,1,2,34,61,70,76,92,7,0,5,49,54,62,70,94,5,2,27,54,62,94,4,3,54,95,97,4,22,32,39,66,3,3,14,27,5,10,42,61,70,91,7,2,5,6,23,46,62,97,3,17,61,91,5,2,8,33,89,91,6,0,17,19,27,91,94,5,33,39,42,67,88,5,2,23,29,46,56,6,3,10,20,42,76,92,5,29,39,45,84,91,5,17,27,32,42,54,3,33,56,67,2,43,89,4,25,29,45,79,3,42,85,90,1,61,5,44,46,84,98,99,5,17,20,23,59,70,5,0,27,33,61,99,6,5,39,42,50,72,91,5,27,34,70,73,79,5,27,33,57,72,82,8,3,5,34,44,46,65,79,91
32,2,27,28,1,3,1,3,3,35,76,90,2,63,78,2,42,94,2,61,88,1,34,2,70,91,1,4,3,17,66,70,1,56,3,32,70,91,1,56,2,73,79,3,56,72,81,2,61,97,2,84,97,1,32,1,91,1,8,2,67,87,2,27,75,2,8,45,1,66,1,4,2,23,70,3,45,61,91,2,61,94,3,5,7,42,1,56,4,8,35,81,91
28,6,28,29,39,62,72,78,4,10,27,61,91,7,20,34,35,45,59,76,84,1,78,7,25,34,42,69,81,90,91,6,0,2,5,17,20,63,1,94,8,4,22,44,50,61,71,83,87,6,8,23,25,40,52,68,5,61,67,70,72,75,5,28,32,61,78,91,5,2,50,61,83,91,3,3,45,46,5,22,27,34,61,76,6,19,61,70,71,79,93,8,22,27,33,41,72,80,86,91,3,2,5,70,1,0,3,11,35,91,5,8,17,27,72,75,4,20,67,70,88,3,44,54,82,6,2,17,27,62,84,90,5,1,2,26,72,91,7,2,8,32,53,61,72,91,7,45,52,61,72,79,82,91,5,52,54,83,91,98,9,2,6,17,34,57,61,75,83,91
31,1,8,3,34,46,70,3,5,7,70,3,5,28,76,1,27,2,34,43,2,23,70,3,2,42,45,3,34,39,75,3,45,83,91,1,27,2,3,62,2,56,91,2,17,79,5,17,32,33,56,71,1,90,3,5,61,89,1,2,1,97,1,54,3,5,42,79,1,27,2,45,97,2,8,56,2,27,91,3,5,54,70,3,29,89,90,2,29,90,1,0,3,8,54,78,2,3,34
28,4,5,56,61,70,2,28,94,3,8,59,91,1,56,5,27,28,70,91,92,8,5,17,20,27,46,72,75,91,3,33,66,84,4,36,50,79,83,4,19,25,32,56,5,17,27,44,62,98,4,46,62,84,91,7,1,8,17,28,61,77,87,1,22,4,5,65,72,84,4,20,27,69,80,5,44,45,56,78,80,3,6,44,79,4,2,56,75,91,8,2,33,37,46,50,66,75,79,4,0,2,33,52,4,33,49,54,91,5,11,22,67,72,91,5,10,33,54,89,95,4,0,52,69,91,5,3,22,54,61,91,4,5,27,62,88,3,34,41,92,2,46,91
29,6,17,27,33,34,70,81,3,56,65,71,1,32,3,8,45,62,2,50,70,1,75,2,29,90,3,32,56,70,2,54,89,3,2,61,91,2,34,95,1,20,2,8,28,1,35,3,27,72,84,2,20,54,1,79,2,61,70,2,27,71,3,14,49,75,1,33,1,27,2,2,19,1,6,1,5,1,91,2,11,89,5,2,31,50,73,78,3,66,70,89
37,4,2,45,84,91,5,27,45,56,59,61,3,70,82,91,2,27,79,2,78,94,3,72,91,99,1,45,4,27,29,69,70,5,2,26,27,61,82,3,17,39,42,3,16,22,91,3,91,94,99,1,16,5,2,43,65,70,75,2,22,70,4,50,61,69,89,2,33,61,3,35,62,71,2,79,94,4,28,45,54,91,4,1,34,49,61,4,52,61,70,91,6,1,8,33,34,61,68,3,32,70,94,3,43,85,91,3,35,54,80,1,92,1,61,2,52,70,1,2,1,63,1,46,2,69,89,3,20,22,91,2,34,70,3,27,42,71,6,5,17,20,24,38,91
36,4,69,70,75,86,1,28,3,6,8,45,2,6,76,2,78,84,2,17,87,2,62,70,2,42,80,2,45,89,3,61,69,93,2,27,61,3,43,61,70,2,10,84,2,5,91,2,61,72,1,46,2,10,91,3,3,45,50,1,54,3,26,27,33,3,43,49,59,3,44,67,70,2,0,27,2,5,22,2,2,20,2,20,70,2,3,59,3,5,70,91,2,28,61,2,20,27,1,27,2,35,44,2,19,46,2,29,34,2,29,83,2,27,50
28,4,20,52,56,79,5,0,3,75,91,94,2,27,33,2,2,87,3,7,33,75,2,87,91,4,27,28,46,50,4,0,50,61,89,2,62,70,5,0,3,5,35,91,5,1,26,39,89,90,6,20,24,45,61,75,91,6,1,17,52,64,71,83,5,17,43,45,67,91,3,27,31,61,7,5,19,33,52,56,84,91,5,6,8,79,87,90,2,8,99,2,46,67,4,39,72,94,98,9,2,3,5,27,29,33,46,48,76,4,34,49,61,84,4,27,33,61,91,5,27,29,30,56,91,4,30,52,84,94,2,33,61,4,32,56,62,91,3,42,70,79
21,2,46,49,2,42,67,5,54,55,56,89,91,6,5,52,61,69,84,91,3,23,44,78,1,52,4,32,44,91,94,3,0,8,42,3,22,24,75,1,8,3,17,39,54,1,44,2,54,91,1,8,3,23,35,59,3,27,48,50,2,35,52,1,84,1,8,2,3,79,3,2,52,78
20,4,8,22,35,42,2,32,73,6,5,27,35,66,68,70,6,3,9,32,52,87,90,3,45,79,91,3,45,75,76,3,4,29,70,2,2,79,1,33,4,5,18,25,39,2,42,79,3,25,27,79,3,23,45,66,3,30,42,99,3,21,27,45,2,20,52,1,45,2,54,71,2,6,33,3,6,27,33
33,3,28,90,94,4,5,45,61,91,4,46,79,87,94,3,70,84,94,7,3,35,45,49,54,89,95,4,23,27,89,91,4,44,52,91,98,5,3,32,45,52,87,4,3,33,52,78,3,50,56,59,1,7,5,8,17,56,63,91,4,8,29,45,46,5,1,17,27,69,84,5,8,17,29,70,97,3,8,75,91,4,34,36,50,99,5,22,27,61,66,98,1,27,4,2,5,25,84,4,42,45,70,87,4,3,5,34,39,4,1,14,35,50,4,28,44,52,98,5,13,56,66,72,73,3,17,35,78,2,10,72,4,45,54,61,72,6,11,22,27,46,59,91,4,7,26,49,75,4,49,61,91,93,6,4,29,46,70,79,87,3,2,34,52
22,4,34,61,82,88,2,3,67,4,27,39,61,73,3,28,29,91,3,5,30,33,2,1,35,2,23,98,3,13,68,91,2,3,44,6,1,2,8,32,44,45,1,70,2,11,84,3,17,35,42,4,20,52,70,87,2,42,45,4,2,6,23,70,2,24,72,5,17,22,32,70,80,3,44,54,94,3,42,90,91,5,2,20,23,30,79,5,5,22,79,84,91
12,1,5,1,27,1,66,1,23,1,84,1,98,1,61,1,79,1,39,2,62,88,1,75,3,8,24,90
35,4,5,46,52,70,4,17,27,44,89,4,2,24,70,91,1,98,4,34,41,66,91,3,26,87,91,4,8,27,70,71,4,35,61,69,70,2,8,70,2,8,49,5,46,52,79,84,91,4,28,46,49,81,4,17,35,69,91,3,23,28,69,2,17,91,5,25,34,45,69,84,5,2,22,24,69,79,4,10,27,45,62,4,23,29,42,91,3,34,46,54,5,2,27,66,79,91,4,8,32,59,91,4,14,27,59,84,3,1,2,20,5,2,22,66,79,82,6,5,8,75,85,94,98,3,33,61,70,5,2,22,54,71,94,5,3,41,61,62,94,4,5,17,45,91,6,20,34,62,89,90,91,2,75,91,7,3,22,33,41,45,79,91,4,20,27,33,75,4,0,27,33,62
35,3,61,84,94,7,22,42,45,52,79,84,98,4,25,52,83,94,3,24,45,54,4,20,22,27,49,8,5,8,14,32,34,45,71,90,3,20,23,61,5,14,20,45,52,91,4,2,8,45,99,4,5,8,70,78,5,0,17,25,26,70,2,27,34,6,2,7,23,50,59,98,3,33,34,97,3,28,52,71,7,1,8,42,49,70,90,93,4,2,27,42,45,3,29,57,60,5,29,33,44,54,70,6,8,17,35,70,78,91,5,2,42,45,70,90,4,19,65,69,72,3,39,54,91,2,3,5,4,2,33,57,59,7,5,19,32,36,70,88,92,5,2,67,69,78,94,5,10,35,37,45,91,4,24,27,33,90,4,0,31,46,52,4,29,33,46,52,3,23,28,61,3,23,46,95,4,27,33,65,90,4,5,45,56,61
24,3,5,33,94,2,52,56,2,72,91,2,30,50,7,44,45,54,84,89,91,99,4,0,3,27,98,2,8,52,2,7,17,1,98,2,44,84,3,8,32,44,3,22,61,70,2,14,33,1,61,2,8,71,1,75,2,8,9,2,29,75,3,3,33,91,2,26,70,3,52,61,69,2,46,79,1,45,2,70,98
31,4,21,23,27,89,6,2,39,42,45,72,82,5,22,27,37,70,84,7,8,17,33,44,52,54,91,7,0,1,3,25,35,67,84,3,2,26,52,5,5,17,35,45,91,4,23,35,65,70,4,12,33,35,70,7,2,17,30,32,61,76,84,4,24,34,52,70,1,46,4,17,20,56,79,4,2,8,46,90,3,2,82,97,4,11,52,66,93,2,7,84,2,20,89,4,25,49,70,83,4,17,19,29,52,4,8,22,49,89,2,45,67,2,4,13,4,20,30,52,61,5,8,26,45,91,99,4,27,61,63,78,4,46,49,70,91,3,23,39,54,2,79,91,5,2,5,39,70,91,5,25,30,33,65,68
23,2,2,54,2,8,22,4,61,67,91,97,3,5,28,90,3,70,89,91,7,4,8,17,27,35,61,91,1,91,2,26,61,5,7,8,44,45,71,3,42,79,82,3,3,28,35,3,71,72,83,1,52,3,5,52,91,3,5,10,84,2,3,89,7,17,42,52,70,72,79,91,4,42,49,90,97,2,50,79,3,8,33,91,3,17,28,37,3,5,34,61,6,27,33,41,56,70,82
29,2,8,70,2,68,98,2,56,94,2,17,67,3,0,6,62,3,19,24,27,1,54,2,23,45,2,70,98,3,45,78,91,3,2,50,91,2,17,99,2,0,45,2,56,79,2,31,91,3,17,22,83,2,45,52,2,46,70,1,84,1,91,4,22,45,70,79,1,2,1,47,1,18,1,28,3,61,82,88,3,32,54,69,2,6,91,2,34,70
27,1,3,4,23,59,61,63,3,14,23,54,4,17,25,45,46,3,8,35,61,3,22,45,83,2,86,89,3,25,87,91,4,2,43,91,94,1,90,3,56,70,75,3,23,45,46,6,1,9,17,28,32,70,2,52,90,4,2,76,87,91,1,45,4,22,70,72,76,3,17,23,70,4,5,22,30,97,2,66,75,4,34,65,76,94,1,79,3,33,34,72,2,17,90,3,13,52,67,3,28,61,73,2,32,52
18,3,27,33,59,4,42,56,70,91,2,29,45,2,42,62,1,56,1,94,1,90,1,84,1,45,1,8,1,53,1,8,2,39,52,1,38,1,52,1,35,1,39,1,78
16,1,95,1,52,3,44,45,76,1,5,1,91,1,68,2,27,79,1,70,1,70,1,33,1,98,2,42,70,1,97,1,8,3,42,45,94,1,35
27,3,1,70,91,4,2,29,45,72,2,38,69,2,22,91,1,28,2,14,45,1,91,2,61,91,1,44,7,33,34,49,79,90,91,99,2,90,91,3,32,98,99,3,22,49,52,1,84,2,19,50,1,52,2,39,54,2,66,91,2,8,76,2,23,52,1,52,2,2,69,2,35,52,4,8,45,79,91,3,0,44,59,2,45,70,4,25,34,43,98
15,2,52,89,3,33,46,67,1,54,1,23,1,20,1,8,1,86,1,70,1,22,2,8,29,2,52,64,2,46,69,2,70,87,2,52,94,1,2
23,5,52,68,70,83,99,2,34,94,2,17,94,3,17,20,52,5,17,27,61,84,91,2,17,89,3,1,35,69,3,27,52,91,1,71,2,45,91,5,3,5,29,33,35,3,3,57,61,1,78,2,3,4,3,3,38,99,1,56,4,22,50,83,91,1,63,2,23,84,3,0,70,75,2,52,57,3,8,75,95,2,14,91
19,2,70,91,6,33,34,45,66,84,99,1,49,3,37,52,54,3,3,34,91,4,49,71,79,89,2,11,90,2,0,1,2,80,95,2,24,78,1,32,4,5,49,91,93,2,17,84,3,5,8,79,3,27,56,61,2,6,64,3,2,56,66,2,3,42,1,17
23,3,23,45,56,7,42,45,61,70,81,84,87,3,19,42,84,1,91,7,5,27,29,33,49,61,93,2,22,31,3,28,45,98,4,19,29,61,69,3,68,69,91,1,82,5,0,1,25,27,32,4,8,49,63,92,2,44,72,3,30,61,91,3,5,27,44,1,44,2,52,70,2,5,8,1,61,1,98,3,70,83,95,3,5,70,91,4,29,52,63,70
21,5,3,8,72,75,94,2,29,61,1,54,4,8,28,43,59,4,20,41,78,91,4,8,28,61,72,4,28,64,70,79,6,5,61,66,69,90,94,7,38,39,45,54,60,72,99,5,29,62,73,85,91,4,20,54,62,91,3,15,89,90,1,79,7,42,44,59,61,67,70,83,2,27,66,3,44,70,83,1,42,5,4,28,32,44,61,4,29,45,70,78,7,1,27,52,65,69,84,94,2,5,70
20,3,56,70,89,2,0,34,7,35,56,61,69,72,88,91,4,0,20,50,52,4,2,5,24,91,2,26,91,4,20,54,57,90,3,5,33,84,1,89,2,2,79,5,30,42,66,70,91,4,20,35,42,82,4,27,34,76,91,4,2,5,20,35,1,91,3,50,52,91,4,2,28,29,39,1,27,3,2,27,70,2,29,46
28,3,8,37,91,1,61,1,33,4,45,61,70,91,3,8,66,75,2,5,45,6,12,27,43,45,65,85,2,54,84,3,52,58,70,3,3,17,79,4,3,17,67,72,3,8,28,61,1,44,4,32,45,61,75,2,45,52,3,1,52,61,6,0,8,32,42,72,90,2,90,91,5,2,8,25,26,98,3,28,45,66,2,19,94,4,2,17,22,61,3,8,61,69,4,27,28,45,52,2,23,78,3,14,90,91,5,6,8,11,57,66,3,23,30,94
33,7,6,14,34,52,54,71,94,7,23,45,70,75,89,90,98,5,26,34,46,61,72,7,17,52,59,62,80,91,98,7,8,23,27,42,50,91,98,9,2,3,17,19,29,34,42,45,70,5,26,52,71,72,85,5,8,17,33,52,79,5,8,20,78,83,89,3,26,69,91,7,5,27,34,35,39,61,97,10,11,22,24,28,45,61,64,69,72,91,7,32,34,42,44,59,61,70,8,5,27,28,33,46,67,87,94,10,4,12,14,27,29,34,61,79,91,98,5,0,27,28,34,91,8,0,23,25,32,34,44,61,84,6,3,25,34,39,66,70,10,2,8,17,20,34,39,42,45,75,91,7,27,29,54,70,89,90,91,11,6,8,20,46,65,66,70,78,90,91,94,9,1,14,27,32,45,57,61,90,91,9,33,34,35,42,44,56,66,67,91,8,0,3,5,22,24,66,67,84,8,2,5,52,59,61,70,75,89,6,7,8,42,56,57,63,7,28,46,61,70,84,87,91,6,17,22,29,61,84,91,7,2,35,46,52,91,93,98,8,2,26,27,34,56,89,90,91,6,5,8,42,44,54,61,2,61,83,3,23,30,42
35,2,17,87,3,41,66,97,3,5,27,91,2,27,84,6,8,34,59,61,84,91,3,45,63,70,1,91,1,84,1,8,3,20,34,89,3,27,37,94,3,2,29,54,1,35,5,45,69,89,90,93,3,39,45,79,2,89,91,2,24,33,2,6,94,5,17,30,42,54,66,5,5,14,20,50,91,2,8,89,3,17,25,91,4,42,45,69,91,4,1,45,55,56,4,65,67,71,91,2,50,89,5,28,45,59,67,94,4,2,22,70,83,3,23,46,61,3,27,45,78,4,29,46,86,91,2,54,70,2,22,83,3,17,35,46,3,32,61,90
28,7,17,29,39,54,72,78,87,3,3,71,91,7,1,2,5,8,42,67,84,3,2,76,91,4,2,16,30,31,4,20,37,56,91,1,2,1,84,3,45,64,91,4,29,70,93,94,4,3,23,70,91,4,7,23,44,50,2,5,78,3,69,70,76,3,3,23,91,3,3,17,62,3,0,13,94,4,22,69,91,94,2,42,44,3,5,39,71,2,10,35,1,91,1,20,3,2,30,90,2,23,70,5,17,33,34,56,61,6,27,29,30,50,70,90,2,27,62
32,2,34,45,2,7,8,1,91,4,32,50,56,70,1,27,2,22,68,2,28,70,1,34,2,4,17,3,45,70,94,2,34,44,3,26,61,91,2,30,91,1,3,3,20,91,99,2,23,87,1,79,2,0,56,1,91,2,45,62,2,44,99,2,80,93,4,5,44,70,93,1,59,1,1,2,27,52,1,19,4,45,46,56,63,2,52,91,1,87,2,30,94,2,69,73
28,1,64,4,3,32,87,91,3,61,63,64,5,34,35,61,76,94,2,62,70,7,23,25,27,35,38,44,61,6,5,20,57,60,61,70,4,30,61,80,88,3,2,28,59,5,27,50,54,91,98,4,45,61,70,83,6,23,35,76,84,89,90,6,0,54,62,63,72,78,3,17,42,86,2,17,71,4,29,67,89,98,1,61,1,2,6,2,17,25,27,31,91,5,62,64,91,98,99,5,37,42,43,73,79,5,2,8,34,42,52,4,34,83,94,98,2,6,45,8,8,17,29,30,54,55,89,90,5,2,3,70,82,91,4,3,56,63,85,5,2,24,28,63,67
39,5,6,35,41,65,91,3,5,42,72,4,17,34,70,80,6,5,27,28,61,67,91,4,19,27,70,86,4,8,23,33,46,4,17,39,49,91,2,17,94,6,63,70,78,79,89,91,5,67,68,70,89,91,4,17,30,70,94,5,62,67,68,90,91,3,4,24,59,4,3,86,91,94,3,32,44,79,3,27,69,79,5,17,22,29,42,90,6,0,5,35,42,52,54,4,5,46,54,70,1,91,3,32,94,98,2,26,61,4,0,42,70,91,6,24,45,52,56,93,97,5,27,33,79,91,98,6,8,21,45,52,61,79,4,57,62,69,94,2,50,79,5,3,5,27,45,48,4,27,34,56,70,4,50,70,78,92,5,1,20,61,63,97,4,27,28,54,70,4,0,25,27,33,3,1,5,33,3,2,72,97,5,2,6,40,75,90,5,0,17,44,61,75,2,23,91
32,4,54,62,72,91,1,54,2,42,45,5,35,57,69,75,91,3,2,5,92,2,2,30,4,4,6,34,70,3,5,35,46,5,27,50,70,78,91,2,0,72,2,24,75,2,41,76,3,39,42,72,6,17,20,22,55,62,91,6,41,61,67,75,94,97,3,61,72,94,3,0,2,62,3,27,52,62,1,94,2,76,98,6,8,42,52,83,90,99,3,10,27,66,2,26,61,4,27,34,45,89,5,34,70,84,91,98,3,1,62,94,3,26,70,72,3,33,57,91,3,0,41,54,1,72,2,8,23,3,23,27,95
15,1,23,1,24,2,29,91,1,45,1,45,1,5,1,34,2,34,76,2,0,41,1,70,1,39,1,6,2,2,46,4,5,22,34,70,2,94,99
33,5,0,33,42,50,94,7,1,27,45,59,66,87,90,1,5,4,33,39,45,80,5,10,28,45,72,75,4,31,50,52,79,4,10,34,62,94,2,45,84,2,19,70,3,8,39,91,3,3,27,64,5,34,45,46,66,91,8,2,54,56,57,61,70,83,91,4,38,42,86,94,4,0,17,23,29,4,3,79,84,98,2,33,67,6,5,19,45,49,91,98,6,3,5,19,20,34,69,4,13,22,27,35,4,22,27,61,65,3,0,20,81,4,3,46,49,70,5,20,35,56,75,76,3,70,91,98,6,4,5,34,52,59,88,3,27,59,70,4,17,52,90,91,5,3,59,63,89,93,3,27,42,64,4,8,49,56,63,5,27,31,54,70,94,5,20,59,69,90,91
13,1,70,1,67,2,8,92,2,63,91,3,35,66,79,2,70,97,3,52,66,84,1,98,1,42,3,14,23,78,1,64,1,24,1,42
35,3,5,66,69,3,2,34,91,3,45,56,72,3,8,64,99,3,6,24,46,3,3,62,84,4,27,70,90,91,4,5,8,11,69,2,54,61,3,1,22,35,4,22,69,91,92,3,5,46,61,4,5,28,90,91,6,2,24,50,56,70,76,1,7,3,3,45,85,2,5,84,1,68,3,60,91,98,4,2,5,34,59,3,4,34,80,1,91,6,30,56,61,72,90,91,3,6,61,70,1,42,1,45,4,1,27,61,69,3,33,50,61,1,2,4,5,17,88,94,3,5,22,52,5,22,45,56,76,84,2,22,91,2,27,46,3,61,72,88
15,3,3,14,45,1,44,1,23,4,2,22,34,49,2,23,56,2,34,70,1,68,1,91,1,61,2,20,88,1,27,4,35,61,83,90,2,2,87,3,70,75,80,1,54
31,5,42,46,70,81,94,5,3,23,33,39,91,3,70,81,94,5,5,28,45,70,72,3,3,14,54,6,19,29,44,46,54,72,1,17,1,61,3,8,17,22,1,47,5,45,61,62,66,91,1,21,2,8,61,5,23,28,52,56,84,3,72,90,95,3,11,35,52,3,0,1,58,1,79,2,7,70,3,69,70,98,2,5,71,2,28,45,3,4,61,81,3,61,70,73,4,45,49,57,70,3,42,44,45,4,25,28,37,61,5,5,35,62,70,98,3,10,67,70,1,88,3,5,34,90
25,1,32,3,27,44,92,3,33,46,90,2,5,42,4,8,26,52,70,4,3,13,22,45,3,8,20,27,5,3,8,42,57,70,1,70,3,2,22,94,3,39,45,95,2,8,91,4,0,19,79,87,2,66,84,3,5,6,45,3,23,27,84,2,17,46,5,8,34,42,43,91,2,17,70,4,57,66,84,91,3,2,19,99,3,62,70,91,2,0,54,2,8,81,1,27
27,7,5,18,23,56,61,70,75,3,11,90,95,1,5,3,23,29,89,3,1,3,50,2,33,78,3,20,41,68,1,81,1,91,3,20,22,49,3,26,89,91,2,28,61,2,46,98,4,2,17,35,66,2,17,66,3,23,61,70,5,6,41,45,55,56,2,8,70,4,28,69,78,79,3,70,76,84,3,19,79,85,2,20,91,5,50,52,67,71,93,5,23,33,62,90,98,5,5,45,69,70,91,2,61,69,3,17,90,91
21,1,61,1,80,1,32,1,91,2,5,88,2,34,91,1,6,1,3,6,7,35,52,78,84,91,1,49,4,8,17,70,76,1,64,1,84,1,90,1,94,1,39,1,61,1,20,3,33,91,93,2,70,78,1,66
28,3,27,61,98,1,25,3,17,78,84,2,80,90,1,5,2,31,91,6,3,5,64,66,67,84,3,3,8,23,3,8,34,91,5,27,42,61,70,91,1,17,1,62,5,28,33,50,61,63,4,17,48,52,94,3,14,61,83,5,2,48,50,70,91,3,2,13,84,3,22,70,79,3,19,28,56,1,61,3,22,38,66,2,67,94,3,20,45,64,3,4,17,91,3,10,61,70,2,29,56,3,2,26,59,4,45,56,63,72
29,1,50,1,86,1,5,1,79,1,68,1,91,1,3,1,28,1,10,1,56,1,2,1,61,1,27,1,94,1,75,3,25,42,91,1,7,1,0,1,45,1,23,3,3,23,43,1,13,1,27,1,45,2,22,52,1,26,1,45,2,34,52,1,28
22,2,2,8,2,2,5,5,25,54,69,91,94,3,45,57,79,2,2,19,1,2,1,2,1,59,1,91,1,91,2,4,84,2,27,99,4,45,52,68,72,3,22,56,67,2,2,17,2,5,91,3,2,5,23,1,94,1,8,1,98,1,87,2,70,72
22,2,34,91,3,16,23,27,2,29,69,1,45,1,45,1,89,1,17,2,8,72,1,25,5,2,20,34,79,91,1,18,2,2,70,1,33,1,52,1,10,3,3,5,84,4,2,34,61,91,1,70,2,56,91,1,71,1,91,1,80
34,1,81,4,8,46,70,71,5,8,33,46,70,91,2,47,64,4,22,54,56,71,1,41,5,20,22,56,57,61,3,8,17,84,3,8,61,91,2,70,72,5,34,50,57,61,79,3,8,54,91,3,39,61,69,2,27,78,5,10,28,52,61,91,3,27,32,91,7,5,8,20,28,42,67,98,6,0,26,45,68,69,70,4,28,46,66,91,2,5,68,1,25,3,29,42,57,2,45,91,3,29,44,70,2,42,68,3,33,35,71,2,84,91,3,56,61,79,1,22,1,70,5,27,32,70,84,87,2,67,92,2,2,17,5,4,50,52,89,91
23,2,27,50,1,6,1,98,1,84,2,5,98,1,39,1,2,1,5,1,27,1,44,1,52,1,84,1,20,2,5,62,1,35,1,83,1,50,2,20,23,2,1,50,1,78,1,54,1,8,1,32
24,2,19,33,3,5,34,54,2,32,45,1,17,1,61,2,34,91,3,17,81,84,1,98,2,85,94,2,1,8,1,61,2,3,48,3,22,44,70,2,56,61,2,8,54,4,28,56,70,81,2,23,72,5,0,22,24,37,62,2,0,98,2,1,91,2,2,94,2,70,73,1,56,1,63
41,1,68,4,17,45,70,98,4,17,42,46,94,3,5,35,91,5,24,45,50,59,61,3,23,33,45,3,25,66,71,4,2,50,65,90,4,23,52,61,65,4,68,82,91,93,3,50,83,87,2,45,75,3,17,22,41,4,2,6,17,49,3,8,17,84,4,27,39,71,72,3,6,24,46,3,80,91,92,2,44,84,5,2,8,45,59,91,2,8,10,3,52,79,87,4,37,50,66,91,3,17,28,91,3,14,42,67,4,3,29,42,62,2,27,94,3,32,50,89,1,3,4,33,72,91,98,5,3,33,42,49,71,4,3,29,71,98,2,26,61,3,2,29,35,2,72,91,3,56,65,67,3,0,3,38,3,3,13,91,3,67,72,98,2,5,91,2,5,34
23,2,45,70,3,46,70,91,3,27,69,79,1,20,2,3,91,1,16,2,17,70,1,23,1,43,4,29,44,45,78,4,2,23,27,70,2,2,85,1,54,2,8,94,1,27,2,47,98,1,31,1,34,4,3,27,76,79,2,10,45,1,27,3,28,33,49,3,5,42,80
22,1,27,1,2,3,14,86,87,2,63,69,2,13,78,3,2,7,26,1,42,1,61,1,27,1,45,2,46,56,1,87,3,7,72,91,1,2,1,28,1,8,1,2,3,1,19,90,1,62,1,56,2,70,94,2,35,70
37,6,8,28,30,44,72,92,5,2,8,57,61,75,4,52,62,72,93,5,8,17,23,35,52,1,5,5,22,27,34,54,59,3,61,70,94,4,44,46,52,83,5,2,22,29,70,83,5,3,29,45,67,70,5,8,35,59,76,86,5,8,52,57,69,91,3,2,61,66,3,2,3,14,2,52,92,4,5,27,86,90,4,5,23,27,35,6,10,57,59,84,90,91,2,83,89,5,7,8,18,35,62,6,10,26,29,76,97,99,4,6,34,61,79,4,5,29,33,70,2,28,42,5,39,54,63,91,93,4,8,34,56,70,5,3,49,61,70,84,4,7,28,70,94,1,45,3,27,61,72,4,20,29,60,91,3,8,17,42,5,19,23,27,72,90,5,23,33,34,70,78,3,20,46,98,4,17,42,70,91,4,2,25,80,91
27,3,8,33,67,1,45,2,45,69,4,2,22,61,98,2,29,87,1,23,3,7,22,45,2,66,70,2,8,67,2,20,34,2,54,61,2,0,1,1,70,2,10,17,3,23,27,70,4,34,39,56,78,2,27,44,2,70,86,2,70,94,1,50,2,22,93,2,38,42,2,33,71,1,45,2,32,70,2,1,29,3,19,35,69
29,4,8,25,59,64,4,29,59,70,91,2,20,27,1,70,2,8,91,5,2,17,91,94,99,3,33,45,70,3,44,61,99,5,11,35,61,70,90,2,2,61,3,29,45,70,4,3,27,35,94,3,45,75,90,1,79,3,17,29,45,3,17,64,72,2,20,48,7,8,23,27,28,56,70,91,1,67,2,1,27,3,2,20,39,2,2,91,2,17,91,3,2,17,61,2,23,84,1,35,2,24,45,5,28,33,39,61,91,3,7,28,59
31,3,25,27,70,1,71,1,46,1,82,3,33,91,99,1,29,2,8,61,1,57,1,66,1,70,1,45,2,20,66,2,33,70,1,72,2,14,50,2,2,59,1,72,1,23,1,72,1,94,1,32,1,80,1,62,2,33,79,1,17,1,2,1,61,1,91,1,67,2,33,34,1,29
28,2,61,78,4,42,78,81,93,2,52,89,1,45,4,0,22,50,64,2,61,65,2,8,27,3,28,64,91,1,1,4,5,59,84,87,2,57,91,1,46,2,45,56,3,25,41,70,2,17,87,1,2,3,8,61,70,1,52,1,70,5,18,19,23,64,85,2,17,44,1,22,5,5,8,13,52,91,2,28,67,2,18,57,4,33,61,67,91,2,10,91,2,3,69
36,4,2,28,64,93,1,27,4,6,33,56,89,1,24,2,8,98,3,45,70,75,2,1,61,2,33,34,1,91,1,98,4,5,11,17,94,2,61,76,3,28,52,87,1,98,1,8,2,2,72,2,79,98,2,14,59,1,16,2,19,90,2,45,90,3,43,65,91,1,0,2,61,91,1,67,1,62,2,34,39,2,66,91,3,3,17,45,2,5,71,1,4,2,14,91,3,2,27,70,2,29,89,4,17,32,70,94,1,72
32,3,24,34,94,2,23,45,1,61,2,8,89,5,27,46,56,70,91,2,50,93,2,54,91,2,59,71,4,1,32,41,66,2,44,70,2,17,56,2,52,71,3,2,40,61,2,23,90,1,28,1,20,3,27,28,52,1,2,2,0,81,2,2,61,2,2,79,2,8,46,5,7,8,42,71,90,4,5,27,61,91,2,54,90,3,26,34,52,2,23,91,1,72,1,30,2,34,91,3,2,50,57,4,8,34,52,61
23,8,8,25,29,50,54,75,87,90,6,33,59,61,70,81,94,7,1,8,42,49,50,56,70,4,35,54,61,94,7,8,17,18,33,34,42,78,8,27,28,29,32,35,43,56,87,7,12,17,22,27,61,70,79,4,41,43,61,99,8,3,5,27,34,54,69,91,97,6,27,44,61,63,70,78,1,87,5,22,32,39,44,46,2,5,27,8,2,17,24,44,52,59,70,91,7,8,19,27,34,70,89,91,6,2,32,33,52,69,72,4,10,17,56,72,8,3,23,28,33,34,39,61,79,8,0,3,28,61,66,70,89,91,6,5,34,52,56,61,91,6,2,29,45,52,56,71,5,5,8,19,52,91,5,2,27,42,64,75
25,3,67,86,91,4,1,34,61,70,5,24,27,42,62,90,3,5,39,44,2,91,94,2,17,98,4,5,20,42,61,3,24,61,72,2,70,91,2,1,90,2,61,66,4,29,35,66,79,2,27,69,4,23,28,45,57,3,0,1,91,2,22,45,3,52,91,93,2,62,66,4,44,78,90,93,1,27,1,91,3,2,35,50,7,29,33,39,41,52,89,91,1,2,3,1,66,70
20,1,8,1,91,1,8,2,23,99,1,32,3,8,54,61,4,3,34,42,75,2,1,42,1,54,1,17,2,42,78,1,35,1,46,1,94,1,45,2,42,69,1,98,1,20,2,4,84,1,94
20,4,8,44,52,98,2,17,46,3,5,70,72,4,24,33,50,56,2,75,91,1,17,2,32,56,3,33,46,76,1,28,1,5,1,98,2,2,28,1,8,3,6,45,83,3,66,75,90,2,7,14,2,66,78,3,1,70,91,3,54,62,72,3,43,45,91
36,6,1,11,19,64,90,91,2,50,61,2,59,91,2,0,45,5,4,5,59,84,94,3,45,46,52,3,32,45,91,1,45,5,50,63,65,70,97,3,2,70,91,3,27,79,83,5,5,70,83,90,95,2,8,76,1,71,4,46,52,91,99,1,88,1,14,3,5,45,52,3,24,27,56,4,24,42,78,91,1,70,5,5,52,68,70,91,3,1,2,91,2,28,29,3,56,63,65,3,2,39,52,5,7,61,70,89,99,1,70,2,29,70,3,35,52,91,3,22,66,91,2,64,83,4,2,46,67,97,5,38,52,69,72,91,3,34,61,98,3,27,46,61
24,5,2,26,39,45,78,3,17,70,94,2,83,91,2,22,91,2,2,91,2,41,45,2,22,66,3,13,27,84,1,34,4,39,52,61,79,2,32,67,1,91,1,23,1,61,2,69,91,2,19,29,2,45,91,1,98,2,23,28,2,72,91,1,46,2,22,29,1,89,2,23,70
34,1,91,4,42,70,91,93,4,4,67,70,76,2,3,70,2,0,70,2,23,80,3,1,35,39,2,54,91,1,79,3,0,42,70,1,8,2,20,23,3,14,46,91,2,25,91,2,70,88,3,8,54,69,2,14,87,2,20,48,1,28,2,70,75,2,17,22,4,22,45,54,98,3,42,54,91,2,27,29,1,70,2,7,99,2,32,97,3,17,83,98,1,45,2,46,54,1,2,2,17,29,1,63,3,56,61,66
27,2,8,30,2,42,66,1,2,1,27,2,17,82,1,91,1,69,2,30,33,3,2,69,91,1,14,3,0,42,62,1,2,2,2,28,3,69,91,94,3,2,27,52,2,77,98,2,5,10,3,44,57,61,1,76,5,7,22,45,54,80,1,3,2,1,90,1,20,2,54,70,4,23,27,83,91,2,45,62,2,45,63
25,3,4,5,91,4,29,45,64,70,4,22,23,69,91,3,38,78,84,9,2,19,25,43,45,50,68,91,93,1,64,2,8,44,4,27,30,75,90,2,4,79,4,45,62,79,90,1,91,3,35,45,61,6,0,33,42,68,88,90,3,3,6,61,4,27,46,70,98,3,27,52,56,3,1,31,89,2,8,78,4,24,28,64,84,2,6,45,2,32,71,2,59,91,3,2,28,57,3,20,27,56,7,2,3,27,66,70,78,94
27,3,36,45,79,4,4,17,61,62,2,23,72,4,5,45,69,98,1,2,3,21,66,78,2,8,27,3,2,65,70,2,5,61,3,5,45,70,1,71,3,34,52,91,2,5,10,2,17,84,2,30,70,2,52,90,1,20,7,0,26,35,52,57,87,99,4,17,35,39,61,2,55,90,3,8,91,93,3,5,28,87,5,24,59,90,92,98,3,42,83,91,3,5,70,84,2,27,61,1,69
30,1,5,3,3,91,98,2,19,45,2,20,94,3,10,26,61,5,5,25,44,72,91,3,33,49,70,1,70,5,6,52,63,67,91,5,2,32,61,78,84,3,35,43,70,4,2,10,70,91,3,2,75,87,3,32,56,91,5,2,8,20,26,81,4,5,20,61,94,1,79,1,54,3,8,17,57,4,2,39,44,70,4,8,25,70,76,7,3,17,39,44,69,70,91,4,13,34,65,82,4,27,61,90,91,2,61,80,3,34,50,98,3,25,32,61,3,16,67,70,2,24,45,1,91
32,3,25,56,70,2,35,67,3,49,75,91,2,5,90,4,23,46,61,91,3,35,45,83,3,3,14,61,2,27,70,3,21,54,70,4,49,66,91,94,3,5,41,59,5,8,10,35,75,88,5,17,22,32,52,91,3,23,26,61,4,28,52,61,70,1,14,3,23,35,45,3,1,3,39,4,0,43,50,56,2,5,26,3,5,33,59,3,23,33,54,1,93,4,45,59,76,92,2,67,69,4,2,20,34,76,3,5,72,89,3,55,59,64,3,22,61,75,2,44,57,4,3,22,45,54,3,17,19,91
29,3,19,32,84,1,56,3,23,46,52,3,17,21,45,3,50,54,83,3,8,18,61,1,49,4,5,33,38,52,4,2,17,70,85,1,79,3,35,44,94,3,20,45,91,3,7,44,79,5,16,33,61,84,99,1,24,4,2,29,91,94,2,27,45,4,24,39,45,70,6,5,27,30,70,91,98,2,43,83,1,90,3,44,50,87,5,33,50,70,94,98,5,2,57,59,62,79,2,2,49,4,29,50,73,90,2,17,59,5,27,29,44,61,90,2,19,33
22,2,0,93,1,66,2,34,76,2,24,27,3,10,54,91,1,3,1,42,3,5,26,49,3,27,39,75,2,22,84,1,50,1,70,2,32,95,4,20,29,54,61,2,25,61,2,29,66,3,45,72,84,2,0,17,3,55,59,70,5,2,8,34,44,91,4,5,27,61,79,3,27,35,91
23,3,23,42,95,1,75,4,14,17,48,91,3,54,55,89,4,1,34,49,91,4,27,33,42,67,4,8,40,67,68,3,69,89,95,4,17,54,84,90,3,27,32,98,2,17,61,3,17,87,94,2,61,91,4,52,59,90,95,1,61,3,3,33,75,4,17,27,75,78,4,5,8,72,98,2,46,79,5,8,45,62,90,91,4,27,61,90,91,4,24,28,32,57,2,35,95
31,4,46,52,75,91,5,53,56,61,87,89,8,13,14,17,27,35,54,64,78,1,34,1,25,1,2,6,4,20,22,27,72,89,2,27,91,1,46,5,42,54,69,84,91,6,27,28,56,69,79,82,5,4,27,56,57,59,5,16,45,54,97,99,2,5,62,6,2,45,49,59,91,94,4,2,23,52,72,6,22,27,28,35,45,56,4,9,52,61,84,2,3,61,2,2,6,3,32,52,79,5,0,39,72,87,91,3,8,17,54,3,32,49,71,6,20,29,32,49,61,97,5,2,26,78,87,91,7,27,39,75,84,90,91,94,4,6,17,67,91,1,86,4,8,70,75,98,4,23,49,90,91
24,2,13,79,1,91,2,0,34,3,45,78,91,3,5,48,84,3,5,20,67,2,5,63,2,42,87,2,44,98,2,56,89,1,27,3,14,90,91,4,6,42,45,91,6,4,7,8,28,70,97,1,1,2,52,91,2,27,65,2,70,91,2,19,65,4,2,32,49,56,1,80,1,61,1,79,3,30,54,94
30,6,1,2,17,41,44,88,2,41,90,2,2,44,6,22,29,42,67,70,87,5,17,33,45,75,84,3,28,39,45,8,2,17,20,22,45,59,70,86,5,22,45,68,76,91,10,0,1,2,5,17,27,28,46,50,97,6,32,45,64,84,87,91,6,14,27,33,54,81,92,4,5,35,70,90,5,1,4,32,45,87,4,2,22,33,89,5,2,3,27,50,91,9,3,8,28,32,41,44,46,61,91,5,28,50,56,61,65,6,22,35,55,89,91,97,5,3,5,38,50,67,6,5,17,43,63,72,91,7,39,42,45,52,60,70,91,4,7,22,30,31,1,2,5,52,61,70,81,86,4,21,52,72,91,7,1,3,28,70,72,78,79,8,3,14,21,49,61,67,93,94,2,45,71,3,28,52,75,5,1,5,17,19,50
36,5,2,4,22,27,70,4,27,71,91,94,4,3,8,68,72,1,91,1,91,4,44,70,90,99,5,23,34,45,90,91,5,17,28,32,61,80,4,42,61,68,91,8,5,19,27,39,45,46,70,76,3,8,27,45,1,70,9,17,28,29,44,52,70,90,91,98,2,34,64,5,14,27,30,35,94,4,3,22,34,94,4,5,45,46,49,6,2,7,45,67,90,91,6,5,6,8,29,33,91,5,0,5,14,31,91,3,23,68,69,4,2,61,66,91,2,5,8,1,2,6,8,28,52,56,70,90,6,20,28,33,34,66,91,3,2,4,70,1,28,2,35,91,4,17,35,50,91,4,20,66,70,90,5,6,18,33,46,52,2,42,45,7,17,42,48,49,50,52,68,7,28,35,46,61,88,90,93,7,5,10,23,44,59,70,94
18,1,91,1,70,3,2,39,72,1,28,1,84,1,78,1,52,1,75,1,98,2,59,84,1,17,1,42,1,84,1,61,3,18,26,39,1,61,1,17,2,70,91
22,2,19,70,1,83,1,45,2,23,46,3,22,45,70,5,17,20,39,81,91,1,95,2,2,5,4,22,24,45,61,2,2,94,2,59,91,1,55,5,0,41,44,50,70,5,7,8,61,70,95,1,61,2,0,70,2,8,84,2,61,79,2,35,91,3,39,45,49,1,79,1,7
27,3,34,79,87,1,44,2,1,98,3,26,28,39,2,49,91,2,54,98,2,45,83,5,5,39,79,80,87,2,75,78,2,2,57,2,5,61,2,59,70,2,8,14,1,91,1,2,2,17,78,1,78,4,56,70,91,94,2,28,64,2,93,98,1,65,1,69,3,35,69,89,1,2,2,66,91,4,19,27,52,81,1,45
34,5,34,42,79,91,94,3,0,79,91,3,25,45,70,4,33,43,52,84,2,8,91,3,33,61,69,5,45,57,62,80,91,1,2,7,29,37,41,67,70,71,93,8,2,10,19,27,35,41,90,91,4,3,27,59,90,3,6,54,95,1,50,4,24,54,70,75,5,30,35,56,91,95,2,24,52,4,29,39,43,94,5,5,56,57,73,89,5,5,19,29,66,91,7,27,56,62,70,72,75,91,3,5,8,75,7,1,17,34,52,76,84,87,4,8,69,70,94,2,72,79,4,1,2,43,94,4,38,45,70,83,5,1,23,29,44,56,4,0,30,42,80,2,29,86,3,0,42,70,1,70,3,79,83,97,4,27,49,52,91,4,27,45,90,93
26,6,2,13,45,57,90,98,4,43,46,75,91,4,22,24,29,91,6,8,21,50,59,71,91,4,8,33,54,93,4,29,41,52,70,2,26,34,2,2,49,3,45,70,72,5,5,30,35,49,93,2,27,79,5,2,10,42,55,79,4,8,17,69,89,1,8,4,46,52,54,70,3,6,25,83,5,42,44,89,90,98,6,27,61,66,78,91,94,6,20,35,49,62,84,91,5,42,57,62,88,91,5,2,8,27,39,78,2,20,92,6,2,39,41,70,91,99,5,8,27,35,91,94,5,17,27,33,70,80,2,23,35
17,1,91,1,22,1,20,1,83,2,2,33,2,56,61,1,33,3,1,57,61,2,27,71,1,61,1,71,1,54,1,2,2,49,91,1,45,1,72,1,93
13,1,70,1,33,1,45,1,8,2,8,27,1,90,3,34,70,91,2,79,91,1,61,2,17,76,1,17,2,6,42,1,39
18,1,44,1,22,1,82,2,69,70,1,56,1,52,1,17,1,91,1,90,1,84,1,70,1,22,1,21,1,84,1,91,2,61,67,1,84,3,45,59,99
14,2,8,42,2,84,91,1,75,2,46,91,2,70,76,4,23,41,61,70,2,52,91,2,14,34,3,61,63,79,2,1,67,2,30,76,2,72,83,2,35,91,3,50,57,72
33,3,5,27,56,4,8,23,26,42,5,24,26,34,47,52,3,46,62,87,3,16,70,79,6,0,14,25,70,82,91,3,17,19,50,2,23,79,3,29,54,91,3,24,76,91,2,45,90,6,2,27,29,42,45,81,3,22,25,45,3,2,37,50,3,68,70,91,5,35,39,56,66,91,2,77,94,5,17,20,23,31,95,1,98,2,33,66,3,69,70,89,4,27,52,70,75,2,32,34,3,65,76,91,3,2,28,61,2,26,35,3,42,56,67,3,18,42,52,2,2,23,6,0,5,42,61,62,94,1,42,3,43,64,94,2,26,45
21,6,2,39,45,50,91,93,3,8,42,45,2,17,75,1,28,1,75,1,45,1,94,1,70,1,84,1,46,2,90,91,1,61,1,34,1,61,1,27,2,44,49,1,45,3,6,8,66,1,82,1,72,1,79
23,3,28,72,75,5,17,23,33,78,94,1,80,1,70,2,38,42,3,82,84,89,1,3,2,17,80,2,8,66,2,6,79,2,45,65,4,4,33,39,91,2,42,94,3,27,52,70,1,66,2,32,37,2,59,84,2,2,79,4,6,23,31,33,1,56,2,27,62,1,44,2,84,91
13,1,34,1,23,1,45,4,3,5,20,61,2,33,52,3,22,24,37,1,91,2,0,25,3,1,25,52,2,70,73,1,2,1,34,2,45,72
32,3,1,87,91,5,1,44,68,72,97,2,39,61,5,35,41,66,70,93,3,33,42,69,4,27,56,72,92,3,8,23,27,5,56,70,78,84,95,1,94,3,2,23,45,1,52,2,3,58,5,3,22,34,70,91,2,24,91,1,5,3,23,68,98,4,8,29,39,91,3,1,19,91,5,3,42,76,91,94,3,11,50,70,5,17,33,34,35,91,2,52,70,3,27,70,91,3,2,33,98,4,22,35,42,91,4,39,45,83,91,4,1,5,46,91,1,54,4,23,28,78,91,3,28,67,87,3,17,57,87,3,27,43,91
35,3,17,37,69,2,5,79,3,29,61,70,3,1,27,34,1,2,5,17,26,34,45,61,4,1,19,45,89,4,27,39,62,91,4,2,44,70,94,3,50,70,90,1,42,2,45,70,4,2,26,54,61,6,8,22,44,49,72,94,4,24,28,56,84,5,23,27,32,70,91,4,22,26,91,93,3,3,27,62,1,79,2,17,71,2,62,70,3,27,45,46,3,8,35,94,3,34,90,91,3,2,61,90,3,14,18,91,4,26,70,91,98,3,34,42,79,5,19,32,61,70,94,3,13,42,79,1,17,1,38,4,25,61,63,67,1,5,7,24,27,35,61,66,83,90
28,1,20,1,72,2,33,46,2,23,27,1,91,1,8,1,5,1,90,1,17,1,76,1,34,1,67,2,46,90,1,89,3,17,70,94,2,27,70,1,91,2,16,56,1,90,3,8,66,91,2,22,35,1,61,1,17,4,4,35,59,72,1,67,1,82,1,58,1,91
23,2,45,54,1,70,1,61,1,22,3,70,81,91,1,29,1,3,1,69,1,29,1,80,1,0,1,32,2,72,91,1,79,1,91,1,34,2,2,20,1,24,1,42,2,5,25,2,45,70,2,8,92,1,91
20,1,29,1,59,1,47,1,8,1,61,2,39,89,1,24,2,59,70,3,28,61,98,2,82,93,2,8,39,1,91,1,84,1,91,3,5,72,91,3,17,32,33,2,17,34,1,85,1,99,1,46
22,2,17,54,4,3,78,84,91,2,54,61,5,2,27,29,33,61,2,5,91,4,4,33,34,42,1,89,5,27,46,61,91,98,3,23,35,70,2,23,46,3,27,61,66,2,25,52,3,42,45,67,2,45,50,2,3,80,3,10,44,80,3,43,46,70,1,23,6,8,10,22,24,61,91,2,44,61,3,45,52,63,3,34,70,91
24,1,33,1,35,1,33,1,97,1,66,3,50,56,76,1,5,1,94,1,27,1,98,1,46,2,0,42,1,17,1,3,1,87,1,57,2,16,17,3,29,49,56,1,78,1,79,1,79,1,99,2,6,23,1,32
21,4,28,61,68,91,1,2,1,22,2,17,71,1,8,1,70,1,46,1,71,1,33,1,28,2,42,59,3,20,29,57,1,70,1,68,1,98,3,26,67,98,3,19,45,71,1,28,1,75,2,14,27,2,23,72
25,2,69,98,1,27,1,3,2,7,29,2,29,70,6,3,5,27,61,80,91,3,8,34,78,5,5,27,28,34,54,2,27,30,3,10,28,33,1,5,1,46,2,22,28,3,17,61,90,2,49,70,3,17,70,72,1,42,1,26,4,19,33,62,91,3,27,49,75,2,11,70,3,2,52,90,2,70,91,2,54,84,3,25,45,52
19,1,38,2,2,28,3,17,23,91,3,1,72,98,2,94,97,3,20,29,89,4,45,54,62,72,3,17,56,70,1,91,5,2,27,45,50,61,1,8,1,26,3,29,45,56,2,10,33,1,83,2,2,22,1,61,2,42,99,2,61,92
25,6,22,33,66,84,93,94,4,4,27,59,84,6,2,8,28,33,52,94,2,0,32,4,2,5,61,89,3,3,8,83,3,2,17,50,4,26,33,45,46,3,54,62,72,6,5,14,23,27,78,91,4,45,59,79,94,7,17,32,39,45,69,94,95,5,42,54,62,72,91,1,17,2,32,62,4,3,6,46,91,4,27,59,61,62,4,2,79,84,91,6,5,6,20,33,61,93,4,2,27,50,75,5,5,17,61,76,86,5,8,17,34,44,91,5,17,48,54,66,89,4,2,22,26,70,2,67,99
38,4,8,39,76,91,2,2,94,2,45,52,1,5,2,2,94,1,78,1,66,1,65,2,3,56,4,32,49,91,95,3,62,75,91,6,10,26,67,91,97,98,4,1,29,49,91,3,45,57,60,1,27,2,2,5,1,6,1,91,5,26,70,91,93,99,1,70,2,8,33,1,50,4,33,45,65,70,1,27,3,2,28,79,1,54,5,27,41,45,62,71,6,2,3,8,61,70,91,1,64,3,42,61,70,2,2,45,2,37,79,2,45,58,4,3,5,59,84,2,17,61,1,79,1,18,2,27,61
25,1,27,2,17,61,1,97,1,91,2,5,70,1,3,1,3,1,61,1,22,1,27,1,17,1,24,2,69,97,1,8,2,22,45,1,43,1,70,1,29,1,79,2,1,26,2,27,61,2,27,28,1,45,2,22,87,1,64
30,6,19,23,42,45,46,91,3,5,27,98,4,43,56,57,70,3,34,61,80,6,22,29,39,44,45,46,4,2,54,55,89,4,8,46,54,70,5,5,10,34,35,70,7,20,22,35,61,67,70,90,1,91,3,1,44,49,4,0,62,70,84,4,24,25,32,94,4,27,59,61,75,3,1,2,8,5,8,34,70,79,91,7,5,17,34,35,44,91,93,5,8,17,61,67,73,4,27,41,61,70,4,2,35,86,91,2,27,70,4,27,29,42,98,4,3,22,45,56,6,1,5,33,42,61,89,4,20,28,50,81,3,5,44,55,5,17,23,35,91,93,4,1,2,70,91,1,35,2,22,30
21,3,3,27,45,4,54,61,91,92,2,19,50,6,2,19,28,61,84,91,4,67,79,94,98,7,2,5,17,24,45,65,84,2,23,35,4,7,43,70,72,4,2,8,34,44,3,52,70,94,1,17,3,26,59,94,3,30,33,75,3,29,45,72,1,91,2,35,61,4,5,49,61,91,2,56,90,3,22,42,61,3,52,69,91,5,0,54,56,62,63
11,1,2,7,17,23,24,34,54,62,72,1,2,1,39,1,52,1,69,3,5,35,59,1,62,1,52,2,5,56,3,10,31,84
17,2,23,84,3,35,46,80,4,29,30,32,90,1,52,1,69,1,17,1,8,1,27,2,45,94,1,43,1,89,1,67,3,27,28,93,1,27,4,20,61,70,99,1,13,3,11,33,91
28,2,8,22,2,8,70,3,2,19,69,2,84,92,3,24,45,91,2,3,91,2,10,90,2,27,61,3,22,34,75,1,69,5,22,61,76,87,91,2,5,28,2,46,72,1,42,2,17,97,4,2,45,66,79,2,3,17,1,70,2,8,61,3,33,62,90,2,94,99,1,3,5,8,17,27,34,69,1,8,2,9,19,3,0,26,42,2,81,98,3,3,23,91
22,1,17,1,33,2,3,45,2,69,91,1,70,2,34,76,3,22,66,91,1,89,2,50,90,2,42,77,2,43,52,1,27,1,2,1,87,1,61,2,8,91,1,4,1,49,1,31,1,6,1,35,2,42,45
24,2,18,39,3,33,46,91,2,23,94,2,52,86,4,13,27,56,90,2,80,91,2,70,79,1,94,4,13,23,33,67,2,2,5,2,70,93,1,17,2,67,97,1,61,2,11,67,1,54,1,86,2,29,68,5,5,10,69,70,71,2,60,99,2,5,84,2,27,65,2,54,61,1,45
26,3,8,23,84,2,70,72,1,23,2,23,76,3,54,79,93,1,91,4,28,45,52,89,3,39,43,90,4,27,33,50,91,1,72,2,25,57,1,28,4,8,57,90,98,2,62,90,2,63,75,1,56,2,67,84,4,17,66,78,87,2,28,91,1,86,1,66,2,5,39,4,2,29,61,71,1,29,2,45,99,2,29,70
29,3,8,23,52,4,56,61,91,95,1,17,5,3,17,23,62,67,3,3,5,91,2,19,87,2,27,29,5,11,27,54,90,93,2,2,33,2,19,28,3,3,45,57,3,8,94,98,2,53,90,1,27,1,75,2,54,64,2,90,98,1,70,2,62,90,2,1,43,1,91,3,22,32,64,3,17,61,62,1,5,1,72,2,8,39,3,7,21,70,1,90,2,6,45
16,1,70,1,31,1,91,1,25,1,10,3,10,22,91,1,4,1,70,3,21,27,33,2,8,27,1,8,2,3,91,1,37,1,44,1,5,1,82
37,4,20,23,27,91,2,32,54,3,27,66,94,3,29,56,72,2,17,70,5,2,8,33,37,52,2,2,8,5,5,7,37,56,84,3,22,90,91,3,43,44,70,5,1,34,61,88,89,3,18,95,98,3,27,62,79,1,71,3,52,70,91,2,2,27,4,15,29,70,87,3,2,72,91,3,2,67,69,5,5,27,45,52,79,3,27,42,98,1,27,3,18,25,45,7,39,54,56,64,70,78,87,3,27,28,44,3,70,91,94,4,6,62,70,84,3,7,91,98,5,2,5,49,66,70,5,17,33,61,67,71,3,65,82,83,1,91,3,17,61,91,4,19,23,56,70,3,35,45,85,2,17,94,4,22,29,45,46
20,2,45,84,2,5,88,1,8,2,68,73,1,91,1,33,2,3,91,1,65,1,70,1,61,1,28,2,22,70,1,32,4,23,27,72,90,1,72,1,52,2,19,69,2,61,88,1,91,1,63
25,3,46,79,94,2,22,86,6,8,22,24,44,62,78,6,5,44,50,56,70,86,2,45,46,3,3,23,39,3,2,34,70,4,11,23,33,56,3,2,26,27,1,54,4,21,42,62,66,5,5,6,22,27,69,4,0,1,78,91,1,61,4,1,7,50,98,4,2,59,62,91,2,44,45,3,2,23,90,3,6,8,76,2,23,72,4,2,10,45,52,4,1,27,52,61,2,45,59,3,28,33,61,5,2,39,62,70,89
31,3,62,91,94,3,29,33,52,2,28,63,4,17,27,59,84,2,79,87,2,2,70,2,3,70,2,18,55,1,79,4,26,34,79,91,1,61,4,44,59,61,90,1,34,2,10,20,2,22,91,2,17,98,1,66,2,45,52,4,27,34,70,94,2,2,52,3,27,79,99,6,5,20,27,54,93,94,2,0,84,3,1,17,29,3,5,46,72,1,82,2,23,72,2,17,52,2,10,45,2,7,8,1,65
25,1,16,3,0,33,70,3,5,13,61,1,38,2,1,62,1,45,3,0,28,42,1,57,1,3,2,52,94,3,21,27,61,2,8,52,2,84,87,2,5,22,3,17,70,89,3,33,73,98,3,45,57,72,2,54,72,2,10,61,1,70,3,70,83,91,1,64,4,5,50,55,70,3,28,63,70,4,7,50,52,70
19,3,2,7,11,2,19,45,6,8,23,45,61,66,70,3,84,98,99,2,45,78,2,33,36,3,2,3,50,3,16,75,91,2,57,84,5,17,18,56,68,91,2,20,27,3,10,21,76,1,26,1,27,4,2,42,84,98,4,30,33,45,71,3,22,42,62,3,14,32,44,3,46,70,72
22,2,5,46,2,2,61,3,8,22,45,1,91,1,91,2,6,70,3,37,91,97,4,2,19,67,94,2,70,91,4,1,27,33,98,3,8,34,39,2,37,42,2,50,68,3,45,91,97,3,2,46,87,3,22,27,89,2,29,84,1,91,2,48,70,2,2,45,1,5,3,29,42,95
30,5,23,35,41,61,66,4,8,19,61,90,3,17,45,71,4,5,23,49,61,5,19,22,29,56,91,4,5,8,61,95,7,5,27,33,42,78,89,91,4,1,2,62,91,5,5,8,33,35,91,4,4,22,61,80,2,44,46,3,42,59,97,6,8,45,56,70,80,91,3,2,32,91,3,45,54,62,6,8,28,34,46,71,94,3,8,27,61,3,8,20,84,6,32,33,63,65,69,98,3,6,34,66,4,5,27,62,91,4,6,52,72,91,3,3,28,32,4,54,66,75,76,5,26,30,61,91,98,2,2,90,4,2,34,41,76,3,27,39,45,3,32,81,91,2,0,52
22,6,2,11,16,84,90,91,4,5,23,34,39,4,20,22,28,67,3,1,23,87,6,17,26,41,69,70,91,5,27,32,78,83,84,6,19,35,66,70,87,91,1,63,4,22,32,56,61,5,34,35,57,60,91,4,17,27,29,91,8,1,5,6,42,50,59,90,94,4,2,27,68,90,4,33,49,61,70,2,1,22,5,7,27,45,91,94,4,33,52,75,91,5,6,42,70,82,98,10,2,22,26,42,43,59,61,70,91,98,3,3,33,75,2,19,33,4,5,22,45,46
23,9,5,8,12,27,35,44,62,69,87,8,0,26,34,54,61,72,91,99,8,3,12,16,23,34,35,70,75,6,1,50,70,72,75,91,3,29,33,69,10,21,23,27,46,52,62,72,89,91,94,10,8,19,24,39,41,46,69,72,95,98,7,5,10,16,17,46,90,99,7,22,23,29,33,38,52,61,7,1,2,24,44,54,57,61,3,0,34,70,5,2,5,27,45,85,7,8,17,46,54,61,70,72,7,8,22,33,71,76,86,90,7,2,27,33,46,59,76,91,6,8,20,72,78,79,91,9,9,34,35,45,69,70,72,87,91,12,2,3,5,8,17,30,33,54,70,84,91,98,5,5,10,62,81,91,7,4,8,23,45,61,66,91,7,19,27,28,48,50,62,90,3,52,72,93,5,0,5,69,88,91
34,6,19,39,52,81,89,98,6,22,39,44,45,62,91,3,33,45,86,3,13,45,87,2,4,29,4,4,27,45,70,3,50,79,89,7,1,26,32,33,44,61,93,2,3,61,2,20,72,2,50,70,4,5,29,49,93,4,27,45,52,56,3,1,34,52,2,8,27,1,78,2,8,44,2,54,98,3,0,27,79,4,17,22,59,83,4,33,52,84,91,4,45,71,79,91,3,10,39,59,2,39,91,1,91,3,8,45,91,3,52,57,61,2,45,82,3,28,31,59,4,56,69,84,94,4,5,20,52,91,6,7,56,61,69,71,91,2,10,98,2,6,91
31,5,1,19,72,75,91,3,27,62,89,3,19,27,90,3,89,91,94,1,38,4,0,22,61,62,3,13,27,62,6,8,10,42,67,72,91,3,24,44,84,4,2,10,45,69,3,56,91,94,2,54,59,1,69,2,2,90,2,14,18,5,17,27,34,54,83,2,27,35,5,2,7,70,89,91,5,2,28,40,69,70,2,8,34,7,5,8,27,34,35,45,94,2,50,79,3,6,23,91,1,45,3,13,61,98,3,39,54,90,3,2,8,26,4,32,34,52,62,6,1,3,27,30,61,97,3,20,21,91,4,23,27,56,91
22,4,5,45,61,91,5,4,24,52,57,84,2,46,91,1,22,3,5,66,76,2,20,34,3,52,62,72,1,56,2,49,91,1,27,3,7,50,75,3,29,33,34,4,61,70,82,91,1,76,4,3,59,72,91,3,41,70,75,2,17,35,2,5,91,2,84,91,1,19,3,8,17,91,1,57
28,5,2,4,17,34,91,1,0,4,45,52,61,84,1,20,3,8,79,89,3,8,29,44,1,23,3,66,72,82,4,2,17,44,52,2,62,94,2,69,70,4,2,33,52,99,1,27,1,69,5,5,8,86,87,91,3,8,27,94,7,0,5,25,37,50,66,87,3,44,57,61,4,3,41,70,93,2,13,98,4,27,42,56,70,1,76,4,5,23,49,93,3,25,45,64,5,8,45,54,64,75,1,2,3,56,69,83,5,1,2,4,82,91
30,3,1,17,50,1,94,4,29,41,66,84,2,29,54,5,0,17,52,69,70,2,61,70,2,27,70,2,17,34,1,8,1,98,1,50,4,5,43,70,81,2,52,91,3,56,77,93,4,5,45,50,82,2,3,94,1,57,2,0,61,3,66,69,70,2,19,63,3,25,39,45,1,45,1,54,1,29,3,17,75,83,2,35,86,2,3,56,1,20,1,27,2,27,54
33,1,59,3,22,54,83,3,52,70,72,3,22,34,94,1,69,4,17,82,94,95,2,7,52,5,5,25,28,57,68,5,14,42,69,89,91,4,8,27,33,52,6,6,23,28,29,84,91,2,38,70,3,8,43,46,3,17,22,49,3,52,59,70,1,34,1,39,4,3,33,91,98,6,5,17,33,61,78,80,2,22,70,1,72,3,62,87,98,2,78,84,2,26,70,4,20,62,67,70,2,6,45,4,29,33,35,61,4,28,52,61,63,4,8,29,62,70,2,59,91,2,27,54,4,0,59,91,94,3,17,26,68
30,1,8,2,5,91,1,8,1,20,1,82,2,29,32,3,7,56,70,2,23,69,2,5,91,1,80,2,28,41,1,90,2,1,45,5,22,33,39,42,91,2,45,84,3,8,19,29,3,2,19,45,1,61,3,20,54,76,4,28,42,62,91,3,8,33,89,2,28,70,1,98,3,6,17,23,2,70,90,1,34,3,1,19,34,3,28,44,67,1,45,2,1,91
27,4,17,44,50,79,4,17,27,68,90,8,8,17,22,27,33,34,87,91,5,57,61,70,72,93,4,29,46,56,91,4,8,75,84,91,4,29,33,89,91,2,34,70,2,8,59,6,11,27,44,52,81,90,3,16,27,28,2,29,70,2,0,54,5,5,42,45,46,91,3,17,27,61,1,45,5,26,52,66,70,84,6,1,4,33,52,62,94,4,27,29,61,80,7,1,19,33,34,37,66,90,7,2,17,27,56,64,67,84,2,27,29,5,8,16,19,52,70,5,30,33,41,70,94,2,1,68,1,55,6,27,29,35,69,72,91
25,4,11,66,84,90,4,5,8,17,24,2,27,72,6,29,33,75,89,91,94,3,28,94,97,5,4,8,11,17,56,2,17,50,1,10,2,17,63,1,84,3,8,66,72,3,46,70,75,3,27,61,91,2,2,50,4,22,50,54,70,3,20,61,75,2,35,76,2,7,98,2,7,50,6,16,56,70,90,91,94,3,5,27,54,3,43,45,68,4,3,17,57,62,2,4,59,3,8,39,80
29,4,2,3,28,76,4,28,61,72,91,1,34,3,23,61,91,4,27,28,79,89,3,30,42,43,2,8,64,4,17,29,32,79,2,1,27,2,29,98,3,17,45,67,2,22,45,3,22,27,56,4,5,8,56,91,3,42,91,98,2,49,86,3,2,8,69,3,0,17,54,3,33,62,82,3,2,25,72,6,5,23,24,70,72,90,1,20,4,5,29,44,59,3,8,39,79,6,2,8,22,24,76,98,3,42,91,98,4,34,56,61,92,4,2,37,45,84,3,35,84,91
23,2,20,91,1,23,1,89,1,44,1,29,1,20,3,22,39,41,1,52,1,86,1,78,1,26,1,45,4,34,44,72,93,1,86,2,21,57,1,69,1,52,1,91,2,27,61,2,26,61,1,94,1,44,1,99
12,1,57,1,73,1,27,1,69,3,2,29,33,1,61,2,27,28,2,8,35,1,46,2,52,72,1,90,2,2,72
17,2,68,69,1,17,6,0,17,39,57,69,70,1,91,4,6,17,75,91,1,68,1,22,1,8,1,84,1,54,1,2,1,91,1,56,1,90,1,45,1,23,1,95
30,1,7,2,52,93,2,17,46,3,1,19,29,2,82,91,1,90,3,29,32,35,6,2,22,24,28,42,67,1,2,4,34,41,52,91,1,45,1,91,1,8,3,3,61,69,2,45,52,3,27,66,78,5,29,44,46,70,84,2,91,94,3,7,70,91,1,8,4,17,24,54,56,4,2,39,61,71,1,24,2,0,54,3,0,23,24,5,3,49,52,71,91,4,33,59,79,90,2,17,75,2,2,34,1,52
31,4,33,39,59,91,3,34,44,80,2,70,91,3,1,33,71,2,62,91,4,0,5,44,84,3,4,17,91,3,5,78,79,1,27,2,70,75,4,34,43,69,91,1,61,3,6,52,79,4,8,38,44,54,4,11,25,90,93,4,0,3,64,98,5,3,28,67,70,91,4,23,42,61,87,3,27,45,56,3,0,61,71,2,2,90,1,45,2,28,91,6,52,68,84,90,93,94,4,24,45,82,91,2,39,72,3,8,64,91,1,3,2,54,70,5,8,10,39,65,72,3,52,67,72
30,6,7,19,52,56,68,90,2,3,46,4,1,5,20,28,1,72,5,2,8,13,45,52,2,8,45,6,20,25,28,61,69,91,2,33,70,4,17,33,39,79,3,54,67,84,2,2,34,2,27,86,3,61,83,84,2,26,33,4,2,22,29,66,1,66,4,3,22,61,80,4,17,27,72,90,3,37,39,45,3,0,5,29,3,23,46,91,1,61,3,27,84,94,6,2,5,54,57,61,73,4,33,61,91,99,5,29,43,52,70,72,4,8,34,59,80,2,2,72,3,7,66,72,3,6,40,68
30,5,17,42,46,70,90,5,23,29,42,72,89,5,27,33,34,62,85,8,14,27,39,54,55,66,89,91,6,2,7,19,29,35,70,9,10,19,22,26,61,70,80,84,90,2,91,93,1,69,4,34,69,70,71,6,4,61,69,70,85,91,2,7,23,6,4,17,32,62,76,89,3,5,8,90,5,26,35,46,70,91,5,11,72,75,84,90,3,34,90,91,8,8,35,44,46,66,70,82,98,9,8,17,21,29,33,41,69,90,91,9,8,24,27,46,50,61,70,91,94,5,8,35,54,61,67,5,3,8,27,35,91,6,22,28,46,52,61,83,3,6,16,45,4,2,22,39,49,3,52,70,91,6,22,27,54,69,70,91,5,1,6,22,24,27,6,27,39,56,62,75,91,6,1,6,13,33,45,72,1,24
28,2,61,70,1,34,2,20,39,3,17,82,91,1,98,3,42,45,99,1,38,1,54,1,69,4,27,52,65,70,1,79,2,45,61,1,27,1,20,2,21,91,2,3,57,3,27,34,72,3,28,56,79,4,2,5,27,54,2,46,67,1,70,3,2,30,98,2,45,91,4,8,52,76,94,2,45,61,2,22,70,1,29,4,10,42,72,97
26,5,2,8,17,52,83,1,48,2,32,46,8,2,13,42,52,78,87,91,98,3,26,27,52,3,27,43,70,3,32,42,61,3,54,62,98,2,44,45,3,1,42,98,4,1,2,8,95,2,8,69,4,3,22,54,87,2,1,27,3,28,89,90,1,61,2,20,78,2,50,84,4,17,31,39,90,3,45,59,91,4,20,32,34,90,2,35,79,3,2,8,52,3,89,91,98,3,59,70,94,3,21,39,81
26,2,25,84,1,70,1,61,1,27,1,33,1,8,1,61,1,56,1,78,3,23,27,94,3,5,27,61,2,13,98,1,61,1,61,3,0,33,91,1,61,1,5,1,15,1,52,1,61,1,27,3,0,1,52,1,17,2,45,52,1,11,1,24
31,2,8,98,5,7,52,68,83,90,4,2,3,22,50,1,87,1,17,4,23,49,72,90,4,54,65,93,94,1,1,3,17,42,45,3,2,78,90,1,33,1,98,1,54,2,27,88,2,5,35,1,6,1,42,2,91,99,2,3,45,2,45,80,4,5,45,46,52,1,8,2,17,19,4,17,35,44,70,3,8,62,90,2,29,35,2,5,13,3,8,22,72,3,27,61,91,2,70,94,1,5
33,1,91,1,89,1,91,2,17,23,4,27,28,61,94,2,70,91,3,17,33,97,2,21,70,5,19,27,72,75,99,2,80,99,2,6,44,1,41,5,0,8,26,31,91,1,17,1,17,5,8,34,44,54,64,1,99,2,45,91,1,91,1,61,2,2,70,3,27,79,94,1,17,2,1,19,1,91,1,57,3,3,8,41,2,45,90,2,0,61,1,38,5,3,52,79,84,93,3,4,23,79,4,27,34,35,90
22,1,66,2,62,73,1,54,4,23,62,68,78,2,79,91,1,52,2,22,72,3,5,41,75,1,56,3,2,8,84,2,57,98,2,49,91,4,28,61,94,95,2,27,91,2,8,17,1,90,2,1,91,1,17,3,61,70,84,2,33,67,2,46,87,2,8,17
29,2,47,98,4,29,34,45,61,4,17,33,61,79,2,45,66,2,16,20,2,29,91,2,45,46,1,89,2,8,50,2,8,80,2,27,84,3,22,56,75,3,41,61,91,2,8,27,1,1,2,84,87,2,5,20,2,52,90,1,61,2,14,50,2,25,39,7,11,27,35,42,67,78,83,2,17,70,1,79,2,29,84,4,33,45,49,52,1,34,1,84,3,49,70,94
36,11,8,17,29,34,45,61,73,78,79,84,90,8,0,2,34,39,64,78,91,98,7,1,20,29,34,67,70,91,9,11,17,28,45,56,63,70,71,78,6,6,35,52,57,67,90,9,2,3,24,29,32,41,46,70,84,3,8,84,94,6,17,27,49,70,79,84,7,2,24,33,45,48,70,97,8,1,17,23,27,32,35,54,70,3,5,70,80,8,3,20,37,45,61,83,86,91,6,17,33,65,67,72,94,7,0,2,23,25,26,33,91,11,2,20,26,34,59,61,70,85,91,93,94,4,27,28,56,94,7,17,23,48,61,76,86,91,8,8,27,35,45,49,61,70,91,7,8,20,33,34,70,79,89,7,0,1,5,84,90,91,94,6,0,26,28,39,62,72,3,17,23,70,4,17,35,52,57,10,3,17,20,23,27,39,42,67,70,84,7,0,2,3,59,84,90,91,3,20,69,91,8,5,42,44,45,47,54,70,91,5,14,19,32,70,90,8,3,22,27,28,67,70,79,94,7,2,17,28,45,50,61,91,7,29,30,61,70,72,90,91,7,2,8,23,50,52,63,94,8,17,20,23,26,29,33,35,84,6,5,23,24,56,70,91,8,33,39,41,67,70,87,91,97,4,12,17,45,83
25,4,2,42,49,94,4,29,45,72,91,2,30,68,2,54,91,3,39,42,59,4,28,49,54,82,5,23,25,54,69,90,3,35,42,95,1,28,4,1,29,87,91,3,19,42,70,3,50,61,68,3,24,72,92,2,20,78,2,61,80,5,5,22,27,62,70,3,27,72,90,3,45,94,97,1,19,1,94,5,5,46,61,62,68,1,86,5,2,24,45,52,87,6,29,33,34,52,56,64,1,52
20,4,17,64,75,98,1,27,1,2,1,27,2,66,91,1,16,1,19,1,56,1,5,3,43,61,91,1,54,3,8,27,94,1,42,1,94,1,42,1,22,2,34,61,1,68,1,62,1,45
33,4,20,34,59,78,2,56,90,4,2,67,70,91,4,4,8,45,97,6,27,29,32,42,57,67,3,27,44,91,4,15,19,22,27,4,59,61,70,91,3,23,26,67,4,5,17,91,94,6,6,23,29,45,91,97,1,8,2,70,83,2,17,20,3,20,39,72,5,5,22,52,61,91,4,49,61,76,91,4,7,35,70,91,4,61,70,73,88,4,45,57,76,84,4,17,24,70,72,4,17,20,27,45,5,21,56,79,83,90,3,24,79,93,7,7,8,23,27,46,50,94,1,19,6,8,26,50,72,82,91,7,3,17,29,33,61,93,94,7,2,3,34,52,66,75,90,4,2,59,62,72,6,17,20,45,50,91,98,2,26,70,4,52,61,84,90
33,5,8,25,33,91,97,6,35,44,50,61,72,88,4,8,42,75,91,6,20,52,56,61,72,84,4,27,84,91,99,4,4,17,91,93,3,13,52,91,6,17,20,24,61,72,91,1,31,6,1,23,28,35,61,75,5,3,8,42,84,87,8,5,23,27,29,50,72,84,90,2,3,27,1,91,4,2,3,45,61,3,33,61,70,4,32,44,49,99,4,8,23,70,89,4,2,27,52,91,3,76,79,91,5,8,23,28,57,91,5,0,21,33,61,91,3,27,61,67,3,52,56,87,2,64,89,4,56,67,79,94,4,28,56,70,91,3,38,70,91,4,5,17,26,45,4,6,56,61,79,4,17,50,79,94,4,39,46,70,99,7,7,11,28,29,35,59,91
15,1,42,1,2,2,61,84,3,17,23,42,1,91,1,70,2,27,61,1,61,1,54,2,8,54,1,50,1,5,1,28,1,23,2,28,63
38,5,45,46,69,70,75,4,3,39,62,94,5,2,7,19,61,70,1,28,3,5,61,72,6,1,2,5,29,61,87,5,42,62,78,91,98,2,70,86,3,28,59,84,2,33,91,4,3,10,56,67,3,32,61,72,4,33,56,70,99,1,59,2,80,91,3,0,42,75,4,22,69,79,91,2,35,46,3,27,28,50,2,52,91,3,33,45,98,5,2,18,28,90,91,6,3,8,52,69,83,98,6,27,29,33,41,48,75,7,2,8,17,54,57,66,70,8,2,30,59,61,68,78,81,86,3,5,52,61,5,5,8,22,63,91,3,17,33,52,4,6,26,30,83,6,0,2,3,33,61,68,5,3,45,61,70,88,5,24,49,52,61,63,4,5,17,49,88,3,18,23,44,7,31,33,45,54,57,83,90,5,8,19,70,76,92,4,45,49,84,91
16,1,8,1,7,2,1,32,1,3,1,72,2,59,75,2,30,33,1,30,1,17,1,76,1,27,1,70,1,72,1,8,2,52,94,1,23
29,2,3,56,3,41,61,72,5,5,27,28,45,52,2,68,69,2,23,70,3,7,28,61,3,70,84,87,1,46,2,52,79,2,1,28,3,29,58,70,4,8,10,44,59,4,46,62,79,98,2,42,84,3,19,42,84,3,50,61,70,3,52,70,83,2,3,70,2,42,91,3,54,75,82,2,67,91,3,2,8,28,3,44,45,54,4,20,56,61,90,3,13,29,45,3,6,27,28,2,42,88,7,19,27,29,45,62,70,91,3,2,23,33
27,2,68,78,4,8,26,33,34,3,19,33,34,1,23,2,19,70,2,8,24,2,32,54,2,50,70,1,10,1,61,2,34,91,2,7,67,1,84,3,50,80,91,2,1,85,1,79,2,13,89,2,0,42,1,91,3,37,45,91,4,23,39,72,94,3,20,62,76,1,61,2,34,45,2,52,91,4,1,35,72,89,1,91
35,3,7,42,62,2,2,46,1,90,2,52,93,2,67,76,1,27,2,41,90,3,4,44,72,1,70,3,5,79,84,5,22,27,46,65,67,4,27,72,84,91,2,39,72,2,38,65,1,68,2,1,91,2,52,91,1,17,2,20,59,2,39,91,3,50,57,89,3,45,52,91,5,28,35,39,52,57,3,8,80,89,2,29,73,1,98,1,97,2,2,78,3,49,79,87,2,61,78,2,8,17,2,42,57,2,42,91,2,17,45,1,49
33,3,42,75,90,3,2,5,17,2,20,55,3,27,45,80,1,5,2,33,72,1,42,2,66,84,2,8,61,1,54,3,22,49,91,2,56,68,1,61,2,0,81,3,50,54,91,2,8,62,2,32,59,1,39,3,19,35,50,2,20,45,1,5,1,90,2,31,79,2,8,45,1,91,1,84,4,7,22,50,91,5,0,17,34,66,89,5,27,42,54,69,90,1,90,3,8,28,42,2,3,91,2,57,75
31,7,6,27,34,42,50,83,94,3,59,63,90,1,16,3,0,50,84,3,23,39,61,3,41,56,87,3,28,33,41,1,29,3,10,17,91,4,44,70,71,87,3,61,73,90,2,20,34,4,1,50,83,91,2,8,42,2,23,29,6,8,23,52,54,91,93,2,3,98,1,57,5,8,19,27,61,71,6,2,35,45,49,83,99,2,75,98,4,20,29,42,98,3,50,90,98,3,23,62,90,4,8,33,87,93,1,70,5,20,27,45,50,91,1,20,2,5,91,2,2,91,1,70
27,3,5,61,79,4,57,60,62,91,2,2,34,2,34,49,6,1,27,35,67,75,90,3,22,52,70,3,32,56,57,1,17,6,2,5,29,41,56,98,1,72,5,8,33,42,61,66,4,37,68,72,91,7,2,8,21,27,29,61,67,1,10,2,2,33,3,57,81,90,2,18,41,1,64,4,24,27,39,91,3,27,78,90,3,4,17,44,3,14,56,59,2,59,90,3,17,46,70,3,3,20,52,3,67,84,91,3,24,34,67
27,1,22,2,90,98,3,28,45,61,7,6,23,29,36,61,65,87,2,17,28,3,27,56,80,3,28,50,61,3,3,17,87,4,42,72,75,91,5,23,33,49,90,94,2,54,93,4,3,45,83,89,4,17,20,68,70,2,31,84,2,5,6,3,5,39,91,3,30,43,52,5,27,46,63,92,98,3,19,38,61,4,5,34,49,93,4,4,45,49,80,4,5,22,90,98,2,27,94,5,27,33,52,67,91,3,2,19,70,2,61,94,1,54
26,1,91,3,20,32,90,1,78,2,20,69,6,3,27,45,72,73,91,4,5,13,70,88,3,4,30,57,2,34,46,3,8,45,70,3,5,43,61,3,17,56,70,6,2,33,34,46,89,91,4,2,27,61,75,3,24,49,70,3,19,33,70,7,2,23,50,52,65,67,86,5,2,5,84,87,91,5,2,5,9,15,72,4,8,11,25,71,4,3,35,70,91,3,39,42,65,2,52,70,3,34,69,91,3,22,27,45,3,5,39,91,4,2,33,61,65
21,5,5,68,70,72,98,3,3,73,76,2,8,91,2,8,70,2,33,46,5,8,13,17,24,46,4,8,23,41,90,3,13,89,90,7,17,46,50,55,56,66,76,4,3,17,67,70,3,5,8,56,2,5,93,3,11,35,46,3,33,34,87,3,1,52,91,1,42,2,34,46,4,38,46,59,78,2,17,50,1,34,4,5,20,33,41
37,4,0,25,49,78,7,8,25,29,33,45,50,87,6,22,29,34,35,62,91,3,39,45,75,4,19,23,52,83,4,1,42,50,83,3,27,61,91,3,0,52,70,4,23,28,70,72,4,17,27,45,75,4,61,78,88,99,4,29,43,45,46,2,52,70,3,52,68,91,8,0,23,27,36,42,70,91,93,4,2,17,21,56,6,26,29,69,70,87,91,1,86,4,23,34,52,69,5,1,16,27,61,83,4,32,70,91,93,3,2,8,70,5,28,34,75,89,90,3,61,62,90,4,1,2,32,70,5,2,24,39,54,91,4,8,47,66,67,1,70,5,4,16,27,48,75,3,45,52,69,2,2,27,5,20,33,34,70,91,4,57,84,90,98,3,20,27,69,4,35,45,72,76,5,27,28,63,67,70,6,22,27,54,64,71,76
24,1,78,2,22,70,1,70,2,34,56,2,0,25,1,72,1,61,2,42,65,1,25,1,17,1,18,1,1,2,2,50,2,45,91,2,72,91,1,97,1,79,1,8,2,5,70,2,3,22,2,32,71,3,3,5,8,1,50,1,19
27,2,52,62,2,1,29,2,17,42,1,8,3,2,64,79,2,25,91,2,1,27,1,61,2,91,94,2,2,35,1,69,1,52,1,61,2,3,27,2,27,57,4,7,48,78,91,2,42,88,6,3,8,27,42,72,87,7,1,45,52,61,84,90,91,2,56,62,2,3,45,1,2,4,5,48,61,66,2,23,91,1,8,1,27,2,27,70
26,7,1,4,19,52,70,91,98,5,2,54,57,62,79,2,2,54,7,1,5,17,19,42,44,87,6,8,25,27,44,45,70,4,8,45,66,70,9,1,8,17,20,23,29,44,90,91,5,27,33,46,69,89,6,52,70,76,84,91,93,2,13,45,5,27,32,52,71,88,5,1,3,30,42,70,6,5,6,10,14,21,45,5,7,27,35,56,70,5,10,45,70,91,98,3,2,73,91,6,44,45,54,62,90,91,7,17,20,23,33,61,70,72,6,25,34,46,61,75,82,6,1,8,34,45,67,79,3,25,58,69,3,33,70,97,4,2,34,71,90,5,20,28,45,52,61,5,19,20,27,49,70,7,27,35,44,54,65,80,98
27,7,2,3,5,33,44,79,84,3,61,90,93,2,2,27,3,20,31,61,2,70,75,3,2,45,90,4,52,54,59,79,4,29,32,70,84,2,17,84,1,52,2,2,65,4,2,27,61,66,3,44,49,98,4,26,59,61,91,3,14,22,54,3,49,54,56,5,17,32,45,49,87,2,33,70,3,4,66,91,4,17,43,56,91,2,20,91,1,2,3,46,79,89,3,27,59,91,6,2,61,63,68,69,70,3,27,39,45,2,39,90
38,4,8,17,70,91,6,29,39,56,61,70,91,1,34,3,35,62,91,3,17,33,45,3,34,52,91,4,39,44,54,71,2,2,40,4,5,61,90,91,1,41,2,20,66,2,5,82,3,61,63,92,2,33,70,3,24,33,69,4,5,52,59,95,3,29,70,91,1,90,3,35,65,91,4,5,34,56,65,5,0,17,69,70,84,7,5,61,63,70,79,84,85,1,17,3,17,45,76,2,70,84,5,26,34,52,72,91,2,1,91,3,6,79,91,2,27,79,3,54,90,91,5,2,8,18,27,79,5,2,27,50,61,70,2,17,54,4,2,34,64,91,5,2,23,39,89,94,3,27,84,91,4,29,45,52,79,3,2,17,50
24,2,5,54,1,61,1,91,4,19,39,56,91,3,2,27,50,6,0,33,34,35,70,83,2,29,70,1,70,2,72,86,2,70,91,2,28,43,2,26,70,1,33,4,6,27,75,79,5,8,19,34,61,79,3,46,66,70,4,16,45,65,81,3,56,91,98,2,52,59,3,1,5,42,2,49,84,2,61,79,3,45,70,98,5,2,29,45,57,94
31,9,20,25,42,70,71,72,75,91,94,4,22,41,61,91,4,45,61,72,87,1,0,4,10,19,23,94,2,50,86,4,2,70,71,91,3,28,70,91,7,8,17,45,66,87,91,93,1,5,2,32,87,7,2,5,19,45,66,91,94,2,0,72,5,2,10,46,49,94,2,0,61,2,33,66,3,33,52,90,1,90,6,13,33,34,45,52,91,6,5,38,45,61,69,99,3,26,98,99,4,22,66,89,90,3,17,29,34,4,17,39,70,94,4,1,27,28,61,4,3,19,27,65,4,6,27,52,91,5,3,8,34,79,91,6,3,33,65,67,70,91,7,17,19,25,45,61,70,91,3,37,45,70
27,4,8,26,56,92,4,1,17,70,91,5,17,27,33,61,70,4,28,59,91,94,7,5,22,52,61,70,73,91,4,20,54,63,91,4,8,20,25,91,6,42,52,54,61,62,94,3,2,16,91,2,29,70,1,70,2,25,43,4,34,39,49,91,4,5,52,54,84,4,5,6,79,90,4,27,42,64,91,5,17,26,44,45,54,4,28,42,70,98,4,2,5,39,45,2,3,98,6,2,10,20,43,66,91,4,19,27,35,49,4,17,32,45,59,2,32,59,4,20,42,72,91,2,27,29,6,23,61,63,83,90,91
22,3,8,18,45,1,42,1,10,1,50,2,16,75,2,27,91,1,27,1,65,1,70,2,8,17,4,3,57,65,99,1,31,1,42,2,5,84,1,46,2,17,37,1,45,1,56,1,4,2,5,34,1,61,1,90
31,5,14,32,54,66,94,1,29,3,8,67,89,3,1,34,91,3,32,44,83,3,5,34,91,2,41,66,4,20,32,70,90,4,3,32,52,90,2,8,17,2,22,84,3,34,62,66,2,28,95,3,39,45,59,1,37,5,2,32,46,72,97,3,22,35,95,3,3,29,70,2,24,27,3,35,39,91,3,8,20,39,2,34,61,3,3,17,91,3,30,34,91,2,11,32,3,27,70,91,3,23,45,71,3,5,61,87,4,7,32,34,72,5,2,34,70,91,94,2,45,54
31,1,72,1,97,1,69,1,42,2,17,45,1,2,1,8,1,70,4,1,2,43,65,2,45,91,2,5,61,1,72,1,22,2,52,70,4,6,8,17,56,1,17,1,2,2,22,99,3,0,54,84,1,5,1,27,1,19,1,92,1,54,1,59,1,23,1,37,1,3,2,33,66,1,69,2,27,98
30,1,14,6,1,28,34,41,87,94,2,34,91,4,2,8,59,61,1,80,3,22,46,67,2,28,93,1,10,3,3,27,62,2,72,79,1,17,3,3,91,94,2,2,22,2,2,46,2,27,59,1,91,2,42,45,2,30,69,2,39,46,2,6,72,3,17,75,84,1,32,5,2,22,24,46,90,3,8,19,70,1,72,2,34,44,2,30,91,2,21,91,3,27,42,44,2,20,45
31,6,2,20,50,70,91,94,4,23,27,66,70,7,1,19,22,61,64,69,70,11,20,23,28,46,56,70,71,84,87,89,91,6,46,61,62,63,84,91,7,1,2,3,20,44,45,50,5,0,2,59,62,70,5,17,23,64,69,98,4,19,62,72,91,6,2,8,17,23,45,57,5,1,34,61,87,91,7,2,4,22,34,45,46,91,3,3,17,94,7,17,45,54,82,91,93,98,6,3,23,27,56,61,86,2,39,56,8,5,24,28,69,80,89,91,98,5,1,8,52,61,94,4,27,52,70,99,5,23,27,50,66,91,5,2,5,45,94,97,2,84,91,4,8,32,50,91,5,1,17,23,52,91,5,17,33,42,62,70,8,2,28,34,54,57,63,78,79,3,52,70,91,4,3,45,85,87,3,32,52,70,1,70,1,27
24,1,2,4,22,24,45,84,1,6,1,35,1,87,4,7,54,55,89,4,2,22,45,90,1,27,1,1,1,84,1,32,2,61,70,1,22,1,8,1,91,1,66,2,75,89,1,33,1,95,1,86,1,78,3,27,35,70,1,27,1,80
26,7,0,49,50,69,87,91,98,3,33,50,90,3,3,26,71,4,27,28,39,46,2,59,91,3,5,17,88,3,45,71,89,2,33,87,3,49,83,91,2,71,78,4,3,5,84,91,2,27,91,2,70,91,4,29,39,89,94,5,17,27,34,52,61,3,45,52,84,3,19,70,94,2,24,62,2,62,70,2,59,91,3,2,30,90,3,17,23,39,3,5,52,59,3,22,70,90,2,20,35,1,87
30,3,1,41,91,8,1,2,20,27,50,84,91,94,3,19,35,72,2,1,26,4,4,6,42,65,2,47,70,2,2,8,4,5,26,63,70,3,69,91,98,2,45,61,3,34,52,94,3,17,59,89,2,52,67,4,22,46,67,72,3,5,35,91,3,45,78,84,4,4,33,39,59,2,27,85,3,33,52,98,4,0,25,34,90,4,37,52,70,94,3,42,61,65,4,32,50,59,70,1,25,3,42,67,79,2,2,8,3,17,27,91,1,71,3,17,20,79,3,45,70,75
41,3,20,37,91,3,59,72,86,1,2,4,3,22,43,69,4,8,16,34,44,2,5,61,3,54,61,90,1,61,2,0,61,1,8,1,61,3,56,61,84,1,95,3,2,45,83,4,17,33,50,62,2,1,91,1,61,4,28,29,45,91,4,1,61,67,91,1,17,2,52,69,2,5,54,2,8,68,1,61,1,87,1,42,2,1,8,2,27,48,3,27,62,84,2,10,26,2,61,70,1,29,1,94,3,44,45,70,1,83,3,59,69,70,4,8,84,89,94,2,59,91,2,88,89,3,45,61,70,2,42,84
17,1,41,1,13,1,8,2,5,46,1,98,3,45,51,71,2,3,52,2,56,75,2,42,91,1,59,2,56,61,1,46,1,3,2,55,70,3,0,8,52,1,19,1,73
23,1,2,1,8,2,42,95,2,28,34,1,49,1,91,1,77,2,66,91,1,53,1,45,1,94,1,17,1,5,1,94,2,5,88,2,83,91,1,30,1,79,1,59,1,5,2,17,45,1,8,2,5,79
29,4,2,8,14,28,2,3,8,1,70,4,14,17,54,91,3,46,67,91,1,28,2,17,52,1,17,2,52,89,1,8,5,2,27,33,40,89,2,5,20,4,23,54,62,72,2,91,94,3,7,17,64,2,3,34,3,3,38,84,1,79,1,28,1,17,4,16,23,42,59,1,90,1,5,2,28,50,2,32,70,3,5,26,42,2,34,90,1,91,2,29,87
41,2,2,33,2,8,34,3,14,65,78,1,91,5,2,3,34,35,52,4,2,5,68,84,2,19,99,1,87,5,27,45,60,90,99,1,6,2,8,70,3,8,45,50,1,50,4,3,16,59,64,2,69,70,6,26,39,62,81,91,93,3,17,61,91,2,8,22,3,64,68,69,4,2,45,67,87,1,91,7,6,8,26,46,62,66,80,3,2,34,61,3,17,19,45,3,17,71,90,3,29,45,76,4,1,23,42,91,4,0,2,71,91,3,28,52,57,4,17,22,23,50,2,78,84,1,24,3,8,18,33,2,70,72,4,27,45,52,70,3,8,52,54,2,49,61,3,2,34,45,3,32,68,84,3,2,28,52,2,42,53
24,2,3,98,1,39,4,33,37,52,91,1,20,1,91,1,28,1,56,1,34,1,33,1,5,1,89,1,20,1,56,2,2,29,2,63,67,1,6,6,3,5,25,26,27,70,1,98,1,70,1,22,3,32,89,91,1,84,1,46,1,34
21,1,90,2,5,84,1,17,1,27,2,27,94,1,32,1,45,1,72,1,75,1,28,1,8,1,56,1,30,1,41,1,45,1,17,2,2,90,1,44,2,29,70,1,91,3,35,72,91
29,3,27,42,56,2,15,42,3,84,90,99,6,8,23,32,52,91,97,3,8,20,94,5,13,20,22,52,59,2,22,26,3,35,72,91,4,23,42,67,76,2,69,78,3,8,42,66,4,28,70,72,84,3,24,70,99,3,17,24,33,2,52,88,2,30,94,1,34,3,16,22,23,4,27,45,46,60,3,46,66,93,3,8,84,87,2,72,79,4,0,20,27,33,2,61,79,2,24,52,4,2,21,45,79,2,17,28,5,5,6,62,90,93,3,27,44,45
27,2,59,91,3,5,70,84,3,14,81,99,3,5,49,93,3,2,27,93,2,20,23,4,8,22,86,95,4,20,29,50,93,6,3,11,27,32,59,91,7,17,22,28,52,62,87,91,1,72,4,3,14,56,75,5,28,44,46,78,84,4,2,35,46,79,4,28,35,70,91,1,1,3,24,56,61,2,21,89,2,41,98,3,27,70,94,5,2,32,45,52,98,3,29,34,56,4,45,71,91,97,2,70,91,4,18,62,79,86,4,29,52,62,70,4,14,52,54,79
32,5,0,50,54,72,89,3,28,61,83,3,89,91,98,5,27,45,70,84,90,1,94,5,22,35,42,75,84,3,33,64,70,7,5,22,27,45,52,54,61,1,34,4,52,62,66,70,5,2,41,42,64,91,2,59,70,3,2,10,22,5,3,6,14,34,84,2,52,91,4,5,27,63,70,3,8,50,78,2,34,90,3,23,28,56,3,28,52,91,4,28,52,79,87,3,33,46,61,3,50,59,94,3,26,67,88,3,8,70,75,2,11,90,2,27,64,1,27,1,8,2,72,84,3,38,70,78,3,65,83,91
24,4,42,52,83,98,3,14,52,70,2,2,27,1,17,2,84,87,4,2,45,70,91,2,3,27,2,35,91,1,17,4,8,33,54,66,6,33,52,61,65,70,91,3,5,28,34,1,61,1,2,2,3,76,2,56,92,3,13,90,91,2,13,70,3,23,34,92,3,5,8,22,3,1,70,75,1,34,2,50,91,2,32,44
17,1,42,1,36,2,42,50,1,87,2,62,90,2,0,70,3,24,27,45,1,1,1,99,1,83,1,8,1,21,1,28,1,66,1,79,1,52,2,70,72
37,2,28,41,1,94,4,2,8,70,75,6,8,29,45,70,84,91,5,11,35,54,56,70,4,25,34,70,84,3,6,36,98,1,18,2,27,33,3,8,56,61,6,25,26,32,61,67,70,6,13,45,46,82,86,93,4,33,36,44,79,5,2,3,20,50,54,3,27,45,72,4,17,42,79,88,4,2,29,83,84,4,16,23,42,97,4,27,29,70,84,1,45,4,11,20,49,91,4,34,39,57,70,4,41,45,70,87,6,3,8,23,27,59,67,3,23,46,61,4,10,70,72,97,4,21,39,54,70,4,5,42,57,72,5,5,23,44,91,93,4,10,17,33,98,8,8,18,27,32,45,66,70,91,4,34,56,57,91,5,8,22,27,42,94,4,23,38,59,92,6,3,27,61,72,78,99,4,1,56,70,94,4,56,67,85,91
31,2,5,91,6,3,7,32,39,52,90,4,32,45,52,99,4,22,34,70,91,3,28,79,99,4,22,42,88,91,3,45,76,91,5,2,20,42,72,90,2,7,91,8,20,25,27,39,45,46,61,93,3,8,61,95,4,61,62,67,98,6,3,8,17,45,69,97,5,39,52,56,70,78,5,17,35,39,62,79,1,70,5,22,27,39,54,72,8,32,33,35,45,46,69,70,85,3,34,87,99,3,2,45,50,1,70,3,34,41,70,4,5,25,27,61,5,2,26,52,56,71,8,3,7,8,23,34,68,84,95,6,0,5,25,29,45,98,2,57,70,5,6,19,22,59,90,4,4,20,56,57,4,41,70,80,95,1,56
26,2,17,29,3,17,19,70,3,27,70,87,3,23,27,70,3,22,45,91,2,17,57,3,39,50,69,1,35,3,32,41,68,3,11,45,71,4,23,34,72,91,1,70,2,70,91,4,54,59,72,93,2,32,75,4,0,3,27,97,4,21,27,52,88,7,2,33,43,65,69,90,98,5,26,39,45,61,79,3,3,38,87,1,46,2,17,24,5,8,26,56,62,90,3,19,61,91,4,35,70,71,80,4,70,78,84,99
28,2,11,35,5,2,17,39,61,72,3,46,69,70,5,8,19,39,93,94,2,17,97,6,0,33,34,46,49,82,4,29,54,62,72,4,33,70,89,90,2,23,62,1,75,4,2,8,29,33,2,62,66,4,32,45,49,75,5,0,23,52,75,92,3,32,44,91,1,4,2,10,23,4,23,32,50,52,4,29,56,70,91,1,63,4,24,57,70,91,1,8,3,7,59,90,3,34,44,78,4,45,56,70,94,3,17,23,42,4,20,29,46,87,1,27
