10,12,7,27,34,45,50,61,70,72,75,81,91,93,13,1,2,5,8,19,20,23,45,54,62,73,91,94,14,2,10,17,24,27,34,46,59,61,62,70,78,91,97,10,4,34,54,66,69,79,89,91,95,97,12,1,2,8,17,22,27,41,45,56,57,59,61,12,5,6,27,29,33,34,45,52,70,79,91,98,10,4,5,20,22,33,64,67,70,75,76,7,17,27,52,63,66,70,72,14,5,8,14,20,27,32,49,54,57,63,75,90,91,98,14,3,5,8,25,27,35,42,45,68,70,79,84,89,91
10,7,33,34,59,77,82,89,91,7,8,22,29,33,52,84,90,7,22,45,57,69,70,72,87,9,2,8,14,22,24,32,34,61,66,9,5,20,32,42,49,54,61,84,89,5,1,2,3,10,20,7,5,20,29,59,65,68,91,10,1,15,17,35,42,44,45,61,72,91,4,1,59,61,90,5,20,27,52,61,75
6,11,1,2,5,23,41,45,52,59,61,75,90,17,5,8,11,17,21,35,44,50,57,61,67,72,87,90,91,94,97,11,20,34,45,56,57,61,66,70,78,93,95,13,2,3,5,6,23,25,32,35,45,70,89,90,98,9,1,27,29,45,59,67,78,79,91,13,1,8,19,22,27,35,42,44,45,79,83,86,91
4,2,8,92,6,5,22,33,63,91,93,3,70,79,89,3,17,26,70
10,14,4,5,26,32,33,42,49,52,62,70,81,91,93,95,13,3,5,8,19,41,45,52,54,59,61,66,70,75,13,0,5,25,34,36,39,52,61,62,66,70,91,97,12,8,27,33,39,42,54,57,61,67,87,91,99,11,8,25,33,34,45,54,63,64,75,81,91,13,20,27,34,39,45,46,56,67,84,91,94,97,98,13,1,8,18,28,36,45,54,61,68,79,84,91,97,9,0,5,10,19,29,33,35,91,98,13,5,8,17,27,35,56,57,59,61,79,87,90,91,14,1,2,23,27,32,34,39,48,49,50,61,66,69,79
8,9,0,8,28,49,56,61,70,75,90,13,19,26,44,50,52,54,56,67,71,84,87,91,98,10,2,20,27,54,56,70,71,72,76,79,11,2,4,5,17,27,28,40,52,54,59,61,13,5,8,13,35,39,54,59,61,66,67,76,84,91,14,2,3,16,17,19,29,45,54,56,68,70,84,90,91,17,2,5,8,11,19,22,29,33,35,42,43,46,61,68,70,84,91,14,0,2,7,26,29,32,34,50,57,62,71,72,90,91
7,11,1,2,3,23,30,33,35,44,61,62,89,12,1,5,8,19,20,27,69,70,78,81,90,91,13,8,32,35,38,43,45,50,54,61,65,82,87,93,14,5,20,22,29,39,42,46,54,59,61,70,72,88,93,15,0,2,5,8,27,34,41,42,44,45,52,62,70,90,91,13,17,24,33,35,45,52,56,66,72,79,84,91,93,12,0,2,23,27,29,32,33,34,48,52,72,73
11,8,13,28,29,35,54,59,70,76,11,0,2,5,8,14,24,70,84,86,94,97,8,2,6,13,20,23,39,70,93,5,22,28,52,61,99,10,7,8,11,17,19,28,29,45,69,89,11,10,19,26,34,52,57,69,70,79,91,97,8,17,26,32,34,52,84,89,91,11,3,7,8,27,28,45,70,79,83,91,93,10,17,27,35,44,52,61,78,91,93,98,11,0,5,13,29,33,50,56,72,77,81,89,10,8,20,42,45,46,50,59,79,91,98
8,7,2,3,17,29,56,72,89,7,17,28,33,45,61,62,91,9,3,5,8,29,52,59,70,89,91,4,7,16,45,91,9,3,8,22,27,57,63,77,84,97,9,3,5,22,38,52,62,72,75,89,8,5,10,18,24,61,63,65,89,6,5,14,17,61,82,98
4,7,0,7,17,61,67,69,70,6,17,28,42,45,66,67,7,23,34,42,46,70,91,93,6,31,35,45,54,70,91
10,11,20,28,29,32,33,34,50,56,69,90,91,12,1,3,9,34,35,42,45,75,76,84,90,91,14,1,2,5,8,27,28,29,33,34,46,54,69,70,72,14,2,22,24,32,34,41,52,55,57,59,70,71,80,85,13,4,8,22,23,24,27,32,45,46,52,56,70,72,13,2,26,42,45,54,61,62,67,70,72,82,91,93,16,0,1,10,14,45,46,52,53,57,61,70,72,75,79,91,94,11,2,3,17,19,27,33,39,44,69,75,89,13,17,26,33,35,61,78,79,83,84,90,91,94,99,15,1,2,3,5,8,27,33,34,41,42,49,61,62,91,98
5,8,27,30,32,53,61,65,70,71,6,10,28,45,50,57,70,5,5,17,46,70,91,5,1,25,44,71,91,4,2,59,84,89
9,18,3,5,8,13,19,20,33,38,39,44,64,68,70,78,84,92,94,97,18,0,3,8,10,14,17,20,22,24,26,27,32,45,61,67,69,72,91,23,1,2,3,6,17,28,29,32,34,35,42,46,48,61,63,70,72,83,86,87,91,94,98,18,2,4,10,11,27,30,34,37,42,46,61,67,70,78,79,91,94,95,18,5,8,10,22,23,27,29,34,42,45,46,68,69,72,76,88,91,94,15,4,7,27,34,42,44,46,60,61,70,79,80,84,90,91,18,1,2,20,23,27,28,32,33,45,56,64,66,70,73,76,84,91,92,18,0,1,2,8,17,20,21,23,29,30,32,34,46,70,72,84,90,91,14,1,2,3,7,29,33,42,48,55,56,57,66,79,91
8,9,6,10,28,29,61,67,75,91,95,13,3,7,11,19,26,27,29,45,61,70,90,91,93,11,2,5,23,27,29,33,45,61,87,91,98,12,32,34,39,45,52,57,61,70,75,90,93,94,13,8,11,20,23,28,34,41,46,52,63,67,84,91,14,0,9,17,20,23,28,34,45,46,61,70,72,87,98,12,26,30,35,41,45,46,52,54,61,65,94,98,11,1,5,17,20,32,33,44,61,70,80,84
11,15,4,8,17,29,34,41,42,52,56,61,66,69,70,91,92,13,2,19,27,33,34,35,42,54,63,67,84,90,91,10,2,5,7,50,52,69,75,81,91,94,12,20,25,33,37,43,45,46,52,70,72,73,84,10,26,27,45,60,64,66,68,70,91,99,8,22,34,76,87,88,94,97,98,10,2,17,20,21,56,65,70,72,85,98,12,1,2,5,7,44,45,52,69,70,77,84,87,10,17,22,26,39,42,45,54,67,70,91,12,2,3,8,17,18,23,27,50,52,61,63,70,12,0,5,8,24,27,34,42,49,52,68,91,93
8,9,2,28,29,45,52,61,70,87,91,12,0,4,17,19,24,27,29,57,66,70,78,91,12,5,8,44,45,49,66,68,69,70,71,75,90,9,8,20,22,44,49,54,75,91,99,10,4,8,25,28,29,30,52,79,83,91,11,3,5,8,20,21,42,45,59,70,89,94,10,3,27,28,45,46,65,69,70,79,91,11,2,3,17,29,32,44,54,66,67,70,91
11,13,6,23,34,54,59,61,62,66,72,79,91,93,98,14,0,2,20,23,27,33,39,45,52,62,72,81,86,91,11,2,8,17,32,33,49,56,61,63,91,98,9,2,33,41,45,49,65,69,72,81,12,1,23,29,42,45,50,52,70,79,84,91,99,9,8,28,42,45,46,52,61,91,94,12,2,17,27,32,33,44,45,54,70,84,92,98,12,8,10,18,34,45,50,52,61,67,69,70,93,11,2,5,19,33,41,46,70,72,81,87,90,11,24,27,35,46,49,57,59,70,71,95,98,9,17,22,28,29,45,62,73,85,91
4,1,27,1,61,1,91,1,91
14,8,2,8,20,22,27,33,91,97,10,17,27,33,45,61,62,64,76,87,90,15,1,3,19,20,23,27,29,61,79,81,85,89,90,91,99,9,19,22,33,41,42,61,65,72,91,12,1,2,27,29,34,35,42,67,70,76,90,91,11,17,27,32,42,70,75,78,79,84,85,90,11,2,8,27,32,36,42,52,70,84,91,98,10,10,11,22,34,61,63,70,75,91,93,13,17,23,28,29,42,49,52,69,70,79,88,90,91,12,8,17,20,23,24,27,44,45,56,61,75,88,8,2,5,6,24,27,78,91,97,14,2,3,17,20,27,32,42,45,52,56,59,79,90,91,12,2,29,34,35,44,45,52,62,64,91,94,97,11,4,22,27,29,45,50,52,61,62,71,91
7,12,19,23,28,35,40,46,52,68,70,76,78,91,11,3,11,26,28,42,59,61,78,88,90,98,10,5,19,20,27,56,67,70,71,78,91,13,8,17,22,29,35,37,41,42,45,46,63,70,91,9,2,8,19,31,38,45,72,73,91,11,2,14,33,34,49,54,67,70,85,90,94,8,1,22,32,69,72,84,89,91
8,11,17,19,23,28,49,52,68,70,75,89,97,16,3,16,17,19,23,27,39,42,45,54,61,79,91,92,94,98,8,39,42,45,49,61,68,70,91,9,19,22,24,27,42,56,69,70,94,15,7,8,22,28,33,45,49,54,69,70,72,77,79,91,97,12,3,26,27,32,45,56,61,72,86,91,94,95,14,3,5,7,8,22,27,29,31,53,57,75,79,83,94,11,5,17,20,27,28,42,56,61,70,72,78
12,10,20,27,33,46,59,62,78,86,87,90,15,1,2,27,38,45,46,48,52,56,59,61,75,81,91,95,13,12,23,27,33,46,52,56,70,76,79,83,84,91,11,6,11,17,29,35,45,48,54,80,86,91,11,2,4,5,27,34,50,61,72,88,90,98,13,2,4,8,27,33,39,56,62,63,78,90,95,98,11,2,6,16,35,44,52,56,61,70,88,91,12,8,17,27,34,44,50,59,61,65,79,87,98,10,8,27,28,45,50,56,61,63,90,93,8,6,7,27,33,56,65,66,90,15,3,20,22,24,27,34,41,45,49,50,59,61,75,91,93,6,28,54,61,66,89,90
14,17,2,5,19,20,27,31,33,45,46,52,59,62,69,70,75,78,91,10,2,17,33,56,66,70,75,80,90,97,17,4,5,7,17,21,25,28,33,39,44,52,61,70,86,90,91,94,13,4,22,28,29,33,42,43,44,70,75,90,94,97,12,8,23,27,29,33,39,44,46,65,66,70,92,13,4,8,17,34,39,42,44,82,86,90,91,92,98,14,3,32,33,36,45,52,59,69,70,78,79,84,95,97,10,8,34,45,56,57,61,62,69,91,95,10,3,44,52,55,67,78,84,91,98,99,8,2,6,17,20,32,44,57,79,7,2,33,42,45,61,66,80,10,17,20,25,27,35,44,45,59,72,79,13,3,11,16,17,22,34,45,52,61,81,90,91,98,14,1,4,27,32,33,39,44,45,46,49,56,61,70,91
6,12,2,3,17,22,41,46,52,56,77,87,90,91,15,2,4,8,17,24,42,45,52,54,69,83,90,91,94,98,13,2,8,17,18,20,25,29,32,45,52,70,91,95,15,1,8,17,20,23,27,29,35,56,57,66,70,90,91,95,8,5,22,27,54,68,72,89,99,8,2,16,22,27,45,59,62,70
10,11,0,23,27,29,32,45,61,62,76,78,84,8,4,17,33,34,42,65,70,94,6,23,27,49,62,78,79,8,34,46,54,61,69,79,90,91,8,10,17,22,27,32,45,54,91,8,20,22,27,41,68,90,91,98,8,2,28,56,64,69,81,89,91,6,2,5,8,29,54,72,8,28,32,34,52,83,92,94,98,7,2,29,45,66,70,76,91
12,13,3,5,6,23,36,49,55,56,61,75,83,90,99,13,0,5,27,29,42,45,50,52,54,61,78,91,94,13,8,20,22,27,34,37,39,45,46,52,66,69,91,14,2,5,8,13,14,15,24,28,32,45,61,70,87,91,14,2,6,7,20,30,41,42,46,52,67,70,78,91,93,13,1,2,5,14,22,23,41,44,52,70,79,91,99,12,5,8,10,17,27,28,34,52,54,61,72,94,14,5,6,10,27,33,34,35,42,45,52,54,70,79,91,12,6,12,23,27,54,66,70,78,87,91,94,98,9,0,2,3,5,24,45,69,91,98,19,5,8,13,23,29,35,37,42,45,52,54,61,70,72,76,81,83,91,95,14,3,8,20,23,35,42,44,52,54,59,61,66,72,90
9,13,0,8,27,29,39,45,52,65,69,84,87,89,91,21,5,11,13,19,22,27,28,33,37,38,42,44,45,57,68,71,75,78,89,91,98,18,1,2,5,19,24,29,46,47,56,61,66,67,70,73,78,84,87,98,17,1,2,5,8,17,22,28,30,34,46,66,75,78,79,84,89,90,14,1,3,10,18,19,30,33,34,70,80,82,89,91,98,15,5,27,42,45,46,52,59,61,70,71,81,82,84,91,94,16,2,3,5,8,17,20,24,25,30,41,70,76,89,91,97,98,16,4,8,24,28,32,37,44,45,46,49,70,72,79,83,84,91,11,2,6,10,14,27,39,52,61,70,79,91
9,6,0,23,70,81,91,93,9,5,17,29,34,49,76,91,93,94,9,8,17,29,44,46,61,70,72,90,6,7,24,27,35,42,61,3,2,23,59,5,7,20,22,34,44,7,17,56,61,67,70,78,90,6,1,2,5,42,45,91,3,70,91,98
6,8,3,5,39,41,70,72,84,91,13,2,3,22,23,27,29,32,39,46,67,69,70,83,11,10,23,27,28,32,61,78,79,84,93,98,7,5,20,32,42,53,82,91,8,27,34,42,50,61,79,90,91,12,5,7,13,24,44,45,49,57,61,79,83,91
11,9,6,17,45,52,70,72,80,93,98,7,23,34,54,70,82,86,91,5,5,35,45,61,99,11,3,8,17,24,29,67,70,78,79,84,91,8,2,17,22,37,42,43,61,91,8,2,3,8,23,62,64,77,79,8,8,27,29,42,49,76,84,91,9,20,22,28,45,50,54,83,90,91,9,0,20,29,33,45,46,48,50,97,9,1,2,6,15,28,29,43,59,87,7,0,11,20,27,52,70,91
9,20,2,5,8,16,23,27,28,32,35,39,41,44,46,52,61,69,70,79,91,97,14,2,3,17,19,27,33,45,50,52,70,72,79,91,94,16,2,3,11,20,27,33,37,42,45,46,47,56,57,69,78,91,16,5,8,27,28,29,35,42,44,45,46,50,69,72,84,90,91,22,2,5,6,9,17,22,28,29,30,32,39,41,42,45,46,49,50,54,56,59,70,91,14,2,3,8,16,20,23,27,42,44,45,56,72,91,95,20,2,22,24,26,27,34,42,45,48,57,61,62,66,67,70,71,86,90,91,98,16,1,3,5,8,34,35,44,45,66,70,72,79,83,84,90,91,15,2,8,23,24,26,33,35,39,45,56,59,79,84,91,98
9,11,0,17,27,35,45,46,52,61,70,80,98,8,2,3,20,43,57,61,78,84,7,2,4,17,52,70,90,94,9,1,2,13,27,52,62,63,78,91,7,0,29,42,45,70,89,97,8,5,8,23,34,49,61,91,93,6,42,44,45,61,66,67,2,3,73,6,8,17,27,46,70,72
15,14,5,17,23,34,37,45,52,54,55,59,70,89,91,95,12,1,11,17,20,45,49,55,70,71,84,89,91,5,8,23,32,70,79,10,5,17,34,42,45,61,68,70,91,94,8,5,16,17,19,71,75,89,91,2,57,61,7,5,23,27,29,49,50,93,8,1,2,8,10,36,45,62,91,7,0,2,17,20,50,52,61,9,3,25,26,37,45,50,87,89,97,8,27,41,45,52,61,70,90,91,8,14,35,42,52,56,61,90,91,5,1,64,70,87,90,8,0,3,28,56,61,71,91,95,3,27,71,84
10,10,2,26,35,45,50,61,69,70,91,93,11,16,45,54,55,62,69,72,79,89,91,94,9,2,5,8,19,27,48,62,69,70,11,0,3,17,20,35,45,52,69,70,76,91,12,13,20,22,26,33,54,57,68,75,76,82,84,13,0,2,17,22,23,24,32,35,45,57,59,79,95,11,1,22,26,27,28,52,64,75,84,85,93,12,2,8,24,34,42,46,57,62,66,90,91,94,12,2,8,27,30,33,34,45,49,57,61,84,90,10,3,19,35,45,61,75,84,91,93,94
13,16,1,8,17,23,27,28,30,33,45,46,50,56,72,75,91,94,11,8,27,42,45,52,54,57,62,69,75,79,16,0,2,4,10,17,27,37,39,52,54,59,66,69,70,72,94,14,2,10,15,24,33,42,61,79,84,87,91,92,94,99,12,2,5,8,17,46,50,54,70,75,83,87,91,14,8,11,14,17,22,24,39,46,61,70,79,83,84,91,11,5,8,16,31,41,45,61,72,79,91,95,18,1,2,5,19,20,22,27,42,43,44,45,49,52,61,67,70,84,91,11,3,19,22,49,56,68,73,75,79,91,94,17,2,5,6,8,17,23,26,28,34,46,50,68,76,79,84,91,94,16,2,3,20,22,38,39,45,54,56,57,70,72,75,84,90,93,14,1,2,5,14,39,42,62,72,75,79,84,86,91,99,17,5,22,23,27,28,32,34,35,45,52,54,61,64,69,78,90,98
5,11,8,17,21,23,27,35,62,64,69,84,90,10,2,3,17,26,45,52,65,70,91,93,15,3,11,16,20,22,23,28,35,44,45,52,54,61,69,98,14,5,20,33,42,43,44,46,52,54,61,62,88,93,98,9,6,10,17,22,23,27,52,68,98
5,11,2,5,22,42,61,67,81,83,84,97,98,11,5,8,20,28,29,46,79,80,90,93,94,11,14,25,27,29,33,34,35,36,69,70,79,11,8,17,27,28,46,49,52,54,59,91,98,10,0,2,8,17,24,28,61,66,84,89
11,9,20,23,32,45,54,70,80,91,95,8,2,3,8,17,54,70,90,94,5,29,42,47,92,97,8,2,5,25,45,46,87,90,91,13,25,28,29,33,34,52,56,59,63,70,87,90,91,8,2,3,17,34,40,45,50,91,8,2,5,19,34,45,76,91,97,6,17,28,42,43,59,91,10,3,27,33,43,45,69,70,72,89,91,8,20,35,54,59,79,84,90,99,10,26,27,42,48,49,50,59,70,91,98
16,6,7,17,19,35,78,79,9,22,52,56,61,62,70,75,80,83,7,3,6,33,52,56,62,93,9,23,29,32,34,63,70,83,94,99,8,5,23,27,29,32,34,61,87,6,2,3,17,66,67,99,7,4,5,22,26,41,50,76,9,4,17,29,45,61,70,71,75,84,6,25,42,44,56,66,91,9,1,8,18,27,28,48,54,70,71,10,6,17,19,27,42,61,63,70,84,91,8,3,32,35,39,52,70,84,91,6,5,8,13,27,52,89,5,3,17,20,46,71,5,20,24,56,64,99,13,5,20,27,29,30,39,42,48,50,70,84,91,97
11,8,8,29,30,52,54,70,91,93,8,8,33,34,35,57,70,83,91,8,1,2,3,5,17,72,87,93,7,3,5,17,27,34,76,91,6,8,23,27,33,80,91,7,2,28,34,45,67,76,89,6,1,8,11,27,42,56,10,2,10,23,42,45,57,61,76,91,98,4,5,28,34,91,6,5,24,43,67,79,84,5,1,8,15,70,75
11,6,2,3,8,56,71,91,5,2,28,34,43,73,2,27,90,9,8,33,44,46,59,70,75,91,97,7,24,35,62,70,75,82,91,9,0,8,27,42,61,68,72,84,91,4,10,54,91,98,5,2,20,27,62,98,5,2,34,45,54,68,7,20,24,35,50,63,70,79,9,8,20,23,37,39,45,46,97,99
10,12,1,22,24,32,38,52,61,62,70,73,80,91,11,5,17,45,54,61,62,65,71,78,79,91,10,5,13,27,49,54,61,70,72,97,99,12,3,13,17,20,35,38,54,69,70,80,83,91,13,2,8,18,28,34,51,61,67,70,78,79,87,90,6,35,45,52,70,82,90,10,0,2,3,5,10,26,27,35,42,87,9,1,27,32,47,69,75,87,89,91,12,3,6,8,17,33,41,52,66,67,70,72,87,12,7,8,61,62,63,64,65,66,70,72,75,91
7,13,2,8,28,34,42,45,50,56,70,75,91,94,97,14,1,5,10,13,27,38,42,45,54,56,70,81,89,95,12,2,5,20,22,32,39,42,46,49,56,91,93,12,4,8,17,35,46,54,61,63,70,83,89,94,8,0,46,54,59,66,72,84,91,14,2,5,8,13,18,27,28,41,60,61,66,69,87,99,20,1,8,17,19,24,27,29,30,35,45,50,56,61,65,66,70,72,87,90,94
7,5,17,23,24,88,91,8,8,14,27,29,32,46,52,94,9,17,19,27,28,46,53,61,70,84,5,4,87,90,91,98,8,1,17,34,35,42,56,84,91,12,0,5,7,27,44,45,50,57,59,61,63,91,7,8,35,39,44,70,78,84
8,7,8,22,27,35,45,69,94,7,46,56,61,63,70,75,91,4,28,35,71,91,8,2,40,44,52,70,84,94,98,6,8,17,26,62,70,75,7,26,27,50,54,79,90,98,5,8,26,42,91,97,6,18,24,27,32,70,91
13,10,2,17,19,22,32,34,70,91,93,95,11,8,17,19,28,29,35,45,61,64,90,94,12,5,19,28,34,45,50,54,55,61,69,89,93,8,11,17,18,23,27,35,52,99,10,2,8,16,20,27,29,75,84,91,97,12,8,17,28,29,39,41,60,62,66,70,82,94,11,3,20,23,27,34,35,42,45,56,67,91,12,8,10,11,17,26,29,45,59,72,75,81,86,10,17,19,24,61,70,71,89,90,95,98,8,2,5,20,25,46,69,87,91,8,3,5,15,30,55,61,89,98,11,2,28,34,35,42,50,52,61,64,70,97,7,1,27,28,50,61,75,91
12,13,1,2,8,14,19,22,26,45,50,70,87,97,98,14,2,3,5,16,20,22,27,28,35,44,70,71,76,82,9,20,27,29,37,42,45,61,75,90,11,1,8,29,32,34,46,48,56,62,67,79,11,4,5,17,20,29,34,45,63,64,70,91,13,5,27,30,46,50,52,66,69,72,75,78,80,91,15,2,3,23,27,33,45,46,50,56,59,62,76,84,91,94,11,2,6,8,17,27,43,54,69,71,91,94,11,19,35,42,52,54,56,59,72,83,89,90,12,2,10,20,24,27,30,42,45,48,70,79,80,12,2,3,5,17,19,27,41,61,78,90,91,99,12,6,18,20,27,29,39,52,64,68,70,91,94
8,13,0,3,17,19,28,29,32,39,42,61,67,70,84,13,1,8,19,27,42,59,75,82,83,84,86,90,93,16,10,17,20,27,34,39,42,45,50,52,54,61,62,65,84,98,12,2,28,29,32,52,54,57,70,75,78,91,94,16,3,4,6,33,34,39,41,45,50,63,67,71,83,90,91,98,15,1,2,7,13,17,22,24,29,33,45,70,83,89,91,98,12,2,5,6,8,30,34,48,66,67,70,75,98,11,2,34,45,56,57,63,64,70,75,91,95
9,5,2,6,23,32,39,4,46,54,62,72,3,20,29,83,5,2,17,33,71,75,5,5,8,48,73,82,2,2,28,4,35,42,90,91,4,19,20,66,91,5,17,42,45,67,97
10,9,17,27,29,39,70,75,78,84,91,7,5,16,46,61,78,90,91,10,3,20,28,41,52,61,66,70,77,93,8,17,22,35,45,46,50,62,66,9,2,17,22,23,29,45,54,67,78,3,41,52,66,9,0,1,6,8,10,30,42,66,83,7,8,19,26,46,70,89,91,10,0,1,5,17,26,27,44,45,48,91,7,5,27,28,42,45,61,69
7,6,8,19,22,30,61,72,7,17,52,54,57,82,87,98,6,5,33,34,72,85,91,6,1,17,23,25,29,75,5,2,17,42,90,93,3,2,28,45,7,0,8,27,37,39,42,90
17,11,7,17,23,25,32,34,38,49,66,79,87,11,3,5,14,17,19,23,29,32,42,54,61,7,5,22,27,35,45,70,84,7,20,27,28,37,46,91,98,7,0,54,57,61,70,87,93,4,19,45,59,90,6,27,30,36,64,66,91,9,17,23,33,43,45,49,75,91,94,9,5,6,28,42,45,54,62,66,98,8,2,8,24,39,45,67,75,78,9,8,27,42,45,46,50,78,79,98,5,22,27,56,64,90,6,7,21,23,39,91,99,4,27,56,70,94,5,21,45,50,52,93,7,17,28,33,49,63,71,94,4,1,71,89,91
6,5,54,55,61,78,89,5,23,42,45,65,84,2,17,32,4,1,32,42,75,4,8,29,72,91,3,5,30,61
11,7,8,22,33,61,78,80,85,6,31,34,44,54,87,95,8,2,3,27,42,69,87,91,94,7,2,56,64,70,90,97,98,8,8,28,33,45,61,69,83,89,6,3,41,66,78,90,91,8,1,5,8,13,20,61,70,91,3,3,22,64,8,20,32,61,65,67,80,91,98,7,28,29,56,67,84,91,98,5,27,59,70,79,90
11,6,8,27,67,68,70,92,4,25,28,63,91,6,27,33,41,61,70,91,6,1,46,50,70,91,94,6,17,26,34,37,42,70,4,17,62,66,98,6,4,28,61,66,91,93,7,2,27,33,42,59,79,87,4,8,43,84,91,6,24,27,29,75,90,98,7,8,23,42,62,69,80,84
14,9,5,17,52,54,55,70,75,78,94,9,2,7,54,61,64,70,79,87,91,8,1,5,17,45,49,56,84,91,4,4,23,34,70,8,24,27,41,62,69,77,80,89,9,0,23,27,33,39,43,56,59,70,6,22,33,50,59,65,84,2,24,27,10,3,23,25,29,44,46,61,70,94,98,9,3,5,27,45,62,68,70,92,97,8,0,5,44,46,66,70,91,98,9,2,3,5,11,13,17,34,70,79,8,0,27,33,45,59,65,75,90,9,5,35,42,54,57,61,62,90,91
7,15,0,1,2,3,14,19,20,27,42,52,57,61,82,83,94,11,30,33,34,37,44,49,62,65,71,87,91,18,2,3,5,6,8,17,22,27,34,42,52,61,62,66,88,90,91,98,14,5,8,14,23,24,29,33,39,45,54,70,75,84,91,11,24,39,46,54,62,66,76,78,84,87,91,8,17,22,25,45,56,61,72,87,11,0,20,28,30,34,49,50,61,73,83,91
8,14,5,8,27,34,41,44,45,49,50,78,84,87,91,93,11,2,8,20,28,44,45,46,48,66,70,90,13,8,17,20,23,27,28,30,60,61,64,75,84,99,9,1,16,17,27,32,52,65,67,70,14,7,18,24,33,34,39,46,54,61,65,68,78,81,91,12,5,8,23,35,45,52,66,70,73,90,91,94,14,7,22,23,27,34,52,59,65,66,70,71,72,90,95,14,1,10,27,32,33,42,45,46,67,90,91,93,97,98
10,11,3,19,27,29,45,61,70,71,87,89,91,11,0,2,17,22,25,64,70,72,87,91,98,11,14,17,34,42,45,61,70,89,90,97,99,12,0,10,17,25,33,42,45,49,52,54,59,98,9,2,5,29,42,45,65,70,79,91,13,22,27,28,29,33,34,45,68,70,72,79,91,92,8,7,23,24,41,46,61,70,91,11,1,5,33,57,70,80,83,85,91,98,99,11,3,5,11,32,33,49,59,69,89,90,91,12,2,5,34,42,62,66,70,75,79,94,95,98
8,11,0,8,23,25,27,32,61,62,72,75,84,12,3,13,29,42,52,59,61,70,72,78,79,98,12,4,5,8,20,23,39,41,42,43,45,70,84,12,2,22,24,30,34,37,45,52,61,69,91,99,9,1,28,34,35,54,69,79,83,91,11,8,21,27,39,42,45,46,54,63,87,94,14,5,7,20,23,24,26,27,32,35,66,69,70,73,83,10,3,7,27,38,46,50,70,78,91,94
13,6,5,11,17,35,75,91,5,2,28,29,39,70,4,2,23,70,94,3,23,34,70,6,33,45,66,72,91,93,6,2,22,44,52,66,75,4,46,80,91,94,10,5,46,52,64,65,70,71,87,90,91,6,0,2,52,70,82,93,6,0,52,56,59,70,91,2,62,98,7,23,34,35,45,49,54,91,4,8,49,67,89
4,4,33,34,52,69,3,4,28,54,3,43,84,89,3,62,70,84
6,9,3,17,27,29,49,57,70,87,91,9,1,20,29,37,62,64,70,76,90,6,5,45,50,75,81,88,8,0,2,27,33,52,54,75,98,6,0,8,45,54,61,70,6,23,42,70,90,94,98
6,16,3,20,22,23,27,29,33,34,45,50,67,90,91,92,93,94,14,2,3,23,24,27,38,39,45,50,54,59,70,90,91,14,3,17,18,22,28,34,44,52,61,63,73,78,84,91,11,17,32,33,41,45,62,69,70,72,84,97,14,1,5,6,27,34,52,61,64,69,70,84,86,91,99,12,6,23,34,35,62,65,66,75,83,89,91,94
12,10,5,8,42,54,67,70,75,76,87,90,8,5,20,23,26,29,46,61,70,3,8,46,90,8,8,27,29,46,57,70,89,97,17,0,3,4,8,17,20,22,27,32,45,50,59,66,67,68,90,98,9,1,5,24,29,37,45,62,73,91,9,20,23,27,50,70,78,88,91,98,11,6,17,34,39,44,45,50,54,61,91,93,9,29,32,33,34,52,54,59,84,91,9,19,22,27,50,61,68,78,87,91,7,2,29,42,50,59,94,98,4,5,27,61,67
18,11,4,7,8,18,34,54,62,69,78,79,91,9,26,50,52,61,70,79,84,91,93,6,13,27,38,42,52,55,11,0,2,17,29,34,39,42,50,59,81,91,4,5,50,59,71,6,11,33,45,61,78,87,11,2,22,27,34,49,61,69,70,77,89,91,14,7,19,24,29,34,41,45,52,59,70,72,84,91,93,10,5,10,27,47,49,57,65,75,91,94,10,1,35,41,44,49,57,60,65,79,97,13,5,17,27,44,45,52,67,70,72,83,84,95,99,11,27,34,45,46,64,66,67,69,70,89,94,6,33,35,61,70,91,93,10,8,23,31,33,46,66,70,72,75,90,10,1,2,21,35,42,49,67,70,75,98,7,1,27,33,39,42,52,78,13,2,27,28,38,46,61,66,67,70,78,85,91,98,11,6,8,23,24,27,42,49,50,59,90,91
7,7,8,23,27,33,50,59,70,11,7,28,33,40,50,52,68,72,75,79,93,14,2,5,22,27,29,32,39,45,59,64,70,79,91,94,9,3,8,10,27,35,61,69,84,91,6,1,17,27,50,79,91,12,3,10,20,25,34,39,45,50,70,91,98,99,6,23,45,55,59,61,91
7,9,2,5,26,27,56,57,75,91,94,9,7,38,52,59,67,69,70,72,84,6,2,23,28,46,76,91,8,8,20,33,57,64,89,91,98,7,1,2,45,46,69,87,91,9,2,6,17,20,29,30,32,54,61,8,2,3,5,46,52,69,76,91
12,12,1,8,26,27,33,34,56,59,61,91,92,99,13,2,3,8,45,54,57,63,69,70,75,81,91,94,11,2,7,27,29,34,59,61,70,89,91,94,9,2,17,22,24,38,42,46,72,73,12,2,3,5,17,20,26,49,71,72,78,93,98,11,5,8,32,43,44,61,65,78,84,91,98,8,2,3,20,23,30,62,70,84,13,21,28,32,56,60,61,64,66,77,78,87,91,98,7,3,20,34,42,46,71,91,9,0,2,45,61,75,90,91,97,99,10,6,8,20,28,44,45,50,61,63,90,11,8,9,20,23,24,28,32,50,63,64,79
11,14,1,30,35,46,59,67,69,70,71,83,84,90,91,99,10,8,14,26,27,45,54,72,76,84,94,10,5,20,23,41,45,50,52,61,72,90,12,17,24,45,52,56,62,67,70,75,83,90,91,11,14,19,28,29,33,45,46,84,86,91,98,13,5,11,17,20,23,44,61,72,75,80,88,90,94,15,2,17,22,26,27,28,29,32,52,56,57,62,66,67,91,14,2,8,26,33,37,47,63,69,70,76,91,95,98,99,14,17,25,28,42,45,52,56,64,70,72,82,90,91,93,17,0,1,2,5,8,17,19,27,35,43,52,59,61,82,91,92,94,13,1,5,28,30,34,44,46,50,54,57,70,79,91
8,11,1,7,32,41,62,65,66,67,70,73,75,12,2,5,20,54,56,61,62,69,70,78,89,94,10,2,3,8,32,45,52,57,72,76,92,8,5,23,59,61,69,75,84,90,7,3,27,34,42,69,71,91,10,2,5,11,39,45,52,67,83,93,98,11,3,14,17,42,45,59,61,80,81,84,91,10,17,19,27,32,33,43,45,59,67,70
7,7,2,18,34,35,84,89,91,12,2,20,39,52,61,67,70,73,78,79,88,91,11,5,6,23,28,39,46,52,70,83,89,91,11,23,24,27,30,34,42,62,64,75,84,99,6,2,42,61,70,83,91,13,2,5,8,17,27,28,42,45,52,61,84,94,97,13,6,23,27,30,37,42,52,67,70,75,79,87,91
8,11,1,2,27,39,42,62,65,67,72,87,98,11,0,2,16,35,39,41,44,50,56,61,94,9,5,24,42,46,54,56,61,69,91,8,5,10,34,39,49,54,62,70,6,17,52,78,82,84,91,12,5,8,17,22,23,28,33,52,61,72,84,98,10,0,3,7,19,39,49,56,57,61,66,7,2,19,70,72,91,93,95
7,9,17,20,26,34,35,39,70,72,94,9,19,23,26,45,49,52,54,64,91,8,7,8,14,32,61,80,82,91,8,28,39,50,52,61,70,78,83,8,7,10,17,35,39,41,50,94,7,44,50,67,72,76,85,91,10,5,17,22,52,70,75,82,83,85,91
7,10,2,3,5,30,42,44,70,79,87,91,12,1,2,19,25,26,29,35,61,70,79,87,91,13,5,8,20,35,44,45,61,66,70,75,84,91,97,11,2,5,6,8,24,27,29,34,54,79,90,9,17,24,33,34,42,50,63,70,98,11,1,2,3,8,19,57,61,64,67,70,94,10,2,8,17,27,39,46,59,72,81,91
9,10,19,22,42,45,69,70,72,79,86,91,12,2,5,6,27,28,52,73,87,91,94,95,98,13,8,20,27,32,35,37,45,49,52,62,69,70,79,10,4,17,23,28,29,30,45,70,72,93,15,1,8,15,26,33,35,46,50,54,56,58,61,70,75,87,11,3,20,27,28,39,44,54,61,83,84,91,11,2,17,19,24,29,33,35,70,79,91,94,13,3,14,23,26,33,46,49,52,67,71,84,87,91,13,22,25,34,41,42,46,49,70,79,90,91,93,97
11,6,8,17,22,32,54,91,6,5,20,23,75,84,94,8,26,27,33,52,69,79,91,93,7,2,27,28,33,45,62,91,7,8,10,17,29,41,46,89,5,19,27,35,89,95,4,5,34,35,45,6,1,5,32,34,46,70,8,2,20,26,32,34,70,94,99,3,33,54,69,5,29,46,79,83,89
9,22,2,3,5,20,25,27,34,35,42,44,54,62,66,72,75,76,79,80,84,87,91,97,15,1,3,7,13,27,35,45,61,69,70,75,78,89,90,94,16,1,2,6,8,23,26,38,42,45,50,66,69,75,80,91,99,13,5,17,19,24,25,34,46,54,70,91,97,98,99,15,2,8,17,27,29,34,42,45,50,52,56,59,66,70,91,22,0,2,3,8,10,17,19,22,23,25,27,32,34,36,45,52,59,62,69,70,80,91,13,5,22,24,27,28,32,56,69,70,82,90,91,94,18,3,8,13,20,24,27,28,30,33,45,46,50,57,59,79,80,91,94,14,4,5,17,25,33,34,46,52,62,68,70,71,72,91
15,8,0,7,23,32,50,52,76,91,15,12,27,29,42,45,52,56,57,61,62,65,66,68,70,91,10,16,20,27,42,44,52,61,75,80,98,7,17,27,39,65,73,75,91,14,3,5,10,22,27,33,56,61,69,72,75,79,83,91,10,17,26,33,46,52,63,67,70,87,94,12,4,10,17,20,24,27,28,45,69,76,91,94,14,5,8,27,42,45,52,64,70,71,75,79,87,90,91,16,2,3,8,17,32,34,35,42,44,50,52,56,61,72,91,93,13,11,27,29,34,41,61,66,67,70,75,79,84,90,11,2,8,21,32,46,52,61,67,70,94,98,9,5,18,20,35,54,61,70,91,98,14,3,5,20,22,23,26,28,32,35,46,66,78,87,91,13,2,8,27,30,48,49,50,52,61,71,72,90,91,9,8,16,17,23,33,39,64,70,71
12,7,1,8,52,69,91,93,99,7,2,5,25,26,52,71,91,5,2,5,70,84,98,4,45,61,91,97,5,2,8,42,79,95,6,17,23,27,42,83,85,4,44,47,61,66,7,27,30,45,56,67,90,97,8,0,8,17,18,54,61,88,91,2,35,42,9,8,11,28,29,35,61,70,90,91,6,27,45,46,54,63,91
4,4,3,33,34,61,3,61,75,82,6,2,39,49,61,71,91,3,8,27,54
10,6,25,32,50,56,61,81,9,5,8,32,33,49,55,61,91,93,7,3,7,29,32,61,89,91,5,27,35,48,52,61,10,3,5,8,17,19,27,44,54,70,94,6,2,3,22,27,75,78,6,10,18,27,28,39,75,5,17,23,34,70,93,6,7,33,56,61,90,91,5,33,39,63,70,91
6,5,5,27,68,70,90,6,5,8,34,39,61,70,6,6,13,23,27,61,76,6,0,1,28,39,61,81,7,3,33,56,61,70,90,91,7,3,28,61,79,90,91,94
11,12,3,5,8,17,20,27,37,46,70,90,91,93,9,3,17,23,26,28,42,45,91,93,11,2,8,27,31,34,39,62,64,70,72,79,3,8,25,59,5,1,42,46,61,91,10,2,10,27,45,54,61,62,65,70,90,10,5,28,34,42,61,67,79,90,91,94,9,28,31,42,45,46,56,67,70,80,12,4,5,13,23,27,43,44,45,46,54,69,70,10,2,4,26,35,39,70,89,91,94,99,8,8,10,22,27,28,35,84,91
15,11,2,7,14,42,45,46,54,64,70,75,84,11,2,27,28,29,34,38,44,49,52,70,71,16,8,20,22,27,34,35,42,54,61,68,69,70,86,90,91,94,9,1,3,27,45,52,70,88,90,91,11,3,8,23,30,32,49,66,84,86,87,90,14,2,5,13,20,35,39,44,54,55,59,61,70,78,91,9,4,23,27,33,35,42,45,50,72,12,2,3,14,17,22,34,35,46,67,78,80,94,14,8,22,23,26,34,38,44,45,46,64,66,70,72,91,11,0,8,17,27,32,33,52,64,70,80,91,11,2,8,20,27,33,41,56,61,79,94,99,12,34,35,42,44,45,46,50,63,70,90,91,94,11,1,8,28,42,44,50,52,58,61,72,91,6,2,20,29,52,56,90,11,3,5,10,28,29,33,38,52,59,72,86
11,6,2,8,17,25,68,91,7,2,7,17,22,27,50,70,9,17,27,34,44,45,61,70,71,80,7,8,10,45,56,66,76,91,8,20,44,50,52,85,91,94,98,11,5,9,17,27,45,54,61,63,69,82,91,5,3,8,29,57,70,5,0,19,31,56,61,8,2,4,24,50,61,70,75,90,5,8,42,52,60,70,7,5,14,27,49,50,91,93
14,10,3,8,23,27,42,84,89,90,91,94,11,17,20,23,25,27,28,43,45,54,61,91,10,6,8,11,23,33,46,50,59,63,91,12,2,17,22,25,27,41,54,70,79,91,93,94,8,10,23,62,69,85,87,89,91,10,4,10,22,27,29,45,59,61,71,76,12,2,3,5,22,28,34,59,61,66,84,91,94,13,6,7,20,23,28,32,57,61,67,70,79,90,98,7,2,17,23,39,57,72,94,14,3,5,29,45,50,61,67,71,78,79,84,91,94,98,12,14,18,22,34,41,62,68,72,79,90,91,98,11,5,8,28,39,45,46,63,70,79,91,97,12,8,33,42,45,54,56,62,66,70,72,78,98,10,8,17,22,31,33,67,71,80,91,92
13,12,5,20,23,27,32,33,34,50,54,72,81,91,14,5,8,17,23,24,45,46,47,49,50,75,91,93,94,11,5,22,23,24,27,29,34,59,67,71,94,15,1,2,5,17,19,29,44,45,52,54,59,61,62,69,84,9,3,5,19,27,29,34,44,46,80,10,29,39,45,52,61,65,70,75,90,91,12,2,3,27,38,46,52,66,67,78,90,91,98,16,3,7,10,27,39,44,49,56,62,66,70,78,79,81,84,91,12,5,17,20,32,50,61,70,80,84,93,94,95,11,5,6,8,34,35,61,70,89,91,94,98,16,2,5,17,22,23,24,26,27,28,39,42,45,69,70,91,94,9,8,19,42,52,56,61,65,70,91,16,0,1,14,15,28,35,44,54,59,78,80,83,89,91,95,98
12,12,2,3,7,17,24,33,42,54,62,81,91,94,11,8,16,27,35,45,54,66,70,76,91,94,13,3,8,27,50,52,54,70,72,75,84,93,94,98,9,3,27,29,35,39,55,75,84,91,10,3,25,34,35,59,61,62,72,90,91,13,2,5,8,17,20,23,33,43,45,54,70,72,79,7,11,24,28,42,50,66,94,11,2,3,17,29,42,45,54,57,62,70,91,15,8,10,29,33,37,39,42,46,48,61,70,71,72,76,91,12,2,3,4,5,8,22,47,49,56,61,85,91,11,6,15,17,19,22,23,33,39,80,87,90,10,26,29,44,52,54,59,61,67,72,94
5,11,5,8,13,14,29,45,54,59,62,87,91,11,10,28,41,43,52,55,59,61,70,84,91,7,2,33,45,50,90,91,98,11,2,10,27,29,34,50,52,87,90,91,98,10,1,19,20,28,32,50,72,79,90,91
10,7,2,5,9,16,29,35,87,7,0,26,27,28,45,70,91,10,0,2,3,14,17,32,33,50,54,91,5,49,54,61,71,73,10,2,10,19,21,23,39,46,56,66,70,11,3,7,22,27,33,34,35,45,76,92,94,6,49,61,62,70,76,84,2,33,93,9,5,6,29,35,56,67,79,93,98,5,17,29,61,94,98
10,5,49,61,62,89,94,5,10,22,34,54,95,3,27,42,97,4,27,33,42,50,6,20,33,34,91,94,99,6,5,23,32,46,59,91,6,0,2,23,33,42,82,6,3,5,27,39,46,72,6,0,33,45,69,82,98,6,39,61,65,66,79,91
9,11,2,3,14,20,27,32,34,54,61,66,70,16,0,1,2,3,5,27,32,33,39,62,70,76,88,91,92,94,12,2,8,10,19,27,38,39,52,62,84,91,99,12,17,18,19,23,27,28,32,45,54,61,67,94,13,2,20,25,27,29,39,42,56,62,70,80,81,83,13,2,22,37,39,44,45,57,61,70,76,92,94,97,10,1,5,17,20,29,33,42,43,45,91,6,3,7,27,62,90,91,11,17,22,27,34,45,46,61,70,73,79,83
10,6,25,27,34,61,67,80,11,1,4,27,28,34,35,39,61,62,76,90,5,2,8,29,78,84,9,0,3,23,28,52,54,55,89,97,12,2,3,20,22,23,27,61,80,83,84,85,88,9,0,32,50,56,67,75,83,87,91,8,11,17,27,35,66,72,75,94,10,8,17,37,42,44,46,75,83,84,98,7,2,4,17,27,45,61,91,10,2,5,8,11,16,26,32,35,57,88
3,3,19,28,72,5,2,16,50,72,86,4,22,33,61,70
12,8,5,8,10,43,70,83,84,91,6,0,20,46,59,84,91,10,5,34,42,44,61,70,71,78,82,87,8,5,8,61,67,69,70,89,91,9,7,17,27,32,45,54,70,72,76,9,5,39,54,56,70,75,76,78,84,8,3,5,17,32,34,53,62,90,11,2,17,34,45,54,61,72,75,76,79,90,11,5,17,23,33,34,35,45,56,70,71,82,11,2,5,17,22,27,41,52,54,70,90,91,10,2,3,27,29,34,45,61,89,90,97,12,0,1,5,15,29,42,52,54,79,83,91,97
10,6,5,8,23,28,52,56,14,0,19,27,28,42,46,50,56,66,70,72,76,83,91,8,1,2,3,39,56,69,71,94,9,2,8,17,19,33,65,70,87,91,6,33,44,46,56,75,84,9,20,27,54,61,70,72,75,91,92,9,5,11,25,37,50,52,66,67,84,11,6,10,22,34,36,44,45,52,79,90,92,7,17,22,33,39,46,54,61,10,1,2,20,27,33,54,62,80,82,95
