9,1,242,2,219,528,4,44,228,585,966,4,646,779,895,959,1,127,1,196,1,251,3,492,764,920,6,233,456,711,845,912,930
9,3,71,154,713,3,555,723,878,1,578,4,93,473,624,788,3,61,183,885,3,61,107,269,2,392,506,3,242,625,814,5,69,312,564,710,912
6,1,893,3,188,761,872,3,132,176,775,3,395,676,737,2,71,178,2,354,955
1,2,27,455
2,2,615,755,1,261
6,1,14,2,335,930,1,548,1,150,1,483,1,375
8,3,317,457,633,3,503,754,764,3,143,530,956,3,341,379,760,3,265,401,548,7,90,272,678,783,853,902,964,2,70,686,2,61,576
4,1,771,1,209,2,553,856,1,177
6,2,715,764,1,532,2,447,921,1,988,2,663,765,2,294,872
5,2,71,592,1,548,1,335,1,265,1,212
3,1,193,1,695,2,29,200
7,1,309,3,538,539,847,3,311,362,811,2,304,842,2,591,760,1,128,1,604
9,1,441,3,753,801,924,4,136,209,550,754,5,440,487,591,674,883,1,8,3,153,370,430,1,10,4,432,448,611,817,3,257,437,585
8,7,214,294,302,483,830,852,865,3,537,538,830,4,341,462,775,792,2,408,902,4,32,309,753,769,5,91,285,617,753,863,4,17,62,540,865,4,3,207,265,585
11,3,426,558,799,3,13,31,447,3,550,646,966,1,600,3,46,252,656,2,542,737,3,27,304,447,3,285,500,555,5,13,193,399,432,921,4,182,354,425,936,2,781,887
8,2,68,386,3,375,863,923,3,522,764,968,2,375,562,2,222,779,2,118,781,2,88,930,1,959
10,1,610,2,46,604,2,139,859,3,394,525,962,1,189,2,176,402,3,365,647,873,1,658,3,316,591,716,2,441,466
4,1,226,1,786,1,714,1,548
13,2,116,933,4,62,68,210,388,2,811,923,2,624,893,1,852,2,375,788,1,968,2,493,941,3,128,150,711,3,1,312,551,1,779,5,5,72,455,666,986,1,61
7,3,715,764,878,2,623,830,2,436,532,1,988,2,451,663,4,5,180,348,468,2,513,816
5,1,402,1,692,2,817,895,1,576,2,70,132
6,1,490,2,181,295,1,309,1,104,2,113,265,1,388
14,3,71,513,567,2,315,608,4,312,572,898,916,2,570,681,3,266,395,643,1,893,3,108,538,996,2,235,873,6,71,385,436,538,797,964,4,2,131,233,548,3,624,764,952,2,70,230,3,71,220,535,4,45,153,297,827
6,1,964,2,271,649,3,448,539,897,1,524,1,568,2,261,643
10,5,3,663,814,908,959,3,66,375,534,5,27,45,180,538,884,6,63,121,148,320,385,912,4,102,463,469,591,6,17,70,165,414,562,656,7,153,295,297,298,538,545,739,2,547,820,5,86,549,551,731,913,5,5,309,619,751,966
11,2,105,540,3,548,681,902,3,295,740,765,7,25,188,241,390,652,908,988,1,512,2,79,872,3,158,678,762,2,56,385,3,180,239,440,5,140,312,367,694,904,1,440
9,3,265,816,859,3,538,562,754,3,281,602,647,1,643,2,516,881,2,35,397,2,98,498,2,2,703,2,684,781
9,4,49,374,378,634,4,22,130,588,903,3,306,374,833,2,487,814,5,81,408,786,821,840,2,397,512,4,273,538,864,872,5,102,401,457,470,548,2,482,801
6,6,13,17,183,591,608,616,4,302,329,461,612,2,6,864,3,414,634,698,3,116,505,748,5,228,547,617,757,825
11,6,311,379,669,727,753,941,4,303,512,685,892,5,5,29,800,830,937,5,27,41,196,500,804,3,524,554,721,3,19,385,395,5,70,174,192,326,336,4,290,340,341,375,4,4,17,500,764,2,290,509,3,382,441,827
2,1,251,1,483
9,2,284,966,1,295,4,27,257,797,941,1,769,2,180,816,1,91,3,125,312,514,1,430,3,548,593,775
14,3,89,214,363,1,827,6,176,187,223,226,381,457,7,32,94,237,277,459,663,687,6,236,284,359,611,723,767,3,1,522,799,4,362,551,786,913,3,163,878,937,4,176,195,299,663,6,87,102,470,506,779,816,4,5,492,842,930,2,392,576,4,395,544,568,746,2,506,855
5,1,950,1,142,1,260,2,108,435,1,363
13,5,2,398,555,878,974,5,554,708,795,866,986,3,294,432,774,7,90,140,201,385,625,758,967,5,42,226,520,814,905,4,289,530,767,864,3,150,575,843,5,72,723,901,930,964,4,138,179,268,888,5,87,207,512,626,640,6,303,347,366,422,769,974,6,242,583,622,647,727,801,5,225,561,586,751,988
4,4,148,320,843,849,3,268,548,616,2,130,703,3,87,125,163
5,2,288,921,4,45,54,69,996,3,151,540,918,3,257,554,753,3,66,226,619
11,2,546,749,3,176,753,760,4,163,277,436,608,3,91,440,873,4,94,283,585,935,1,746,3,49,522,647,3,0,513,732,5,45,265,381,597,640,1,216,4,143,269,514,732
15,2,327,865,1,540,2,281,602,4,284,414,753,870,2,33,281,1,883,1,429,3,45,395,476,4,150,647,764,820,1,467,1,398,3,79,243,622,2,61,656,3,354,432,936,3,303,375,916
10,1,694,1,309,3,21,284,666,1,743,1,539,2,285,554,3,105,187,942,1,381,2,167,522,1,930
11,2,309,674,2,265,510,2,295,902,2,435,792,3,135,228,341,3,312,390,593,3,210,513,716,1,918,2,440,760,1,905,4,187,281,799,950
10,4,281,669,685,860,1,8,3,61,131,226,4,45,304,550,733,3,385,497,751,3,134,354,647,4,45,235,638,678,6,174,214,261,265,294,326,5,340,375,397,542,816,3,2,188,749
6,2,288,927,2,195,367,2,5,23,2,513,681,3,237,316,510,4,602,612,775,872
5,3,328,666,760,2,440,924,2,70,138,2,5,183,4,776,805,956,996
4,1,341,1,188,1,492,1,143
13,3,634,698,955,6,305,611,634,663,826,903,6,284,302,398,447,601,740,1,397,4,113,698,731,930,3,154,235,879,4,138,549,716,760,5,344,564,594,855,864,4,67,211,328,374,6,17,28,181,408,840,910,4,29,273,304,424,4,8,564,816,880,4,155,482,674,781
12,3,154,193,299,1,816,2,131,425,4,59,188,377,959,4,135,183,269,433,5,67,143,473,479,753,2,201,959,7,29,227,251,265,751,766,827,3,3,222,389,4,271,294,327,604,3,161,538,600,5,91,214,226,730,960
7,1,951,1,829,3,139,660,769,1,711,5,138,150,538,569,666,1,105,2,274,790
6,2,190,698,3,284,359,633,3,304,472,731,2,6,341,2,646,884,2,220,816
5,1,45,1,911,2,194,441,1,188,1,297
10,8,2,235,649,672,711,913,946,947,5,35,196,422,947,966,4,22,611,775,806,1,378,3,91,908,946,4,131,151,285,466,5,187,299,663,779,935,4,7,57,663,821,6,8,309,678,810,920,927,4,61,432,476,896
7,2,83,753,2,17,473,3,70,359,748,2,210,483,1,587,1,679,2,312,548
16,2,22,986,2,557,857,4,61,309,571,617,1,753,2,54,237,3,456,688,928,3,27,91,666,2,221,626,3,136,207,472,2,134,295,2,280,304,2,237,935,3,55,201,647,2,753,761,2,27,187,1,711
3,3,237,921,940,1,830,1,362
11,6,116,138,244,295,731,902,6,281,516,602,886,937,950,6,88,267,321,435,955,959,2,34,711,6,140,180,219,341,890,988,2,390,829,6,435,552,582,674,703,859,6,189,242,469,470,583,885,6,70,304,306,764,818,895,8,134,150,190,276,302,586,716,982,9,2,68,150,304,433,448,764,790,950
10,2,139,859,1,705,2,455,513,2,289,662,2,432,890,4,222,365,611,647,2,188,569,2,314,522,2,133,658,2,441,473
14,10,8,53,61,116,408,458,612,713,873,933,7,42,155,176,183,311,624,893,5,367,460,544,611,760,3,283,359,838,5,269,326,405,732,816,4,23,242,626,649,3,513,754,830,4,237,663,746,814,5,98,196,498,878,982,5,193,312,432,513,684,4,17,29,612,986,5,70,210,336,399,597,6,75,163,261,548,683,769,6,448,465,483,509,916,928
7,4,345,751,818,834,5,414,586,786,866,925,3,185,235,711,7,150,190,627,649,816,828,969,6,22,54,376,643,663,715,3,2,646,870,5,108,177,632,663,937
5,1,561,1,599,1,91,1,509,1,517
8,2,299,951,2,710,966,1,769,4,123,687,696,758,1,802,1,736,2,569,731,3,29,79,830
8,3,392,643,762,2,522,641,5,27,514,532,674,733,4,39,461,467,751,2,98,662,4,131,516,528,848,3,267,331,556,5,45,91,497,681,708
12,3,285,295,685,2,183,908,4,267,762,765,864,1,538,4,226,552,775,872,2,61,116,3,64,234,522,3,190,469,622,2,163,731,2,210,884,3,52,726,913,1,432
4,2,21,284,3,538,622,748,1,942,1,167
6,3,62,513,920,4,116,424,646,740,6,70,455,644,663,687,910,5,158,424,790,886,893,1,432,6,45,188,193,435,564,942
3,1,842,2,116,424,1,45
12,2,302,623,5,147,272,359,592,941,4,17,328,578,827,4,4,549,721,884,3,276,394,492,4,194,269,513,562,3,67,639,991,2,345,513,4,17,318,398,808,5,27,119,663,962,983,3,167,278,758,5,8,288,607,646,788
17,8,39,89,211,214,216,389,528,753,3,189,539,711,1,664,1,27,1,313,2,413,608,2,63,179,1,154,1,753,1,610,2,304,737,5,460,522,672,814,991,3,27,614,861,1,883,2,276,376,3,67,705,748,5,383,448,714,784,827
6,2,513,797,4,147,216,311,401,2,315,696,3,703,710,827,3,506,877,941,2,193,284
7,2,515,986,3,748,827,921,1,188,3,26,986,989,5,288,432,784,797,938,3,556,893,934,2,17,91
9,2,865,903,2,272,602,4,442,550,893,949,2,836,883,2,510,626,2,466,498,2,372,429,2,395,786,1,394
11,3,113,193,827,2,67,257,3,448,646,872,1,265,3,108,177,601,3,365,608,909,2,285,924,4,150,219,510,827,3,180,441,873,5,226,269,292,440,674,4,285,580,703,710
8,1,913,1,606,5,118,414,866,884,968,5,183,261,348,915,998,3,140,397,765,4,22,23,513,839,5,24,158,167,866,884,7,193,257,424,455,585,774,878
7,1,26,1,753,3,327,343,829,2,554,580,6,303,368,540,634,652,818,2,243,374,2,896,903
8,1,767,3,193,395,896,2,194,890,3,170,242,583,3,107,295,447,1,687,3,397,433,884,4,61,227,731,959
7,2,27,44,2,257,864,2,17,285,3,8,375,844,3,624,669,764,3,190,456,779,4,356,447,500,517
7,5,154,214,401,647,852,5,176,284,307,775,784,5,138,447,571,666,883,6,265,397,436,732,763,963,5,784,818,866,878,892,6,289,399,611,737,784,908,5,288,633,743,877,966
6,1,188,1,479,2,344,864,1,619,1,585,1,694
9,4,237,284,367,767,1,271,2,569,839,2,472,731,2,139,859,1,816,2,125,647,1,128,4,376,402,781,930
8,4,183,216,885,924,2,196,394,3,433,472,775,4,395,568,748,775,3,491,855,959,1,24,5,129,201,381,733,827,6,134,210,582,672,775,884
7,1,277,2,52,989,1,180,2,390,663,1,625,1,303,1,192
11,3,149,775,872,2,27,611,3,434,587,711,3,548,732,738,1,752,3,90,295,757,4,180,364,365,946,4,8,312,326,528,3,8,304,754,2,91,188,4,44,752,849,910
4,4,381,457,845,935,5,94,228,277,459,663,4,451,714,902,913,4,49,176,548,753
10,2,490,663,2,222,731,1,551,2,457,959,2,181,681,1,783,1,303,2,576,966,2,479,950,2,303,775
6,4,181,277,492,681,6,46,154,261,309,686,955,3,540,611,663,4,52,804,946,989,3,318,485,788,2,261,751
11,1,473,2,310,537,2,257,865,4,154,399,513,902,7,118,242,538,539,716,760,769,1,437,4,542,898,915,960,9,62,195,242,304,345,347,397,426,594,4,67,147,216,401,5,170,227,246,522,710,7,52,117,265,284,388,877,884
15,2,62,339,5,188,498,517,808,986,3,318,378,838,3,90,465,517,5,284,366,469,626,827,4,320,519,723,893,1,316,3,560,639,794,3,32,61,548,2,433,537,3,465,506,941,3,284,606,924,3,56,466,828,1,827,2,227,775
11,7,140,242,260,261,472,799,866,4,528,568,833,899,2,318,546,4,44,385,585,864,7,432,476,516,528,554,770,960,5,272,394,579,761,811,5,8,17,627,753,969,6,23,125,767,781,884,968,6,140,224,367,455,539,592,4,90,281,652,845,5,394,548,554,576,647
14,6,67,228,669,723,771,966,5,288,388,551,679,864,1,363,2,392,643,3,285,318,395,5,306,537,674,690,877,3,62,310,375,5,45,194,261,273,789,2,428,727,4,480,539,669,781,5,190,455,779,866,904,1,226,5,8,356,428,517,617,1,315
8,3,181,284,425,2,397,763,1,818,2,388,423,1,188,2,385,908,1,633,1,324
10,1,568,5,62,220,732,920,966,2,644,827,5,154,436,510,539,964,2,222,647,2,27,921,1,402,3,116,424,462,2,294,316,2,257,309
5,3,20,604,643,4,261,540,764,801,2,97,231,3,385,551,764,1,433
10,2,703,792,3,78,453,515,3,387,620,712,2,862,962,6,107,131,764,878,986,994,3,88,176,422,3,176,476,830,4,216,309,486,575,3,45,272,986,3,157,797,922
10,6,79,163,549,615,688,950,6,61,323,426,467,711,857,6,385,509,549,644,673,899,4,45,285,357,735,3,87,148,573,2,220,472,4,207,220,366,562,3,41,165,935,5,154,429,466,641,921,5,140,192,225,522,592
7,3,173,414,520,4,193,395,464,896,3,303,585,687,3,233,857,964,5,147,193,328,546,568,5,41,107,108,177,447,3,420,746,959
10,4,39,649,959,986,1,473,3,118,485,538,2,305,905,3,222,864,960,1,207,5,295,542,864,915,960,2,61,116,5,190,195,242,731,818,1,721
11,1,836,3,149,226,870,2,176,884,3,2,506,769,4,118,192,548,643,2,124,688,1,455,2,27,663,3,189,373,767,3,98,290,486,2,70,732
9,7,44,311,509,540,649,673,899,3,220,414,870,1,17,3,513,633,844,3,33,304,935,3,147,216,401,2,299,710,3,41,476,877,3,243,561,622
9,3,226,272,602,1,61,3,163,341,775,3,221,594,913,3,492,537,941,2,269,884,4,187,788,866,986,3,32,619,861,2,754,922
14,3,3,624,639,5,135,255,259,334,512,4,193,348,414,959,5,312,733,767,775,825,5,127,401,616,626,766,3,473,663,893,3,61,457,767,2,288,924,4,150,278,512,950,4,227,274,548,779,4,214,269,547,754,5,67,79,113,181,242,5,284,297,343,466,864,4,289,414,512,765
10,2,45,82,1,893,2,49,910,1,512,2,521,538,2,349,477,3,397,721,887,1,947,1,365,3,428,537,754
6,1,996,1,946,1,188,1,924,1,2,2,525,612
6,1,921,2,516,937,3,219,510,647,2,878,893,1,297,2,441,835
9,3,20,193,216,1,428,2,490,510,2,104,830,1,70,3,388,667,927,2,45,392,2,135,364,4,79,572,703,877
11,6,143,289,645,808,893,991,1,610,2,276,613,3,336,538,761,3,328,678,777,3,127,385,913,2,125,145,1,772,5,2,140,242,261,506,2,276,530,4,23,27,225,751
1,2,378,455
6,2,84,771,1,185,1,727,2,272,398,4,90,261,864,887,1,978
6,2,515,539,3,398,421,455,2,228,592,2,17,476,1,646,4,66,261,522,988
8,6,91,375,431,538,539,847,3,376,513,803,4,26,146,811,829,4,89,304,775,873,3,66,760,784,1,90,3,128,424,646,4,110,538,604,753
9,4,422,771,847,902,6,82,272,276,414,791,814,3,140,142,269,8,35,67,221,478,538,569,698,764,2,209,825,5,33,284,539,656,721,5,8,192,472,731,799,5,66,222,422,592,884,4,107,154,602,816
6,1,771,1,709,2,302,479,2,227,294,2,326,964,1,943
6,5,2,28,181,294,639,4,663,761,764,893,7,79,119,178,277,478,758,764,4,71,176,402,441,8,138,179,259,343,447,608,835,873,4,455,470,727,820
7,1,913,1,401,1,344,1,806,1,35,2,801,924,3,376,393,709
5,2,255,811,2,289,820,2,83,820,2,302,717,3,261,460,512
11,2,388,835,1,920,4,45,433,455,921,1,641,2,291,647,2,233,242,2,277,466,2,56,515,1,720,3,735,850,908,3,62,689,920
4,3,44,102,827,4,5,149,695,845,5,17,154,207,742,801,4,516,844,882,913
13,1,740,2,183,270,3,228,414,937,2,84,771,3,49,212,289,4,171,753,856,882,2,91,189,4,153,226,658,911,2,50,710,3,227,460,690,1,522,2,26,737,2,44,864
5,2,864,902,3,105,468,716,1,228,3,210,252,585,3,8,70,407
4,1,797,2,514,558,1,430,2,548,593
9,4,299,375,600,732,2,548,738,6,194,222,366,408,473,656,5,290,302,588,779,795,3,32,261,402,1,414,3,192,264,336,6,91,186,351,387,426,547,3,235,441,873
10,2,388,893,4,83,592,820,885,3,142,261,585,3,261,775,969,1,212,3,83,188,303,1,784,4,135,788,842,920,1,397,1,94
8,4,28,70,387,753,4,19,61,113,937,3,221,278,473,4,424,466,694,801,5,70,309,601,803,867,1,811,1,522,2,371,863
9,4,455,525,680,811,5,102,414,775,902,986,5,42,187,295,369,904,2,39,189,3,461,656,924,5,4,90,397,457,497,5,7,196,226,416,568,3,22,45,212,4,19,140,721,925
7,3,176,236,937,2,359,489,2,150,792,2,195,455,3,192,377,878,1,769,4,268,297,513,633
6,2,663,788,1,516,1,777,2,328,528,1,288,1,864
9,6,158,189,288,464,573,996,4,663,712,733,987,4,226,702,940,950,2,481,885,4,50,281,864,872,3,56,872,913,5,45,127,737,758,942,4,237,717,748,801,5,277,299,616,804,816
11,3,131,244,766,1,71,1,916,6,17,140,255,266,550,811,2,128,550,2,272,820,2,436,964,2,294,297,1,678,4,70,302,717,805,1,576
13,5,210,304,513,814,959,5,180,433,516,816,818,4,63,190,744,959,3,723,770,902,5,27,147,214,285,394,4,8,189,309,458,2,127,748,4,239,276,424,777,6,27,29,447,479,617,945,4,344,461,646,864,5,34,288,424,619,989,1,398,5,237,395,652,896,935
5,3,70,269,281,3,389,556,893,3,154,687,751,3,365,678,821,3,472,513,542
8,3,78,104,913,1,41,4,32,385,687,899,2,242,299,2,273,440,2,335,902,2,401,422,1,302
11,3,68,731,893,2,666,880,3,242,318,433,3,79,414,506,6,88,154,397,539,861,923,2,513,866,4,28,271,408,968,3,226,448,779,3,460,512,781,2,198,827,4,88,421,953,991
6,2,158,698,1,56,1,284,2,472,731,1,884,1,440
6,1,472,1,672,1,61,1,395,1,117,2,28,387
11,1,913,2,312,582,2,506,547,3,440,470,674,1,864,5,45,134,150,276,889,1,46,1,655,1,811,2,554,777,1,566
10,1,960,1,647,2,679,753,1,226,1,472,2,530,777,1,646,1,126,1,364,1,927
7,4,455,510,512,515,3,495,549,610,4,436,446,810,964,6,414,491,516,643,751,950,3,242,604,753,3,396,873,901,2,327,751
10,4,2,149,674,715,2,24,154,2,432,862,1,616,3,522,625,775,1,411,3,253,261,548,3,463,525,925,1,209,1,759
9,7,220,375,469,591,795,814,849,1,397,3,150,885,969,4,139,419,688,859,3,22,54,930,3,257,600,711,2,45,890,5,27,71,344,429,649,1,125
13,4,608,737,913,955,2,140,151,4,165,183,376,737,4,61,360,433,600,5,6,176,222,513,554,4,140,291,359,506,1,849,2,8,731,7,163,233,242,299,521,695,855,3,70,116,150,2,397,878,6,193,466,522,548,769,855,8,45,185,268,269,463,513,516,744
12,7,117,376,538,539,736,847,964,3,435,712,829,1,510,4,5,8,811,922,4,1,185,455,960,4,276,539,686,902,1,629,2,59,304,3,760,925,962,6,105,176,214,468,716,880,4,393,548,593,709,2,604,631
13,3,473,781,901,3,193,568,663,2,226,745,3,465,490,550,3,271,538,938,3,22,375,438,1,856,2,148,716,4,571,669,779,920,1,516,6,42,572,634,663,731,830,3,687,821,864,2,17,465
8,9,236,368,462,496,538,539,678,847,937,8,138,235,538,581,711,811,816,950,7,29,142,250,430,608,616,689,8,158,163,260,304,633,669,811,959,9,22,59,90,235,318,343,522,760,941,6,128,147,227,460,827,942,7,3,200,255,549,643,672,821,6,244,257,299,604,625,859
9,4,70,132,617,748,3,127,480,788,3,0,764,803,2,269,490,2,226,550,2,221,870,3,185,207,522,2,70,132,3,183,236,767
13,3,125,472,788,4,81,131,672,816,2,364,765,2,61,652,5,0,303,318,677,730,3,395,731,960,2,117,549,3,193,823,937,2,432,761,3,347,856,866,1,863,4,5,497,522,779,2,183,448
7,1,915,2,127,401,2,529,921,2,443,646,2,23,760,5,88,276,770,788,996,3,163,388,766
13,3,455,538,941,3,176,549,762,6,131,145,151,209,466,663,4,42,117,163,183,2,209,604,6,7,260,440,634,873,904,4,194,414,921,950,2,396,996,4,104,320,663,751,3,49,294,424,5,45,193,381,896,903,2,376,694,4,17,78,143,257
10,8,61,165,219,467,510,559,612,822,1,311,4,498,760,805,830,5,66,167,464,748,941,4,425,441,539,760,4,70,392,733,908,5,7,29,136,281,758,3,273,748,814,5,63,150,578,764,820,4,204,335,490,522
9,3,226,302,329,1,786,4,188,389,805,959,1,714,2,104,528,2,548,612,4,78,505,827,986,2,70,580,3,216,757,825
5,1,431,2,376,513,1,873,2,66,784,1,90
7,4,281,602,626,884,4,95,136,810,904,5,34,138,710,935,962,3,138,703,761,5,75,176,228,663,885,4,192,397,425,753,1,516
4,2,205,672,3,131,418,825,1,329,2,27,950
12,3,235,634,711,3,192,261,856,3,147,619,641,3,27,529,941,1,374,2,140,192,6,56,66,273,440,472,672,3,422,515,989,4,185,290,311,510,3,78,154,482,2,216,663,3,26,626,968
10,1,226,1,163,1,221,1,856,3,56,269,440,2,619,861,2,154,922,1,941,2,512,626,1,731
9,5,83,188,201,575,979,2,255,856,2,442,610,3,91,139,227,5,87,237,273,455,513,4,341,375,711,942,4,123,253,276,631,2,535,619,3,376,790,861
11,2,594,806,5,285,414,478,678,797,2,781,795,4,20,227,278,658,6,125,128,477,556,612,822,4,281,490,602,988,1,295,2,884,920,3,29,105,510,1,646,3,0,776,821
10,2,320,779,6,127,277,309,472,531,960,4,414,797,873,941,6,236,349,368,440,678,959,3,49,538,548,2,920,932,1,477,1,431,3,168,522,890,2,190,941
7,1,955,1,397,1,930,1,879,2,29,529,1,316,2,66,472
8,3,192,713,884,1,295,5,27,212,246,872,880,2,266,414,3,42,257,991,3,367,557,818,5,344,401,416,828,864,2,45,767
9,1,105,1,873,2,548,902,2,740,913,2,25,390,3,79,506,895,2,524,861,5,45,239,375,889,916,5,479,483,497,777,904
5,2,26,834,2,235,466,2,149,284,1,991,1,687
9,7,39,261,285,389,538,753,824,4,163,479,539,935,3,188,235,790,3,52,821,858,4,46,162,554,831,3,276,770,852,1,966,1,753,5,165,414,447,690,810
7,2,45,760,1,290,1,345,2,91,649,1,996,2,310,448,1,35
7,2,540,617,1,367,2,288,705,2,422,714,2,61,708,1,516,2,634,743
13,3,211,548,808,4,93,705,765,779,3,71,592,941,2,214,264,1,335,6,91,153,576,739,760,904,1,996,3,142,267,401,3,61,131,612,2,269,964,2,587,625,3,387,432,466,3,255,259,265
9,2,22,647,1,570,1,625,2,8,497,1,212,1,189,2,235,624,2,359,395,2,633,744
6,2,187,955,1,237,1,912,1,830,1,638,1,451
6,4,45,313,521,905,3,70,211,328,1,78,1,721,2,61,384,2,298,687
9,2,210,302,3,549,771,998,4,158,209,643,804,1,479,3,150,183,261,4,236,364,365,381,1,17,3,150,853,931,2,188,540
4,1,313,1,61,1,298,1,916
8,2,804,937,3,371,732,901,2,281,433,1,253,1,131,3,54,687,902,1,113,3,284,406,931
11,2,27,941,3,5,66,140,2,45,892,2,107,795,1,767,1,102,1,656,2,547,845,3,401,549,968,1,226,1,414
4,1,350,1,751,4,104,399,445,884,2,163,781
12,3,72,512,864,3,549,721,887,3,49,414,829,3,548,614,738,5,248,378,440,455,884,1,327,3,257,364,365,3,192,374,695,3,261,592,864,3,226,530,911,5,44,63,474,748,797,3,192,626,651
6,3,24,715,764,1,532,2,616,988,1,372,1,3,1,237
5,1,110,1,285,1,876,1,135,2,506,779
4,2,344,694,2,35,925,3,261,801,924,3,158,633,979
10,2,163,757,1,857,2,309,571,1,902,2,70,154,2,763,986,2,641,711,2,569,784,2,116,424,2,259,367
7,2,81,436,3,188,479,790,1,378,3,341,816,833,1,487,1,655,1,864
7,3,84,510,615,2,591,639,1,826,1,78,5,674,678,688,733,925,2,393,709,2,631,752
5,3,140,866,927,3,143,367,804,2,23,530,3,70,98,513,4,54,155,237,368
9,2,255,537,2,457,731,5,188,616,774,790,801,3,1,718,966,3,261,304,378,3,143,530,743,3,113,833,835,3,140,165,866,2,155,487
6,3,226,299,594,4,341,372,467,962,4,698,748,829,995,2,50,492,6,17,98,127,709,788,921,3,277,673,849
7,1,764,3,24,193,375,3,173,647,803,5,5,33,69,616,646,4,3,108,143,177,2,299,510,4,101,462,612,746
11,3,278,438,941,3,379,726,964,5,131,151,303,455,466,3,271,754,928,3,395,539,897,3,473,524,548,1,830,3,17,284,399,3,7,289,532,1,568,2,468,643
12,1,71,1,43,1,998,2,360,760,3,136,389,849,2,414,797,3,69,492,937,2,814,855,1,269,3,597,646,950,4,544,569,731,991,2,265,640
10,4,398,500,720,943,5,17,140,396,430,490,1,546,3,188,538,716,2,495,572,4,228,585,830,864,3,27,145,455,3,3,125,930,2,180,862,3,513,625,904
7,4,163,226,303,905,4,161,816,872,930,2,294,723,1,888,4,71,470,513,762,6,98,366,385,422,498,864,5,295,555,663,684,784
6,2,132,261,2,213,473,2,284,397,1,625,5,1,61,336,809,974,3,186,265,711
1,2,176,365
14,5,105,116,375,431,933,3,663,716,760,2,374,740,2,284,959,4,424,431,816,974,6,118,242,624,893,920,968,4,79,304,764,927,3,614,711,777,3,176,177,237,2,265,646,3,126,242,269,6,524,624,673,690,861,986,6,8,239,309,399,767,866,4,228,261,269,285
5,1,447,2,849,950,2,176,678,2,440,805,2,784,930
10,1,875,1,110,2,285,801,2,183,611,1,876,3,135,140,367,2,285,617,2,506,779,1,514,1,604
12,2,188,285,2,941,959,1,397,2,155,449,2,154,733,3,187,288,904,3,445,496,968,2,260,942,2,647,688,3,299,632,913,1,455,2,42,348
6,5,131,264,309,361,960,3,176,257,365,4,118,236,375,817,3,235,276,395,3,45,145,647,4,414,497,960,964
8,3,391,633,760,7,198,281,602,669,811,858,920,3,276,568,904,4,163,260,304,594,4,155,402,760,797,4,128,177,866,911,2,604,964,5,8,542,727,731,761
10,1,687,2,269,992,1,154,1,42,1,130,1,739,2,188,687,1,278,1,600,2,136,842
12,1,835,1,148,1,448,3,108,116,177,2,365,921,1,937,1,226,2,355,383,1,70,1,285,3,281,850,979,3,23,265,611
4,1,336,3,669,721,920,1,516,1,465
13,6,63,118,236,557,767,818,1,433,2,196,698,3,113,188,753,4,84,246,771,866,2,226,397,1,585,2,78,913,1,41,1,771,2,91,386,1,864,2,899,956
8,5,498,509,626,673,899,5,42,220,284,288,646,3,54,181,302,5,194,366,397,428,763,2,616,818,2,5,473,3,663,753,908,4,41,272,633,804
4,2,42,105,1,727,2,302,470,2,39,246
8,2,375,694,1,189,5,8,146,657,789,802,2,633,930,1,927,2,66,920,3,480,539,777,2,554,913
3,2,376,402,1,472,1,775
15,3,193,827,986,3,702,712,987,1,257,8,289,292,304,539,790,897,898,913,3,57,265,414,3,414,435,950,2,524,538,4,155,513,601,873,2,355,783,3,246,540,568,3,90,392,909,3,42,749,864,4,242,643,862,991,3,180,187,968,3,192,269,292
9,1,284,3,45,602,811,2,45,818,3,179,402,908,2,290,827,3,91,624,633,4,35,91,359,803,4,35,266,753,902,4,21,89,261,672
8,3,330,388,494,1,685,2,800,937,1,385,3,174,326,592,2,340,920,1,827,1,771
5,3,35,306,947,1,635,1,663,1,883,3,54,61,432
5,1,862,1,737,1,626,1,705,1,78
8,3,288,538,770,1,180,3,305,394,818,2,104,138,4,8,91,188,978,2,140,299,4,335,455,652,845,3,457,472,882
7,1,818,1,336,1,513,1,918,1,440,1,721,1,760
1,1,594
7,3,279,611,655,6,127,155,242,269,276,401,3,521,711,921,2,904,905,2,220,264,1,666,1,985
8,2,397,684,2,388,549,1,862,2,764,927,1,860,2,108,257,1,35,2,540,963
6,5,82,89,189,214,288,3,154,320,544,4,28,387,481,756,3,399,473,879,5,281,646,801,804,884,3,155,408,449
10,1,775,2,34,440,1,864,1,116,2,492,795,1,181,2,546,904,4,8,251,428,716,2,451,744,1,61
6,1,614,1,147,1,194,1,108,2,273,479,1,817
14,4,139,775,825,859,5,52,78,395,698,770,2,150,890,3,189,284,455,5,201,762,901,927,930,6,91,131,261,472,594,644,2,165,288,3,367,394,769,4,8,23,622,658,5,138,155,341,466,513,4,237,302,512,940,3,279,655,804,6,126,414,483,612,646,851,4,299,483,916,927
8,2,102,437,3,183,234,285,4,209,270,830,974,6,155,401,402,513,749,799,1,235,3,397,763,864,2,751,864,4,136,285,455,538
6,1,302,1,549,1,67,2,17,751,1,27,1,8
2,1,827,1,866
5,2,226,801,1,163,2,349,877,5,1,148,401,537,877,2,29,893
7,1,339,1,94,1,604,2,260,855,1,646,2,261,447,2,194,375
9,2,235,877,2,62,680,1,470,3,192,261,789,4,105,483,764,916,3,193,447,762,3,90,465,959,2,5,278,2,223,924
6,3,228,315,655,2,181,295,2,261,620,1,261,2,255,548,2,98,694
9,1,834,2,788,818,2,830,902,3,198,374,566,1,447,1,376,2,646,985,2,492,983,4,158,494,687,937
9,2,212,646,2,2,309,5,368,652,686,786,941,2,70,385,4,138,179,259,554,2,45,283,4,220,414,727,770,2,397,633,3,150,397,908
6,1,309,1,798,1,942,3,143,193,530,1,902,1,466
9,3,492,583,656,3,210,401,434,3,264,413,811,3,354,930,936,2,70,760,2,128,171,3,604,754,996,3,299,365,489,1,104
10,3,312,594,775,3,397,547,638,2,440,674,2,153,964,3,110,312,842,4,192,611,790,864,2,46,304,2,655,986,2,289,811,3,304,554,741
4,1,362,1,834,1,261,2,306,690
7,3,712,770,987,4,33,193,394,426,1,634,6,8,34,45,252,591,804,3,646,667,775,3,143,279,655,1,198
9,1,50,2,827,966,1,866,2,117,703,1,870,3,632,639,791,1,901,1,863,2,277,285
10,6,131,414,422,592,647,959,5,274,320,376,402,909,2,878,919,3,242,276,919,2,117,645,4,276,390,836,904,3,71,592,594,3,260,328,777,4,145,402,554,930,3,127,968,988
12,4,116,151,663,933,5,251,624,698,893,959,5,8,284,503,857,867,4,231,472,588,731,4,87,414,530,884,4,549,615,684,732,3,150,176,237,5,61,727,816,902,986,3,341,395,781,1,613,4,237,399,825,904,3,46,228,731
13,5,436,538,690,811,916,8,45,69,70,542,715,764,771,943,6,4,33,148,524,550,616,7,98,313,680,709,794,834,950,7,5,149,532,556,616,816,989,6,1,331,468,561,718,989,4,45,75,414,646,9,54,260,271,395,402,594,711,902,913,10,176,257,294,347,385,424,455,678,687,988,6,1,45,437,560,568,821,5,29,62,233,663,786,9,222,315,429,455,468,472,718,863,989,8,125,140,385,411,436,687,864,950
5,5,61,88,222,617,788,3,456,908,928,3,221,335,731,1,207,1,550
9,4,119,487,500,873,2,522,692,3,286,663,727,3,611,633,790,2,19,535,3,187,895,955,3,216,548,667,3,387,476,830,5,375,512,549,615,916
10,2,808,830,2,401,802,3,211,255,551,1,408,2,69,579,1,196,2,125,145,4,75,187,512,901,4,91,210,772,952,2,765,870
11,8,1,55,192,515,516,611,890,956,3,255,864,884,2,226,302,3,165,639,711,4,90,619,646,880,2,433,986,3,0,155,330,3,302,427,764,2,149,746,1,483,2,591,807
10,1,183,3,347,378,617,2,45,347,2,3,288,6,234,419,737,743,764,829,3,20,604,643,2,105,385,1,538,1,820,1,343
8,6,17,97,183,522,688,935,1,616,2,113,817,3,348,534,709,1,228,8,39,115,242,274,764,877,890,959,3,738,753,896,3,440,817,837
12,2,391,422,4,462,496,858,937,1,530,1,479,1,276,2,163,260,2,633,797,4,271,318,343,896,1,94,1,866,3,638,643,964,2,460,771
11,2,70,836,4,149,261,354,423,5,69,113,125,492,937,5,43,148,255,643,652,3,435,440,712,4,265,640,921,950,3,185,210,509,2,555,960,4,177,353,363,399,1,592,7,66,105,195,274,468,548,716
10,2,775,872,3,5,131,711,1,302,2,269,814,3,150,223,389,4,70,306,639,732,3,548,752,872,4,17,70,136,514,3,513,528,986,5,8,304,602,611,862
9,2,924,964,1,196,5,269,414,611,744,866,2,27,327,5,2,394,643,715,753,2,619,827,3,8,681,804,3,309,893,905,2,68,968
9,1,899,1,341,2,331,561,1,492,1,788,1,45,1,221,3,568,673,849,1,647
3,3,158,711,830,1,534,1,462
7,2,849,872,1,921,2,924,996,1,64,2,201,210,2,925,982,1,49
12,2,630,986,1,890,2,451,806,4,138,267,399,466,2,455,681,1,516,3,226,349,727,3,165,227,326,1,991,1,687,1,489,4,328,896,962,983
8,4,143,181,373,681,3,154,408,698,3,395,583,663,3,284,361,842,1,946,4,32,472,731,808,4,71,91,884,998,4,287,318,816,941
9,2,273,347,3,142,438,771,3,669,753,920,3,291,402,577,3,367,414,431,2,794,829,2,261,676,5,46,189,303,503,950,4,91,242,288,647
10,3,222,242,395,5,407,619,708,775,969,4,555,681,705,748,5,228,376,611,842,932,5,9,127,188,385,457,5,104,209,414,689,776,6,299,375,414,528,783,956,4,18,125,447,814,4,212,243,470,630,9,193,236,335,385,696,743,758,904,920
6,2,2,233,2,210,581,2,250,956,2,455,709,2,61,512,2,397,847
10,3,340,753,941,2,261,883,4,438,512,520,902,1,644,2,284,926,3,641,864,924,2,364,441,4,653,684,814,968,6,2,321,492,514,564,647,3,22,373,986
5,1,762,1,467,2,345,435,1,211,1,299
10,3,35,753,947,2,299,695,2,647,663,2,140,367,1,883,2,224,709,1,20,1,214,3,288,412,467,5,61,66,72,211,744
7,2,28,387,2,473,663,3,24,284,801,2,711,816,2,614,711,4,242,269,488,616,2,3,690
10,3,45,154,299,5,70,188,377,486,522,4,242,269,761,893,2,67,840,2,2,522,4,311,362,538,766,2,3,61,1,815,2,816,842,2,397,862
8,2,551,767,2,690,920,1,799,1,748,2,730,973,2,496,764,2,257,512,2,131,432
6,7,33,273,313,378,464,829,986,7,7,45,435,528,733,811,862,10,17,177,320,336,363,517,622,814,893,991,6,8,435,455,493,617,982,5,372,390,633,717,748,7,7,90,465,588,614,716,783
7,3,285,827,865,1,334,2,448,510,5,303,506,556,818,941,5,52,277,281,513,602,1,639,1,0
8,2,211,328,1,212,1,425,2,455,506,1,917,1,255,1,852,1,506
11,5,46,61,198,242,955,1,935,4,131,766,862,941,5,54,228,382,625,775,3,163,411,963,4,164,611,721,925,5,62,91,198,644,968,5,158,284,667,753,835,5,609,667,763,804,966,4,17,375,759,804,4,46,272,723,870
8,4,222,529,622,647,7,66,128,228,290,468,472,834,4,108,564,830,987,4,290,311,510,912,4,3,163,566,988,5,143,273,288,554,985,3,457,492,983,2,180,494
9,1,396,1,865,1,703,2,82,656,1,154,1,194,3,345,426,594,2,771,821,2,193,557
6,5,71,290,464,663,863,5,530,615,755,873,964,3,225,647,751,3,242,414,568,5,90,291,359,830,838,4,399,496,649,797
9,1,843,1,188,1,158,1,268,2,127,942,2,299,902,1,801,1,267,3,210,919,986
9,4,3,163,515,652,1,804,2,495,612,4,104,353,421,446,4,161,309,902,996,6,242,696,723,753,760,769,1,901,4,45,82,265,327,4,257,411,864,968
4,1,520,2,551,569,1,662,2,113,316
7,2,731,770,2,394,872,1,5,4,8,407,686,969,1,359,2,478,652,1,385
9,2,94,497,2,347,662,1,378,2,510,539,4,228,472,732,902,1,183,2,135,267,2,365,647,2,593,986
6,4,108,177,497,849,2,140,401,2,148,788,3,354,422,916,3,638,639,959,4,261,303,473,764
4,3,206,666,716,3,363,753,941,1,743,3,22,371,512
8,4,242,272,568,614,2,29,389,3,193,295,299,3,313,680,952,2,864,964,2,116,374,2,226,373,5,1,260,284,423,753
10,6,8,237,396,900,921,940,3,413,771,775,3,66,748,830,3,284,495,551,3,318,562,723,2,362,666,2,580,930,5,226,348,468,485,554,1,443,2,431,740
10,1,61,2,140,341,5,35,382,492,852,924,1,309,3,78,110,414,3,328,731,788,3,468,673,849,3,522,646,876,3,135,487,633,6,163,288,506,647,779,827
9,6,261,390,516,568,663,779,2,30,436,3,70,209,760,4,52,242,364,952,3,8,98,663,4,257,383,585,714,3,56,440,873,4,116,538,561,802,6,54,138,335,383,673,714
10,4,211,265,498,687,2,13,633,3,278,746,783,1,820,4,56,229,309,384,2,705,910,4,510,779,910,973,1,343,4,25,390,451,992,1,221
8,2,194,986,3,35,312,947,5,255,495,551,622,663,4,306,381,435,663,6,91,155,186,440,862,921,5,309,562,571,783,883,5,34,54,432,528,666,7,27,90,299,549,633,678,930
12,6,210,226,269,562,690,744,2,237,753,2,540,764,1,688,3,515,730,830,3,45,228,470,3,42,226,982,1,66,4,304,573,633,920,5,193,316,870,877,986,4,27,187,284,466,2,90,465
5,3,22,261,887,3,624,816,893,2,732,775,5,55,176,192,237,549,3,654,760,864
3,2,539,797,1,986,2,361,514
6,2,594,740,4,84,341,685,771,2,50,646,2,737,886,4,44,731,764,864,4,257,294,569,783
12,1,893,1,28,4,45,669,760,996,8,32,303,321,575,647,687,818,946,2,133,302,2,414,852,4,303,769,942,986,6,123,455,467,631,784,899,4,188,216,754,859,4,228,498,830,964,5,281,399,436,610,924,4,2,303,440,569
10,1,703,1,853,1,864,1,559,1,821,1,775,1,35,2,414,634,2,557,617,1,310
11,3,374,805,863,5,102,253,311,362,748,4,8,470,513,561,1,864,4,26,830,842,974,3,91,194,241,3,35,509,947,3,117,309,516,3,188,402,591,2,284,864,4,136,278,288,517
7,1,105,1,622,2,269,988,1,674,1,556,1,540,2,522,727
6,2,681,996,1,946,3,188,522,646,1,633,2,29,924,3,2,5,921
9,6,181,269,295,458,652,760,5,242,540,753,764,818,5,513,612,616,678,695,6,17,161,226,251,309,522,3,389,625,918,4,8,389,503,935,5,302,440,470,723,988,6,70,82,283,316,580,938,3,113,304,466
7,1,861,1,237,1,69,1,322,1,168,1,930,1,955
12,3,363,448,667,4,285,587,625,959,3,180,678,827,4,187,222,223,469,4,5,168,237,614,3,228,540,723,4,42,513,593,764,3,539,631,771,3,506,779,803,1,419,5,265,576,767,893,983,2,193,931
3,1,209,3,155,457,799,1,950
15,3,473,856,882,4,67,696,839,849,1,767,2,392,821,1,513,2,143,727,2,518,761,1,39,2,647,879,1,663,2,721,767,2,79,748,1,183,2,375,612,2,549,930
1,1,950
8,1,617,2,20,673,1,220,1,564,1,397,1,937,2,145,466,1,712
6,2,98,709,5,70,131,512,616,774,3,54,551,600,2,261,331,3,311,649,810,3,381,414,457
13,3,235,639,873,3,46,294,955,2,8,309,1,538,2,63,611,5,35,460,611,748,947,3,667,760,905,3,68,646,804,2,45,432,2,721,740,1,550,5,140,422,515,794,989,6,27,163,309,383,688,774
11,3,63,312,804,3,416,547,568,5,189,440,516,674,775,1,810,1,473,2,291,864,5,39,46,320,436,964,3,302,655,764,2,222,647,4,268,513,811,921,3,414,554,847
6,3,214,228,341,4,281,385,756,849,1,827,3,42,407,930,3,127,434,950,2,270,711
6,2,367,767,4,569,784,839,915,2,902,904,3,72,647,820,7,27,88,376,402,447,788,928,1,388
9,2,35,378,2,820,921,1,806,2,382,564,3,212,267,633,2,165,575,1,258,1,29,3,660,733,924
3,1,749,1,210,1,611
14,4,539,594,897,950,8,39,211,251,323,389,528,753,835,1,727,4,158,522,539,930,8,8,56,148,284,503,510,591,639,2,65,383,3,228,770,810,5,87,195,610,614,666,2,524,883,4,70,277,588,983,1,331,4,411,473,492,649,5,180,401,425,549,801,7,447,488,705,721,908,946,960
8,4,149,620,811,986,4,43,374,587,792,4,91,554,647,862,3,486,570,687,2,353,395,6,66,91,135,265,548,619,3,130,389,610,4,150,157,752,910
7,6,219,236,368,510,633,678,5,183,388,466,538,599,4,143,167,187,955,2,237,425,2,449,912,3,638,872,941,2,126,795
11,3,490,753,964,3,104,309,924,3,388,512,920,3,94,222,394,4,257,764,803,827,4,135,210,364,388,2,227,344,3,495,801,924,3,70,512,950,3,38,347,572,3,71,303,803
