36,3,7,72,75,2,22,91,1,20,1,78,2,27,81,3,8,27,75,3,54,70,75,3,70,94,97,4,61,62,78,93,2,2,61,1,23,1,57,3,5,19,91,1,63,1,17,2,10,62,3,27,41,91,1,46,3,27,61,91,2,5,24,2,41,79,3,57,70,95,4,33,70,79,91,2,5,27,5,8,17,27,56,63,1,8,2,27,91,3,4,27,63,1,52,4,33,66,67,91,4,5,49,70,75,1,61,2,89,91,2,35,79,1,59,4,3,5,50,73
30,4,20,33,72,90,2,8,22,1,78,2,22,49,2,22,84,4,33,34,49,57,2,1,70,5,45,57,61,80,90,3,17,45,69,4,10,45,50,91,3,45,56,61,3,11,57,72,1,3,4,8,34,54,61,6,23,29,30,34,52,90,2,8,66,4,27,89,97,98,4,17,29,34,91,3,4,14,54,3,2,6,20,5,5,20,68,70,91,2,5,61,2,39,45,5,2,15,22,42,89,2,82,91,3,5,27,66,2,27,59,3,1,2,75,3,20,29,91,4,27,52,61,75
40,3,3,41,72,5,22,46,49,67,90,3,25,45,59,2,44,54,3,5,14,59,3,35,57,91,2,50,94,2,57,66,3,52,75,89,3,1,35,61,4,22,42,67,79,1,72,4,2,17,19,45,4,5,22,45,59,1,79,3,34,87,93,5,1,24,45,61,91,3,3,97,98,3,4,8,79,2,5,8,3,21,78,80,4,23,32,72,89,6,2,29,33,35,52,91,2,7,94,1,89,3,44,59,95,2,70,91,3,1,27,90,3,17,42,78,4,61,67,70,79,2,5,6,3,45,56,62,1,90,1,27,3,34,45,79,1,56,3,6,29,86,1,54,4,1,22,29,91,2,59,61
29,3,5,42,61,2,4,91,2,52,84,1,91,3,5,61,62,3,8,39,92,3,63,70,91,3,19,29,91,2,52,66,1,84,2,70,98,3,17,26,91,3,59,64,87,1,79,1,98,2,27,68,1,39,6,33,36,39,42,79,91,4,10,34,35,39,2,0,45,4,8,24,54,79,2,35,91,2,34,46,2,6,17,1,32,2,27,52,2,1,2,2,33,89,2,19,69
22,3,5,91,97,2,33,52,2,0,25,2,70,91,1,41,1,36,3,27,62,91,3,2,5,67,3,1,25,66,2,45,99,3,3,27,54,2,8,54,4,5,59,67,91,1,27,2,39,56,3,13,45,90,2,57,79,2,54,81,4,29,61,66,84,1,5,2,5,94,2,56,98
23,1,13,1,2,1,91,1,35,1,91,2,8,49,2,0,42,2,17,84,1,54,2,61,70,1,5,1,54,1,76,2,70,84,1,70,2,4,68,2,46,61,3,11,34,35,1,8,1,70,2,43,62,1,27,3,29,35,56
26,3,8,28,61,4,8,52,56,91,5,3,19,35,64,84,5,1,7,19,50,76,2,35,87,1,71,3,2,40,66,1,59,2,7,66,4,2,28,42,88,1,49,2,29,61,3,2,5,27,3,5,45,90,2,70,91,4,19,27,66,91,3,33,42,49,3,52,56,90,2,45,91,2,20,48,4,50,54,75,90,3,19,26,39,2,17,79,3,2,20,91,3,3,42,91,3,45,57,70
21,1,38,2,44,62,1,70,1,90,1,45,1,70,1,50,2,72,87,1,41,1,61,1,1,2,82,93,1,22,1,8,3,5,34,39,1,1,4,17,33,62,70,1,45,1,34,1,85,1,46
21,1,2,1,81,1,70,2,17,83,1,54,1,20,3,5,49,93,2,69,70,1,27,1,2,1,79,1,0,2,34,50,1,52,3,39,45,52,3,5,46,91,2,29,44,3,2,5,79,1,35,1,75,2,2,91
20,2,5,19,3,28,39,45,2,2,93,1,29,1,10,1,11,1,7,2,42,59,1,78,1,98,1,19,1,27,1,33,1,77,1,13,2,20,45,2,34,72,1,84,1,50,1,61
26,2,24,35,2,3,17,1,22,2,26,76,1,86,4,2,70,93,99,5,20,23,34,57,79,2,89,91,3,6,23,89,4,5,26,52,61,4,17,28,93,98,4,5,28,56,61,1,26,2,27,91,1,91,2,27,77,2,27,65,2,8,45,1,70,2,0,81,2,52,61,1,83,2,8,46,2,82,90,2,1,50,3,29,35,61
26,3,8,70,89,1,16,2,29,54,2,0,42,1,29,1,75,4,13,17,59,91,1,45,2,63,97,2,2,59,1,91,2,5,61,2,28,45,2,52,77,1,2,2,27,76,3,57,70,79,1,61,3,23,72,73,3,5,90,98,3,10,17,19,6,8,14,32,34,62,66,5,4,27,59,61,84,2,70,78,2,28,67,2,61,98
26,2,3,72,1,75,1,28,1,17,2,17,72,3,17,22,56,4,45,66,67,91,2,59,72,1,3,2,3,38,1,7,2,46,61,3,28,42,84,2,72,99,4,10,45,62,79,1,92,1,14,2,56,66,4,4,5,23,27,1,93,4,27,45,54,65,2,17,70,1,61,1,91,2,24,70,3,42,61,70
29,2,50,69,2,9,90,3,34,57,69,2,57,69,2,28,56,4,33,71,84,94,1,34,1,54,2,59,80,3,17,75,84,4,27,32,42,91,1,35,3,27,28,70,4,3,70,84,91,2,45,67,4,2,3,44,76,5,8,46,70,75,90,4,27,29,59,72,3,17,33,70,3,24,29,46,1,2,3,8,24,70,6,5,23,32,38,42,70,2,33,53,2,22,85,2,61,72,4,1,5,42,45,3,31,41,70,5,2,20,56,79,94
34,1,70,4,46,64,75,91,4,5,8,30,32,5,17,29,33,61,69,2,22,61,5,3,35,45,71,91,1,94,2,1,33,6,19,29,34,45,50,70,4,10,20,71,84,4,10,22,72,86,5,5,13,20,37,52,3,28,39,91,4,1,35,49,72,5,2,45,72,94,95,3,24,68,70,2,27,57,6,10,23,27,61,79,91,5,5,33,69,76,89,4,27,42,45,90,3,23,25,91,5,8,29,78,90,91,2,52,90,4,6,46,70,87,7,0,2,70,89,91,94,99,5,26,60,61,91,95,2,19,44,4,2,17,91,93,5,11,54,56,67,73,5,1,14,48,59,69,5,33,55,69,79,83,2,27,33,5,2,19,59,61,84,4,2,7,49,91
29,2,5,70,2,22,46,3,2,8,14,2,42,78,1,70,3,10,55,61,2,38,68,4,3,70,91,94,7,8,17,27,46,67,91,94,4,32,78,91,94,1,20,1,70,2,64,68,3,28,34,67,4,22,46,49,61,4,2,34,44,94,4,27,61,79,84,5,0,1,26,45,69,2,22,72,3,71,79,83,1,30,3,1,91,92,1,69,4,33,66,72,91,4,23,27,32,80,3,46,56,91,6,3,4,7,45,46,67,3,34,44,84,3,56,67,91
34,3,2,62,72,2,3,20,4,30,37,45,98,4,26,70,91,93,2,45,98,2,27,61,2,34,95,2,59,87,1,93,4,4,45,70,91,3,10,39,63,1,91,4,10,33,46,84,2,26,34,2,61,70,1,20,2,23,52,3,23,34,46,3,22,70,94,1,1,1,69,1,32,3,2,29,65,2,28,57,1,28,3,7,70,84,2,17,42,1,17,2,5,46,8,2,9,17,20,28,32,61,92,2,26,75,1,66,5,2,3,5,27,65,2,70,72
25,4,11,29,90,91,2,27,70,1,91,2,45,57,3,45,52,67,1,11,3,27,28,61,3,7,23,61,2,69,91,3,45,61,90,1,2,4,32,52,70,75,2,34,91,1,20,2,39,69,2,33,35,1,87,3,30,41,98,1,91,1,70,1,52,4,28,32,67,80,1,94,1,42,2,45,75
24,4,3,45,61,91,1,45,1,87,1,33,1,91,1,22,1,75,2,5,17,3,5,17,35,2,52,91,1,98,1,61,1,42,1,28,2,2,91,1,0,2,27,61,1,52,1,26,1,70,1,52,1,61,1,77,1,45
31,3,4,42,61,3,2,8,92,3,2,19,84,2,8,87,2,63,85,4,34,42,84,90,2,25,59,1,88,1,91,5,8,17,37,70,72,1,82,2,45,56,2,63,91,2,7,70,1,91,1,45,3,17,26,39,1,98,2,42,68,1,22,1,66,2,20,67,2,20,69,2,24,52,1,64,1,52,2,45,87,2,2,71,4,60,84,93,99,2,68,70,2,1,2
26,3,32,61,90,2,34,45,5,4,20,43,52,70,1,97,4,24,41,57,66,2,5,54,3,27,69,70,4,29,52,65,94,3,8,45,72,2,7,70,1,52,2,75,81,1,89,2,17,54,4,2,34,52,62,2,2,76,1,70,2,17,87,2,29,70,2,33,60,1,34,3,27,70,94,2,21,67,2,45,49,2,32,93,2,71,91
15,1,75,1,71,1,28,1,91,1,91,1,44,4,46,75,79,91,2,21,46,1,94,1,54,3,25,52,54,1,23,1,17,1,70,1,27
20,2,30,89,1,45,1,52,1,17,1,29,4,0,8,45,70,1,5,2,94,99,3,1,4,91,1,2,3,3,29,32,1,28,3,5,8,30,2,65,91,1,3,1,20,1,66,3,1,61,70,2,45,52,1,45
32,2,62,98,3,61,72,93,3,6,23,61,2,2,17,1,91,2,29,52,5,1,34,52,70,91,3,56,69,92,3,16,23,42,3,2,17,33,3,42,45,52,3,2,8,32,4,41,45,52,69,4,70,79,84,93,4,45,52,91,98,3,2,33,91,2,52,61,2,23,86,3,32,34,70,2,16,91,4,5,49,70,71,3,50,72,93,2,57,70,2,28,85,2,45,59,3,5,69,70,2,17,81,5,5,19,22,33,70,3,20,84,99,3,62,95,98,3,2,17,73,4,22,61,79,91
25,1,8,3,5,90,98,2,27,94,3,49,59,72,2,45,91,1,65,2,45,91,2,27,61,2,20,57,1,91,2,8,18,3,35,44,63,3,24,50,87,1,41,5,45,49,52,61,70,2,45,54,2,66,91,4,2,6,46,52,2,27,61,1,2,2,70,79,1,67,2,7,27,1,23,4,27,28,41,59
36,4,17,27,52,79,1,61,6,33,34,42,67,70,91,7,19,26,34,42,49,52,91,7,2,17,33,61,63,76,91,5,17,35,42,46,67,7,2,6,17,22,29,87,91,5,3,8,24,27,97,7,2,3,23,27,70,89,91,2,70,78,3,29,71,90,7,17,29,47,63,75,81,91,7,19,20,27,33,61,79,88,5,29,45,61,69,91,5,27,28,36,65,78,7,34,61,69,75,90,91,98,7,1,28,32,42,61,64,84,7,2,17,20,64,70,94,99,5,4,45,46,70,72,8,3,8,17,32,45,50,52,90,3,62,70,91,5,27,32,34,61,66,5,44,83,89,90,91,7,27,79,84,85,87,91,93,10,22,27,34,37,42,45,52,71,85,89,3,23,52,61,6,2,5,34,88,91,97,4,2,19,29,45,3,45,90,91,3,27,29,91,5,20,23,27,42,61,3,24,35,45,3,27,56,70,3,8,29,62,5,5,6,23,56,90,3,85,89,91
40,2,49,54,2,28,54,6,19,23,56,70,78,91,4,40,46,50,68,6,3,17,23,29,49,94,3,32,39,45,1,68,3,23,28,70,6,8,22,54,70,75,79,1,57,6,6,19,56,77,91,95,2,61,70,3,45,79,91,4,22,27,56,89,3,19,70,79,3,5,47,92,1,61,5,20,32,42,59,86,1,22,4,17,19,29,63,3,20,22,61,5,42,45,73,90,94,4,7,42,69,94,5,17,27,45,91,94,3,15,24,35,2,56,71,1,78,5,8,31,38,72,94,3,17,33,94,4,31,72,83,91,1,78,2,72,91,5,8,27,53,61,72,2,41,70,4,2,17,31,72,4,1,32,72,85,4,27,33,45,78,4,20,22,49,56,6,20,27,28,61,69,91,5,14,42,67,89,90
34,3,20,27,59,1,38,3,48,52,78,1,91,1,46,1,98,5,6,41,45,50,90,3,46,52,54,2,2,35,2,2,91,2,33,84,1,52,2,70,72,1,17,3,17,63,80,2,4,34,1,94,3,50,70,93,1,61,4,8,28,39,63,1,91,1,33,3,45,50,65,2,78,91,2,24,67,4,28,45,54,98,1,29,2,59,87,1,61,1,28,4,7,66,79,91,4,8,34,61,91,1,59,3,3,45,87
32,6,27,33,34,70,81,91,3,24,28,97,3,45,46,90,2,2,70,4,24,41,66,78,2,25,70,5,33,52,59,90,95,5,23,44,70,75,90,4,6,27,44,62,5,42,57,65,75,79,2,20,29,3,34,54,86,4,4,27,42,91,6,2,36,45,61,78,90,3,8,44,65,2,39,95,6,20,27,42,45,79,98,5,3,8,48,56,91,4,33,34,52,59,3,23,27,56,3,1,17,91,3,41,57,91,5,2,5,27,55,78,5,27,32,54,69,79,6,3,22,49,57,62,75,2,33,90,4,16,23,42,79,5,29,33,45,88,89,4,17,28,50,73,4,33,34,64,91,5,1,27,44,56,61,4,6,24,52,90
29,6,5,22,52,69,91,94,1,62,1,57,7,8,33,34,44,56,75,95,4,25,39,43,70,7,39,56,57,62,66,82,92,5,45,52,55,80,99,4,2,17,52,99,4,2,59,75,90,4,31,42,62,70,4,7,61,78,84,2,39,61,4,17,61,70,86,4,4,45,52,94,2,27,70,5,8,21,33,49,59,4,17,23,97,98,6,1,6,8,44,50,91,4,5,17,23,61,4,3,32,92,98,5,8,18,46,79,87,4,17,22,72,95,5,5,35,61,84,91,1,90,5,3,27,72,79,91,4,17,61,75,84,4,2,39,45,52,4,23,32,70,97,1,65
25,3,23,94,98,6,17,33,34,46,67,91,4,24,56,67,90,4,8,54,64,77,6,16,20,23,42,49,57,5,2,3,4,8,87,5,1,20,56,91,95,4,32,45,83,92,3,46,70,91,4,8,35,45,91,4,8,17,29,91,4,22,23,27,52,1,2,4,8,30,90,91,1,42,3,2,90,98,5,17,27,54,66,67,4,62,68,84,90,4,29,32,89,94,1,29,4,33,45,69,89,7,7,16,45,49,59,90,91,4,27,59,62,70,4,2,70,76,93,5,22,24,27,41,57
