9,1,27,2,23,54,4,2,24,61,97,4,66,79,91,95,1,8,1,22,1,27,3,49,75,91,5,25,45,70,89,91
9,3,5,17,70,3,59,70,91,1,61,4,7,46,63,79,3,4,19,91,3,4,8,27,2,41,50,3,27,63,84,5,5,33,59,70,91
6,1,91,3,20,75,91,3,8,17,78,3,41,69,71,2,5,18,2,34,94
1,2,2,45
2,2,62,73,1,27
6,1,1,2,34,91,1,57,1,17,1,49,1,35
8,3,33,45,64,3,50,72,75,3,14,54,94,3,34,38,75,3,27,42,56,7,6,27,70,79,89,91,97,2,5,70,2,4,61
4,1,78,1,22,2,57,90,1,18
6,2,70,75,1,54,2,45,91,1,98,2,68,75,2,29,91
5,2,5,61,1,56,1,34,1,27,1,23
3,1,22,1,70,2,2,22
7,1,32,3,54,55,89,3,33,34,84,2,32,89,2,61,75,1,8,1,61
9,1,45,3,72,82,91,4,10,22,57,72,5,45,49,61,69,91,1,1,3,17,35,44,1,1,3,45,61,84,3,27,45,61
8,7,23,29,30,49,87,89,90,2,54,87,5,34,45,66,78,80,3,32,42,91,4,2,32,72,77,5,7,29,62,72,90,5,1,5,56,90,91,4,0,22,27,61
10,3,5,59,90,2,1,44,3,27,91,97,1,57,3,21,59,61,2,59,67,4,3,34,93,98,3,2,45,59,4,29,42,79,94,7,28,35,44,50,59,67,91
6,4,11,52,75,90,2,20,35,3,23,35,66,2,25,45,2,17,91,1,45
11,4,5,17,22,61,2,72,78,2,23,61,3,57,79,83,1,70,1,70,2,22,56,3,27,86,91,2,45,94,2,33,61,2,5,29
4,3,8,33,92,2,63,91,1,70,1,79
14,5,5,26,62,91,93,3,4,45,91,1,39,2,52,70,2,52,66,2,34,91,2,8,98,1,79,3,17,20,79,3,45,64,98,2,6,68,2,2,39,2,0,19,1,1
7,3,42,49,91,1,84,3,8,61,70,2,39,91,2,10,35,4,5,8,35,91,3,48,49,50
3,2,19,29,1,8,1,27
6,1,5,1,91,1,27,1,59,1,39,2,45,97
14,3,34,61,91,4,36,41,70,91,3,45,97,99,4,5,33,52,61,2,61,70,3,8,18,91,2,8,54,3,45,54,66,4,13,54,81,90,4,5,27,79,94,2,28,59,3,0,25,66,4,23,33,91,98,3,3,25,63
5,1,95,1,54,1,19,2,46,97,2,1,27
10,5,5,17,56,68,91,5,0,2,54,59,84,7,8,16,39,44,71,75,87,5,2,3,5,29,91,4,4,8,35,62,6,27,29,43,54,56,70,4,3,46,56,84,3,34,45,57,4,17,29,35,56,6,8,17,42,57,71,84
12,3,8,28,90,2,33,49,3,29,56,91,3,19,71,84,5,2,40,50,61,91,1,7,3,0,5,52,6,29,33,45,54,76,90,4,26,67,91,98,1,66,2,2,91,2,19,70
9,1,38,3,54,72,84,1,61,1,49,2,79,91,3,23,27,45,3,52,84,93,1,54,1,27
9,2,1,61,3,8,44,90,5,3,33,35,62,91,2,8,35,4,32,42,61,88,3,45,66,91,4,24,27,42,56,6,5,28,45,50,56,62,3,72,73,84
6,5,33,38,61,70,91,3,32,82,93,4,39,41,50,87,4,1,17,22,33,5,5,29,34,35,70,3,0,8,79
11,3,1,19,70,4,54,69,70,81,2,27,45,5,5,17,46,49,83,4,20,52,54,77,1,19,4,8,44,78,79,6,0,27,52,69,84,91,5,5,23,29,33,52,3,2,50,91,5,27,29,33,45,61
