9,1,27,2,23,54,4,2,24,61,97,4,66,79,91,95,1,8,1,22,1,27,3,49,75,91,5,25,45,70,89,91
9,3,5,17,70,3,59,70,91,1,61,4,7,46,63,79,3,4,19,91,3,4,8,27,2,41,50,3,27,63,84,5,5,33,59,70,91
6,1,91,3,20,75,91,3,8,17,78,3,41,69,71,2,5,18,2,34,94
1,2,2,45
2,2,62,73,1,27
6,1,1,2,34,91,1,57,1,17,1,49,1,35
8,3,33,45,64,3,50,72,75,3,14,54,94,3,34,38,75,3,27,42,56,7,6,27,70,79,89,91,97,2,5,70,2,4,61
4,1,78,1,22,2,57,90,1,18
6,2,70,75,1,54,2,45,91,1,98,2,68,75,2,29,91
5,2,5,61,1,56,1,34,1,27,1,23
3,1,22,1,70,2,2,22
7,1,32,3,54,55,89,3,33,34,84,2,32,89,2,61,75,1,8,1,61
9,1,45,3,72,82,91,4,10,22,57,72,5,45,49,61,69,91,1,1,3,17,35,44,1,1,3,45,61,84,3,27,45,61
8,7,23,29,30,49,87,89,90,2,54,87,5,34,45,66,78,80,3,32,42,91,4,2,32,72,77,5,7,29,62,72,90,5,1,5,56,90,91,4,0,22,27,61
10,3,5,59,90,2,1,44,3,27,91,97,1,57,3,21,59,61,2,59,67,4,3,34,93,98,3,2,45,59,4,29,42,79,94,7,28,35,44,50,59,67,91
6,4,11,52,75,90,2,20,35,3,23,35,66,2,25,45,2,17,91,1,45
11,4,5,17,22,61,2,72,78,2,23,61,3,57,79,83,1,70,1,70,2,22,56,3,27,86,91,2,45,94,2,33,61,2,5,29
4,3,8,33,92,2,63,91,1,70,1,79
14,5,5,26,62,91,93,3,4,45,91,1,39,2,52,70,2,52,66,2,34,91,2,8,98,1,79,3,17,20,79,3,45,64,98,2,6,68,2,2,39,2,0,19,1,1
7,3,42,49,91,1,84,3,8,61,70,2,39,91,2,10,35,4,5,8,35,91,3,48,49,50
3,2,19,29,1,8,1,27
6,1,5,1,91,1,27,1,59,1,39,2,45,97
14,3,34,61,91,4,36,41,70,91,3,45,97,99,4,5,33,52,61,2,61,70,3,8,18,91,2,8,54,3,45,54,66,4,13,54,81,90,4,5,27,79,94,2,28,59,3,0,25,66,4,23,33,91,98,3,3,25,63
5,1,95,1,54,1,19,2,46,97,2,1,27
10,5,5,17,56,68,91,5,0,2,54,59,84,7,8,16,39,44,71,75,87,5,2,3,5,29,91,4,4,8,35,62,6,27,29,43,54,56,70,4,3,46,56,84,3,34,45,57,4,17,29,35,56,6,8,17,42,57,71,84
12,3,8,28,90,2,33,49,3,29,56,91,3,19,71,84,5,2,40,50,61,91,1,7,3,0,5,52,6,29,33,45,54,76,90,4,26,67,91,98,1,66,2,2,91,2,19,70
9,1,38,3,54,72,84,1,61,1,49,2,79,91,3,23,27,45,3,52,84,93,1,54,1,27
9,2,1,61,3,8,44,90,5,3,33,35,62,91,2,8,35,4,32,42,61,88,3,45,66,91,4,24,27,42,56,6,5,28,45,50,56,62,3,72,73,84
6,5,33,38,61,70,91,3,32,82,93,4,39,41,50,87,4,1,17,22,33,5,5,29,34,35,70,3,0,8,79
11,3,1,19,70,4,54,69,70,81,2,27,45,5,5,17,46,49,83,4,20,52,54,77,1,19,4,8,44,78,79,6,0,27,52,69,84,91,5,5,23,29,33,52,3,2,50,91,5,27,29,33,45,61
3,2,2,93,1,11,1,98
8,2,6,23,1,5,1,99,3,42,59,98,3,5,39,45,2,56,91,2,89,90,1,17
15,6,2,13,24,29,70,91,3,0,17,70,2,35,98,9,28,34,59,61,86,89,90,91,98,4,20,23,24,79,1,26,3,34,57,79,4,27,52,66,91,3,26,76,94,2,70,91,4,2,8,52,61,3,17,27,61,6,8,23,45,72,82,84,1,61,9,22,27,45,50,70,79,89,91,98
6,1,17,1,2,1,77,1,42,2,59,62,1,10
13,5,17,33,57,72,89,5,8,29,59,62,91,3,8,70,89,3,3,17,45,5,27,56,63,91,97,5,17,28,45,52,75,5,7,63,65,72,84,5,10,24,62,92,99,5,3,5,61,70,89,4,3,38,56,84,2,18,98,6,5,14,22,29,45,61,5,45,52,66,79,82
5,3,7,8,75,3,17,61,66,4,28,42,70,91,1,72,3,0,23,70
5,3,17,75,84,1,45,3,28,61,67,5,28,31,34,70,93,5,2,35,42,91,94
11,2,28,59,3,69,70,90,3,2,28,71,1,57,1,91,6,2,20,54,62,72,91,3,3,32,76,3,38,55,94,3,17,29,53,1,91,4,8,20,44,90
16,2,29,91,2,27,45,1,34,3,54,69,84,1,90,1,24,3,27,52,55,2,41,42,2,70,80,2,22,94,3,2,24,46,5,4,8,10,23,91,1,79,2,33,61,2,45,91,1,75
11,1,69,1,59,2,28,67,3,3,9,50,1,34,1,29,2,23,72,1,65,4,2,8,70,98,2,27,70,1,56
11,2,29,70,1,22,1,91,3,35,82,93,2,2,70,2,39,52,1,26,2,17,33,2,33,61,2,49,91,1,34
10,5,1,33,34,69,85,3,10,61,75,4,33,45,49,72,2,45,91,3,5,52,79,3,10,20,61,4,1,19,78,91,3,61,94,99,4,33,44,69,89,5,23,33,66,70,75
7,1,30,2,57,70,3,5,28,45,2,46,70,1,25,2,2,91,3,2,19,84
7,3,64,68,94,2,42,91,2,35,91,2,42,88,2,2,27,1,56,4,1,33,48,91
1,1,22
13,4,13,21,70,87,4,17,29,33,84,3,17,24,56,3,8,10,19,3,72,86,94,1,95,5,20,27,37,39,48,2,6,27,5,23,27,46,76,94,4,23,27,44,61,6,11,29,54,67,76,95,3,0,60,61,4,23,55,70,73
12,2,38,70,3,64,70,92,4,8,14,70,97,1,44,5,28,67,78,91,94,5,10,32,55,71,91,2,46,61,6,8,20,34,67,78,79,5,3,27,33,34,80,5,20,22,23,91,94,4,1,20,83,91,4,30,67,84,91
8,4,5,22,72,94,2,1,46,3,2,72,84,5,7,8,17,46,61,1,28,1,33,1,1,1,1
6,2,59,98,3,2,26,39,2,3,29,2,63,69,3,10,32,46,2,2,28
4,1,72,1,28,1,7,1,70
10,6,10,26,70,90,91,93,4,2,52,70,94,6,6,62,87,91,93,95,2,4,61,5,17,33,34,45,91,5,19,23,32,39,46,5,22,27,46,61,84,8,1,2,9,17,20,28,41,57,7,34,45,46,54,61,65,70,6,5,9,17,44,70,75
7,2,27,70,1,11,1,87,2,30,98,1,69,4,32,75,80,91,2,39,42
16,3,28,61,91,1,67,1,52,1,8,3,29,45,91,1,29,1,7,1,52,2,2,45,2,45,59,4,20,34,46,90,1,41,2,61,70,2,20,91,3,0,33,52,4,28,45,67,75
3,1,20,2,35,66,1,67
11,4,8,33,75,92,5,3,45,61,70,91,5,56,61,72,87,88,7,1,5,35,44,45,61,69,9,2,4,17,19,22,27,28,42,45,7,2,17,26,34,56,61,91,4,17,68,72,91,3,52,77,91,9,0,5,22,26,34,42,45,63,98,4,2,42,45,61,6,23,27,52,61,68,71
9,2,34,84,1,69,2,17,98,1,67,3,2,37,45,1,0,1,66,2,8,18,1,72
14,6,27,52,61,75,79,84,7,32,34,41,45,70,87,94,6,7,20,42,65,70,90,5,8,25,69,70,76,3,65,70,73,4,8,60,85,89,7,4,59,70,81,82,84,91,4,2,43,52,70,6,5,7,34,70,91,97,3,52,69,70,5,1,8,46,60,99,5,2,3,7,21,70,5,45,52,67,84,87,4,33,34,50,54
7,5,29,70,75,90,91,4,4,8,27,61,5,19,20,46,78,91,3,54,62,72,7,24,28,29,49,54,57,93,5,25,46,52,62,70,3,3,45,91
5,3,66,68,70,1,71,1,91,1,44,1,21
10,3,4,91,94,2,45,52,4,8,30,44,66,2,3,29,1,5,1,45,3,20,27,56,2,45,61,1,91,3,27,45,79
8,5,2,27,30,87,89,9,0,4,16,28,29,32,57,70,91,2,27,65,4,5,8,44,99,3,1,59,83,4,2,3,8,70,4,1,28,69,70,2,66,67
13,2,23,34,1,62,3,5,19,33,3,8,32,33,2,41,69,1,52,1,34,1,61,2,33,79,3,52,95,98,1,62,4,5,17,70,73,1,79
6,3,23,54,72,4,20,27,62,70,5,2,17,45,52,69,3,32,37,70,3,5,61,72,2,17,45
6,3,2,39,72,1,56,2,6,23,1,84,1,61,1,91
12,4,33,52,59,72,4,27,61,70,98,6,20,65,79,85,93,98,4,29,33,45,49,4,27,52,65,86,7,16,23,42,50,81,90,93,2,28,70,3,2,22,54,4,2,70,92,98,2,10,57,3,42,67,91,5,23,44,46,59,87
17,1,33,1,45,3,8,18,49,3,45,69,98,1,61,3,34,66,91,2,63,94,3,27,35,50,1,35,1,87,1,6,1,24,1,29,2,41,79,1,27,2,27,61,1,70
7,4,17,22,33,87,2,27,66,3,29,85,91,1,27,1,61,2,56,91,1,19
7,3,19,20,91,2,61,93,4,2,65,70,79,4,2,23,52,91,2,45,88,2,5,17,3,44,83,89
8,5,8,11,35,42,97,1,42,1,99,2,3,90,2,24,45,4,2,17,45,52,3,6,29,62,2,20,23
9,3,20,33,87,1,33,4,22,41,61,91,3,27,78,81,7,8,27,32,42,45,84,85,1,64,4,50,62,70,94,4,17,35,56,59,2,16,91
8,3,2,17,76,4,2,19,22,90,2,27,29,4,1,10,29,36,3,1,24,69,4,63,70,75,89,4,8,34,45,52,4,27,42,45,50
7,2,17,28,1,17,1,84,4,23,70,89,91,3,64,78,79,2,90,97,3,8,42,97
8,3,3,42,47,1,70,6,26,28,61,63,79,91,3,20,34,90,5,2,6,27,46,70,3,61,62,91,3,29,70,71,5,2,29,34,84,91
7,6,11,35,42,59,76,90,3,46,61,88,2,5,78,2,2,94,2,70,78,2,8,67,4,8,37,38,42
7,5,22,23,28,78,91,4,3,45,70,98,5,6,28,41,49,70,7,19,29,35,40,45,68,72,6,19,20,22,72,73,94,5,1,2,33,85,90,5,20,31,69,72,91
6,1,17,1,61,1,70,1,7,3,17,72,91,1,72
10,2,45,91,2,23,92,4,3,24,68,79,2,50,70,2,56,70,2,79,89,2,22,72,3,47,91,94,2,29,75,3,3,8,27
8,5,3,19,20,70,94,3,17,49,61,3,54,68,69,3,15,23,39,3,49,79,83,2,32,70,3,19,27,70,3,22,31,70
10,1,97,2,28,32,2,27,42,1,27,2,3,98,1,91,1,24,1,27,1,49,1,72
12,3,46,54,56,4,50,70,75,93,1,33,3,17,42,52,2,34,48,6,32,34,44,61,91,98,2,5,52,4,2,8,27,54,3,3,17,59,3,56,91,95,5,22,27,42,90,91,2,28,59
4,3,4,34,38,4,6,45,86,88,4,28,50,63,93,4,28,33,56,98
10,2,27,91,3,46,52,91,1,80,2,45,87,2,2,35,2,4,45,2,8,50,1,65,2,24,79,2,7,66
6,5,12,27,59,78,84,5,41,46,54,61,91,3,39,76,91,3,2,11,35,3,29,66,70,3,1,56,61
11,6,24,45,46,48,56,91,3,62,75,91,5,23,42,56,90,98,5,5,6,24,27,62,2,33,95,4,52,59,65,95,4,27,55,59,65,6,2,27,54,69,78,90,3,6,88,89,3,1,24,41,3,3,22,28
15,3,5,33,70,4,41,66,78,90,3,25,29,70,3,42,44,70,5,52,57,59,78,95,3,29,36,39,2,79,90,3,32,69,91,1,45,3,20,70,79,3,34,45,52,1,24,3,1,44,90,2,34,90,3,32,57,70
11,3,23,28,44,7,4,56,59,75,86,91,97,5,8,19,42,44,75,4,17,22,39,91,3,7,39,70,8,3,4,20,39,44,66,78,84,5,27,33,45,56,97,5,2,32,33,39,91,4,17,25,42,64,3,23,61,67,2,91,97
14,2,62,80,5,33,46,70,75,95,3,4,52,94,2,66,90,4,5,27,49,86,6,1,2,5,8,50,91,4,8,46,57,98,2,6,44,3,45,46,87,1,62,3,17,23,32,3,17,61,81,3,46,70,90,3,17,79,84
7,1,5,2,4,70,1,92,2,29,34,1,61,1,59,1,17
11,2,17,39,4,43,57,62,90,2,44,57,1,5,3,31,70,75,3,21,23,33,2,65,92,1,79,2,44,91,2,24,45,4,20,23,44,45
5,2,3,52,3,17,61,83,3,25,70,97,2,29,80,3,54,98,99
10,2,2,91,5,22,41,46,49,91,3,8,45,95,2,23,29,3,8,54,67,5,4,8,56,91,95,2,2,94,3,22,27,70,5,20,22,42,84,90,2,17,70
10,5,0,50,52,56,87,2,46,91,4,17,24,42,91,4,2,17,77,91,5,2,8,20,57,70,5,8,20,35,45,46,3,1,29,70,4,27,66,89,91,3,5,45,68,1,70
9,5,2,23,52,69,91,3,17,32,49,3,30,33,67,3,41,54,93,2,27,64,5,23,32,90,92,98,2,22,35,2,2,91,3,27,84,91
10,2,27,61,3,4,28,65,3,33,78,84,3,46,61,91,4,5,45,76,91,3,20,45,72,4,2,28,52,94,3,29,34,43,2,54,72,2,29,76
9,4,0,42,62,94,2,34,45,2,17,70,1,54,2,56,81,1,93,2,22,34,1,32,5,5,8,42,45,62
10,3,3,52,70,4,1,2,70,94,2,5,27,3,54,66,94,2,27,52,3,10,70,91,5,24,28,34,46,91,2,23,76,1,42,3,52,59,72
9,2,2,99,3,22,52,94,4,20,23,45,69,1,5,3,3,5,67,2,41,91,3,8,70,91,2,39,91,2,0,29
14,6,14,54,66,75,91,99,2,39,61,4,29,54,61,83,3,5,62,90,4,28,30,42,91,2,54,70,3,5,44,91,6,5,33,52,61,72,79,4,56,69,70,87,7,8,14,23,37,45,69,98,3,2,27,78,2,8,28,1,91,4,7,70,81,94
9,3,5,42,78,4,20,22,52,61,1,70,1,83,1,27,2,27,90,4,5,27,42,44,3,6,91,98,4,70,83,95,98
4,1,24,1,56,1,2,1,66
6,1,45,2,37,52,2,15,87,1,91,2,5,79,1,6
10,4,54,55,78,89,1,91,2,83,84,2,6,32,2,61,75,3,2,8,54,3,5,44,45,1,8,2,61,90,2,35,49
10,4,33,38,70,98,3,28,56,67,3,70,78,80,4,27,29,59,91,2,30,98,4,46,75,84,94,2,33,84,4,11,46,70,84,3,5,89,91,5,2,44,61,70,84
2,1,47,2,34,90
6,1,75,3,28,46,65,1,61,3,17,45,79,2,5,91,2,34,97
6,1,42,1,0,1,73,2,8,75,2,10,19,2,70,91
8,2,87,91,4,3,18,29,65,4,5,24,75,98,5,5,27,34,66,84,2,2,84,5,5,28,61,82,91,4,3,30,45,70,7,37,41,52,61,70,83,91
9,4,8,76,87,91,5,2,33,37,39,70,5,17,45,66,67,82,5,10,20,29,72,91,3,25,26,71,6,1,2,5,7,78,91,6,3,4,34,52,70,91,5,24,45,52,71,91,6,1,2,8,22,45,90
6,2,91,93,2,23,29,2,17,67,3,22,24,91,5,1,5,42,45,70,2,70,98
6,6,23,29,35,59,61,81,6,5,29,30,49,90,93,4,34,52,79,94,5,20,27,44,61,78,5,39,44,56,61,95,1,42
7,1,14,2,56,71,2,35,80,1,2,2,0,61,2,7,20,2,1,90
6,4,5,39,41,84,6,3,22,46,61,67,70,4,5,20,27,79,6,10,23,29,79,89,91,4,34,38,42,90,4,7,13,27,42
10,3,2,8,70,1,91,2,45,91,2,4,44,2,32,83,2,32,84,1,53,2,32,61,5,5,23,61,79,91,2,23,90
4,2,2,39,1,46,1,82,1,49
14,4,54,67,70,91,2,42,84,1,42,3,45,78,91,1,23,3,43,61,98,1,72,2,28,52,3,2,20,29,1,28,1,20,2,1,50,1,83,1,84
5,3,8,86,93,2,2,35,2,2,49,3,17,22,46,3,2,20,22
5,1,26,1,17,2,34,64,1,91,2,37,77
9,6,23,52,61,93,94,99,4,33,68,70,79,5,3,8,70,83,91,2,30,94,4,29,82,90,91,3,3,8,79,5,28,29,48,54,73,3,70,72,90,6,1,10,26,28,34,72
10,3,27,29,84,2,8,76,2,84,91,1,91,1,2,1,27,1,50,5,0,17,28,34,61,3,30,70,94,2,45,52
8,2,5,27,4,11,57,70,84,2,5,57,5,8,20,23,78,91,3,2,26,27,5,35,41,45,56,97,3,29,70,91,3,2,5,83
9,4,19,44,52,79,6,16,23,32,45,52,84,3,37,91,95,6,2,20,47,62,66,91,4,22,29,44,45,4,28,32,34,90,2,2,94,4,2,26,42,45,3,45,49,92
7,3,5,28,91,3,3,59,84,3,30,72,91,2,27,34,3,2,70,71,5,39,56,72,84,91,2,46,72
6,2,39,45,2,27,35,1,27,1,29,1,42,2,61,90
9,3,69,70,97,4,2,42,70,91,2,5,69,4,5,33,42,50,2,90,91,6,6,17,42,56,90,98,4,44,45,52,99,8,2,16,23,24,33,42,45,79,4,22,30,79,86
12,2,46,70,1,28,2,45,69,2,46,70,1,91,2,61,91,3,17,27,45,2,41,84,2,8,79,2,3,46,3,2,39,42,4,9,17,28,91
14,3,52,61,66,3,41,45,91,4,33,46,72,95,5,45,56,72,91,97,9,23,45,50,56,67,69,70,79,98,3,52,90,94,2,3,45,4,33,50,61,67,4,35,44,49,52,4,24,27,72,84,3,3,54,91,6,7,52,59,66,84,91,4,8,42,65,66,2,59,79
5,2,2,27,4,17,27,45,62,3,45,63,78,4,0,22,42,52,3,54,56,91
8,4,35,46,61,80,3,17,91,98,2,2,3,2,27,43,2,44,70,1,61,1,34,2,13,45
11,2,52,61,3,4,11,90,2,17,46,2,13,91,6,23,42,61,68,84,91,2,29,70,2,70,91,3,5,17,93,2,1,8,3,52,66,67,4,2,3,56,70
8,1,37,1,23,2,17,89,1,34,1,91,1,29,3,25,26,77,2,5,45
6,1,17,1,59,1,91,1,50,1,19,2,52,91
11,4,5,8,11,45,2,34,94,1,3,1,50,3,70,71,89,2,23,27,3,61,87,91,3,2,50,61,1,63,1,56,2,0,42
9,1,52,3,54,55,89,1,65,3,5,84,95,1,32,1,75,3,8,41,70,2,61,64,2,35,69
6,5,37,46,49,79,97,4,1,21,55,70,3,1,45,70,3,0,61,71,2,16,95,4,28,70,90,91
9,1,91,3,45,59,69,4,2,19,23,54,3,57,61,91,3,64,70,87,1,27,2,27,93,2,2,36,1,90
10,5,10,54,55,89,94,5,20,26,57,70,84,1,32,5,17,27,69,79,91,2,2,52,3,8,45,75,4,8,16,17,45,3,35,61,94,1,22,2,69,90
13,4,2,26,35,70,6,5,8,45,75,79,82,5,0,35,54,59,70,2,20,91,3,49,69,94,4,2,3,27,62,3,45,50,93,3,42,62,91,4,8,46,48,57,7,1,45,52,61,64,84,85,5,19,26,27,52,93,2,33,34,4,30,33,45,94
11,5,5,8,33,70,79,3,28,62,72,3,2,45,91,4,23,24,57,84,2,75,93,1,90,3,61,75,91,3,34,61,90,3,5,8,22,3,1,52,57,3,19,42,61
13,4,2,39,72,84,2,54,56,3,2,31,46,3,45,76,91,3,50,69,70,6,4,44,49,69,70,99,2,28,78,2,41,67,1,57,6,0,8,21,27,79,94,3,2,26,39,1,79,1,45
8,7,8,17,22,46,54,91,94,6,14,22,45,69,75,91,8,2,5,8,16,17,19,57,84,4,22,28,45,91,6,3,8,33,52,68,94,7,6,22,27,61,62,64,79,5,2,39,42,43,94,4,14,39,72,91
9,3,33,45,72,3,61,84,87,3,5,22,75,3,46,61,73,2,45,56,3,17,46,49,3,10,34,91,3,2,27,93,4,5,27,52,84
13,5,20,23,27,50,52,3,23,54,62,3,23,30,33,2,50,83,3,50,79,83,3,5,17,70,5,8,56,57,73,84,1,44,2,24,91,2,39,50,3,72,86,91,2,90,98,2,5,61
13,2,45,52,4,28,37,52,61,4,7,10,15,87,6,8,10,11,27,63,91,4,5,70,79,95,3,2,6,75,5,17,22,42,70,92,2,24,33,7,20,42,43,62,66,79,91,3,44,59,70,3,22,52,94,2,2,69,4,8,45,54,75
10,1,54,6,11,26,62,64,70,90,4,21,27,52,98,3,5,17,35,4,3,16,34,45,6,42,44,52,65,88,98,5,27,44,52,69,98,4,20,29,33,52,4,17,20,56,93,4,17,48,63,68
9,1,45,1,17,3,22,23,90,5,6,10,27,54,93,4,27,28,34,61,2,94,98,3,25,62,90,3,0,62,91,3,26,34,52
5,1,33,2,36,70,1,27,1,98,1,90
7,4,28,42,81,97,5,2,61,67,80,94,3,0,8,79,4,29,46,49,83,3,17,59,98,6,8,28,61,69,79,84,4,8,24,52,91
4,1,46,1,29,4,14,33,35,79,1,66
11,2,32,95,3,8,54,61,5,28,42,46,81,93,2,91,97,4,2,54,91,94,3,3,17,57,3,46,59,91,2,34,45,1,52,3,17,84,91,3,20,52,57
9,1,94,2,23,42,1,91,2,2,91,2,70,91,1,2,2,27,33,1,42,1,76
10,4,43,69,70,91,3,3,59,63,4,8,29,34,90,2,59,84,2,3,71,2,35,70,3,2,40,91,3,2,5,45,3,42,54,90,1,26
11,2,2,54,3,28,45,91,2,45,87,5,25,47,56,70,91,6,17,34,45,70,90,92,2,24,91,5,28,35,78,91,99,1,70,2,50,91,3,3,19,91,5,48,49,50,70,79
10,3,27,28,84,4,17,20,75,80,3,25,52,99,2,3,29,4,45,84,94,97,4,17,70,84,87,3,28,42,84,4,6,8,18,72,1,24,5,27,39,70,90,91
7,1,7,2,35,84,1,91,1,45,1,13,1,29,2,44,61
8,3,23,56,83,3,34,61,80,1,27,2,4,6,4,8,27,54,75,5,27,32,42,46,49,5,27,29,39,45,91,1,20
3,1,76,1,32,2,17,71
7,1,61,1,63,2,19,50,2,41,62,1,23,3,25,34,66,2,64,71
5,2,26,52,1,87,2,5,91,1,45,1,65
9,1,22,3,33,83,99,4,17,23,33,66,2,48,57,3,4,5,94,3,17,19,27,2,35,91,4,1,17,30,89,6,2,26,29,39,52,56
6,3,33,70,91,2,23,33,3,3,4,91,1,29,1,8,1,91
3,2,8,29,1,76,1,23
13,3,54,70,93,3,2,35,93,4,3,8,11,80,5,0,1,8,17,83,4,8,34,72,98,5,34,42,45,67,91,2,27,56,3,2,34,45,3,8,27,75,2,10,76,1,28,3,24,79,84,2,43,61
9,2,3,52,3,43,70,91,5,33,59,87,91,97,2,27,54,2,2,70,2,20,61,2,5,27,2,63,67,2,27,62
7,1,62,1,57,1,34,1,35,4,45,46,75,91,1,84,2,24,91
7,3,5,27,90,5,2,8,35,56,71,4,2,24,28,62,3,0,45,54,3,20,91,98,2,10,68,3,39,50,79
4,1,34,2,2,73,4,8,44,82,91,3,35,41,70
9,4,18,20,80,91,2,17,38,2,34,45,2,5,87,2,70,84,4,10,17,61,68,2,47,70,3,27,51,65,3,20,75,90
6,1,52,1,65,1,5,1,91,2,41,70,1,64
7,1,61,2,69,70,1,85,1,70,1,42,1,79,4,6,8,66,72
10,3,13,54,90,2,7,13,3,0,80,91,2,35,45,2,2,35,2,52,87,2,26,32,2,5,61,2,14,54,1,49
5,2,20,80,3,70,91,97,2,3,91,1,17,2,8,90
5,6,22,24,34,62,71,73,7,23,28,49,62,67,78,95,4,17,57,79,87,5,1,27,69,89,91,4,28,30,33,67
12,3,1,29,45,1,75,2,17,97,4,2,35,46,90,3,70,72,99,3,7,52,70,7,2,5,8,18,56,66,91,3,13,61,72,2,22,72,3,28,45,54,3,8,29,39,3,66,69,87
5,1,38,1,1,1,41,1,91,2,17,39
5,3,8,17,46,2,1,56,2,45,94,2,5,54,1,4
10,1,94,1,34,2,75,89,2,95,99,2,10,29,5,5,49,60,93,99,2,2,89,3,27,29,54,3,39,61,70,2,56,61
6,3,5,42,81,2,46,94,2,46,84,1,56,4,17,32,50,98,3,57,61,66
7,2,2,49,2,8,70,4,24,42,61,87,2,0,90,3,1,45,91,1,20,1,90
5,2,42,94,3,17,29,87,5,1,7,50,54,84,2,19,50,4,45,59,70,91
9,3,23,32,88,5,24,46,52,75,91,2,28,46,2,27,70,2,4,98,2,44,53,3,39,79,91,3,17,56,68,4,20,27,91,94
7,2,35,61,2,45,69,2,17,28,2,84,91,3,62,70,79,3,18,26,27,3,27,57,70
7,2,8,45,3,35,56,91,1,71,3,44,75,98,1,5,2,8,97,2,26,91
10,3,22,27,89,3,52,70,75,3,8,45,91,2,63,91,2,32,94,3,46,61,70,2,17,26,6,17,45,70,83,90,98,3,27,28,42,3,24,45,79
10,1,8,2,28,42,3,11,35,91,3,19,82,91,2,10,61,3,17,50,79,4,3,49,91,97,2,17,45,3,52,61,70,1,29
11,4,27,29,91,94,3,2,3,93,5,27,32,35,84,95,1,35,5,8,17,26,28,41,2,25,94,4,19,20,70,91,3,3,23,67,3,35,95,98,5,27,34,87,91,97,4,3,42,50,59
7,6,28,41,54,55,61,89,3,22,84,90,4,8,28,61,64,3,17,27,91,5,5,59,61,75,81,4,15,56,90,91,4,52,61,70,97
5,1,27,1,69,2,69,91,3,1,60,82,1,71
5,3,8,17,19,5,29,45,70,87,91,4,2,19,93,99,6,2,16,20,23,28,52,4,10,45,46,89
14,1,20,4,5,59,71,84,4,5,34,45,78,7,3,22,30,45,69,75,91,4,5,76,90,91,5,4,24,48,70,71,3,6,8,18,7,2,27,35,50,56,76,90,4,24,27,42,52,2,52,70,3,50,80,91,1,29,3,39,52,78,4,27,45,61,94
7,2,14,52,1,3,2,22,44,2,23,72,1,62,1,90,1,1
9,7,1,17,19,28,30,63,70,4,10,42,66,75,2,29,84,1,91,1,68,1,19,2,52,70,2,64,83,1,80
11,2,35,70,3,2,8,20,5,1,67,70,79,91,2,30,46,2,64,91,1,79,2,27,91,2,5,45,1,18,1,91,2,27,66
6,4,22,29,70,87,4,27,34,37,42,3,29,72,91,4,3,27,82,90,3,20,61,94,4,48,56,78,91
8,2,70,98,3,20,52,91,4,29,32,62,91,5,34,43,45,90,91,3,43,56,91,4,17,29,45,54,3,27,59,79,4,2,66,90,99
10,1,84,1,61,1,62,2,27,91,2,2,27,1,42,1,3,1,34,2,29,72,1,6
10,1,28,2,42,75,1,84,1,86,2,3,91,1,71,1,29,1,6,1,64,1,91
4,1,70,2,82,93,1,39,1,34
12,5,1,19,39,65,90,2,61,98,3,10,32,61,3,7,90,91,1,63,2,2,94,3,22,67,83,2,7,13,3,5,45,78,1,91,2,3,4,1,2
8,3,29,59,84,4,45,50,83,89,3,54,66,70,3,45,48,70,3,8,46,91,1,30,2,32,39,2,34,98
9,1,84,2,27,52,2,52,70,2,2,61,1,91,1,83,2,45,54,2,70,75,1,98
7,2,28,67,4,2,17,45,50,2,57,91,1,27,2,27,98,2,28,75,1,91
5,1,42,1,39,1,91,1,8,1,56
15,4,27,34,45,70,2,20,29,3,5,48,71,3,32,35,91,3,6,23,67,4,2,39,50,75,1,28,1,83,3,27,42,89,4,8,46,72,90,2,2,82,6,45,54,56,62,72,91,5,1,19,20,49,91,4,17,45,67,97,3,48,75,83
8,5,5,16,61,75,91,4,35,46,62,66,3,2,29,39,3,0,42,52,3,8,22,90,3,23,26,91,3,27,48,80,3,0,42,84
12,1,41,1,5,2,17,61,1,34,1,91,1,54,1,77,1,28,1,66,1,10,1,27,3,46,67,70
3,1,27,1,70,1,23
6,1,91,2,11,90,3,17,20,78,3,17,35,66,1,30,1,67
8,4,19,25,29,61,3,45,52,72,5,27,78,84,87,98,4,28,42,45,75,3,17,82,93,3,26,42,70,1,46,2,42,45
6,1,30,1,72,1,57,1,5,1,1,2,2,90
3,1,82,1,17,1,2
6,3,23,33,34,2,0,42,1,17,1,91,2,8,39,2,54,91
8,2,7,34,2,42,61,2,27,61,2,36,90,2,42,66,1,45,2,22,27,2,52,93
6,7,8,25,27,30,38,70,91,4,3,42,46,75,9,2,27,28,39,49,54,78,79,91,3,21,75,98,2,28,94,4,1,6,45,71
11,2,24,67,3,17,23,87,2,57,79,2,32,91,3,33,62,87,2,19,29,1,27,1,98,3,8,50,98,2,70,93,3,39,50,91
4,1,17,1,3,1,84,2,37,45
14,3,32,35,67,8,0,49,54,55,70,78,89,93,5,1,32,61,67,84,5,14,27,32,54,71,5,5,17,32,42,65,4,3,42,75,79,4,8,23,42,99,4,59,61,90,91,2,34,93,3,27,72,81,6,10,19,28,30,42,94,5,5,43,56,70,94,1,29,3,8,21,64
8,3,33,34,61,3,54,56,95,2,45,69,3,8,33,90,3,3,20,27,2,32,67,2,84,98,3,27,59,79
9,1,80,1,31,1,64,1,91,3,3,13,27,1,22,2,28,67,1,20,1,56
9,1,85,1,78,3,3,22,90,1,41,2,2,66,3,1,64,91,3,2,65,69,4,8,66,78,97,2,80,90
6,3,42,44,94,2,28,91,1,45,3,14,42,91,1,98,1,22
11,4,28,61,67,68,3,27,33,79,2,61,91,2,27,41,1,2,2,62,80,3,66,91,93,1,59,2,24,91,2,8,56,2,29,98
9,3,8,90,92,4,28,63,91,94,2,46,70,1,70,2,4,70,3,17,42,91,3,17,26,91,2,23,98,3,22,42,84
10,6,17,27,55,70,72,84,3,25,27,80,2,0,91,3,1,50,91,4,0,33,70,94,4,3,5,34,54,3,25,61,62,2,17,84,1,43,3,3,27,70
8,4,3,5,17,62,1,94,2,54,87,4,17,46,70,98,4,22,42,45,83,1,8,2,5,45,2,29,44
8,1,94,3,54,69,70,4,23,27,70,91,2,92,97,2,39,45,2,3,59,2,27,44,2,11,61
7,3,34,62,70,3,56,70,75,2,54,78,3,33,50,98,4,2,54,57,59,1,39,3,0,61,91
9,1,5,1,62,4,45,56,59,91,2,33,70,2,22,34,2,27,79,2,23,57,3,7,75,84,2,46,66
11,6,8,23,27,50,57,87,3,4,6,68,4,2,49,52,64,2,52,65,9,5,17,29,46,52,70,71,87,91,4,61,65,70,79,4,20,62,91,94,1,13,1,52,3,69,70,87,3,39,70,91
11,4,0,52,83,94,7,5,27,52,61,65,90,91,5,6,8,14,24,42,5,2,3,20,23,34,4,30,33,91,98,2,33,42,4,5,70,75,78,6,17,30,37,61,66,91,4,28,30,61,72,3,45,46,87,2,0,83
13,9,1,19,27,45,46,70,76,91,92,4,0,8,34,41,9,7,44,52,62,66,71,84,87,88,8,1,5,24,27,45,50,75,93,7,24,38,39,44,46,70,91,6,2,20,25,28,64,94,7,2,8,19,45,61,66,84,7,17,27,34,44,54,72,78,7,23,62,66,70,72,81,87,6,24,33,34,49,84,90,4,27,33,91,97,4,34,45,71,91,10,8,27,35,39,50,54,59,66,73,94
5,1,87,2,2,17,2,8,52,5,18,27,34,35,66,4,22,27,45,70
9,3,8,27,84,3,2,30,32,1,24,2,23,78,3,23,28,90,3,39,84,95,3,2,5,42,2,5,52,4,10,52,65,98
11,2,78,91,1,33,2,29,70,1,70,2,1,72,2,20,73,3,17,32,91,2,54,65,2,0,56,2,1,32,2,45,89
11,6,0,2,17,27,71,91,2,34,87,2,3,49,3,42,61,90,3,25,72,83,3,65,70,79,3,45,72,98,1,91,4,69,75,89,91,2,5,70,3,70,91,98
9,1,91,2,89,99,2,34,91,2,17,70,1,91,3,5,54,79,2,45,57,3,3,42,87,2,23,59
11,3,45,64,83,5,19,27,45,70,91,1,17,2,52,98,3,10,68,70,3,29,70,92,3,24,34,70,3,24,45,49,3,33,70,99,5,11,33,42,70,90,3,70,95,98
10,1,34,4,29,35,49,61,1,42,2,61,89,2,39,61,1,99,2,2,61,1,29,4,1,5,90,94,1,62
11,5,23,34,70,72,83,7,3,13,27,32,70,78,99,6,29,41,42,61,69,91,2,28,79,4,45,46,70,83,3,35,45,52,4,5,42,50,54,4,27,87,91,94,7,5,20,23,27,29,32,84,3,79,87,91,7,33,57,61,66,70,84,94
10,4,39,41,42,98,3,35,78,79,2,20,91,3,2,8,22,4,8,30,42,84,3,3,8,26,2,21,39,4,34,46,62,70,2,43,70,3,4,7,70
9,3,5,80,84,1,61,3,45,66,94,3,65,90,91,6,0,25,27,64,70,87,4,23,70,75,98,3,0,52,89,4,26,42,49,52,2,4,24
7,2,52,91,1,91,2,28,91,1,91,1,52,1,35,2,70,98
5,1,75,1,46,2,52,93,1,23,2,8,89
11,2,5,75,1,70,4,2,11,35,94,1,67,1,44,1,72,3,2,23,70,3,5,66,71,5,34,45,46,54,91,2,4,23,1,45
9,3,3,33,34,4,2,29,69,70,3,17,28,75,3,62,84,94,3,0,27,89,3,54,62,70,5,4,26,27,43,54,5,27,42,46,84,90,3,70,82,84
10,4,17,29,76,91,3,20,37,64,3,27,52,57,3,5,49,76,1,70,2,61,91,5,0,5,27,52,88,3,23,70,98,2,8,75,2,4,52
10,3,20,29,38,1,59,7,27,28,33,61,81,87,98,4,3,62,70,84,6,45,72,84,91,98,99,5,1,2,17,73,90,6,34,45,52,62,64,79,5,6,18,41,70,72,5,34,35,62,70,91,7,1,2,6,33,45,54,61
7,1,90,2,2,34,2,45,52,2,32,84,3,50,52,93,2,0,65,2,5,28
10,4,3,27,33,94,3,23,61,90,3,23,39,69,3,44,54,91,1,86,3,27,66,90,3,22,42,83,2,70,91,3,34,50,73,2,8,27
7,1,22,1,61,2,3,69,1,17,1,17,2,5,6,2,75,83
12,1,45,2,4,92,3,3,67,70,3,24,79,87,2,8,76,1,72,2,75,97,2,59,97,2,23,93,2,27,91,2,2,98,2,50,91
5,1,8,1,54,2,5,46,1,0,4,19,29,33,52
10,3,8,90,98,1,98,4,14,50,59,67,2,17,24,1,59,1,17,2,45,68,1,29,2,27,98,1,91
7,2,23,62,2,5,29,1,78,3,34,44,70,1,91,1,27,2,27,61
6,7,3,29,42,46,67,75,90,7,8,22,29,45,54,57,70,8,17,20,29,32,50,66,89,91,7,1,23,27,42,50,68,72,4,17,20,67,88,8,34,39,44,61,78,84,87,94
7,3,20,89,91,4,0,17,28,87,3,17,32,83,3,3,8,27,3,27,75,98,3,5,23,91,4,8,34,44,82
7,1,54,1,91,1,91,1,77,1,45,2,5,27,1,27
11,4,34,52,78,91,6,27,45,46,50,52,55,4,24,45,46,91,5,1,49,50,52,66,1,7,6,41,42,50,57,60,98,2,2,78,4,27,46,67,72,6,8,10,33,39,70,91,4,22,33,35,61,5,6,50,65,67,91
8,4,8,18,69,91,3,42,75,89,2,50,79,4,2,16,34,91,3,35,45,65,3,11,31,71,7,27,45,70,75,90,93,94,4,35,42,83,84
11,1,45,1,27,1,29,1,47,2,72,93,1,35,1,59,1,94,1,35,1,67,1,8
6,2,78,90,4,26,39,91,97,5,2,27,28,44,72,3,21,34,61,5,30,34,46,52,95,4,24,84,91,93
8,3,61,84,91,1,28,3,5,61,79,1,49,1,45,1,49,1,6,1,66
9,3,33,59,84,6,8,42,45,50,61,89,3,33,57,59,1,69,6,2,23,39,59,70,91,3,45,71,93,3,32,79,91,2,69,89,3,34,41,54
4,2,4,91,2,13,41,1,85,1,70
6,3,7,29,70,1,28,3,52,66,89,3,10,27,64,4,1,50,70,79,2,34,97
9,1,27,2,7,68,3,5,22,91,2,39,70,1,33,1,29,2,61,82,1,27,2,2,29
6,3,27,59,75,3,2,3,64,4,3,35,39,70,3,1,91,94,3,20,50,99,4,8,23,55,59
3,2,34,93,2,39,91,1,45
8,3,23,32,33,4,27,28,72,79,2,50,84,4,22,32,38,69,5,1,8,25,39,91,3,79,90,98,1,70,3,34,45,91
11,3,2,20,94,1,98,3,56,62,75,2,89,91,2,6,45,1,46,1,17,3,67,76,84,4,1,45,57,91,3,32,61,72,4,3,6,64,91
9,4,24,27,52,71,3,26,72,87,3,70,76,98,4,2,23,46,87,2,59,70,2,8,32,2,2,69,2,29,32,3,2,20,91
10,3,8,91,92,5,22,24,38,63,91,4,3,5,49,93,4,2,5,57,78,4,17,26,27,98,1,84,4,3,20,56,61,3,34,61,98,5,9,21,64,75,90,4,6,24,45,67
3,2,26,61,2,75,91,2,8,61
9,1,45,2,71,99,5,5,45,54,66,78,2,20,29,2,20,23,2,3,91,2,71,91,2,27,79,2,0,72
8,6,2,14,54,61,70,91,3,70,75,89,4,3,69,89,91,7,1,32,42,61,84,97,99,3,77,90,98,7,24,28,43,46,50,65,94,3,32,45,91,5,30,45,59,79,87
12,3,1,8,27,2,22,59,6,17,33,34,73,87,98,3,2,52,94,2,2,7,4,27,28,42,91,4,32,78,89,90,3,10,26,52,4,2,42,52,82,3,8,20,61,2,50,91,2,28,29
5,3,8,35,67,3,17,62,71,2,27,98,3,69,72,90,2,37,59
6,4,2,62,70,99,2,24,94,4,11,20,59,90,3,8,39,91,5,30,50,52,66,98,6,0,5,8,61,64,91
12,2,61,69,4,23,27,35,67,4,17,45,75,84,4,20,23,28,93,5,26,45,52,61,90,4,27,56,75,91,2,30,47,6,5,14,27,33,54,57,4,1,33,39,91,5,1,28,45,50,70,7,5,17,29,33,46,63,91,4,28,67,91,94
6,1,95,1,19,2,46,84,1,83,1,76,1,1
12,1,70,2,61,63,2,45,80,1,56,3,2,62,90,3,5,61,70,4,34,44,45,83,2,25,91,4,27,43,54,94,3,24,56,75,3,22,91,98,2,44,72
6,2,46,91,1,76,2,41,90,3,5,52,88,2,14,91,2,70,75
9,5,32,54,62,75,89,4,59,69,76,92,5,2,7,62,70,73,5,2,5,62,78,84,3,5,19,23,5,5,49,52,57,93,4,27,34,45,91,6,17,33,59,67,70,91,7,3,17,39,42,45,61,94
7,1,1,1,54,1,61,1,3,2,32,80,1,91,1,5
14,3,1,33,65,2,32,56,5,20,45,69,75,78,3,5,71,90,1,3,2,3,94,4,2,39,67,78,1,84,2,20,61,2,44,52,4,11,45,69,97,3,46,70,89,2,59,83,2,29,66
6,3,5,24,34,4,28,30,52,75,1,87,3,27,52,59,3,70,83,84,2,61,89
14,3,35,76,79,1,91,1,34,3,23,27,70,5,2,42,46,61,88,2,8,94,2,45,67,2,37,42,1,45,1,27,2,5,84,2,6,79,1,2,1,17
4,1,83,1,70,2,30,91,3,17,27,39
7,1,84,1,39,2,23,91,1,61,2,42,94,1,64,1,61
5,2,2,38,1,70,2,59,67,2,3,27,1,94
14,3,2,39,72,3,56,91,94,1,91,6,16,23,28,42,52,67,3,54,62,70,3,61,65,67,2,39,52,3,5,75,82,2,61,78,3,45,49,70,5,2,19,22,44,61,4,5,91,94,98,2,7,57,2,19,49
6,4,2,17,39,72,1,56,2,42,72,1,3,1,45,1,91
5,1,27,1,61,2,1,5,2,0,50,2,42,54
10,3,3,41,80,4,17,62,90,98,2,8,59,2,35,49,2,2,17,3,34,61,70,1,84,3,5,52,56,5,10,27,62,70,93,3,22,39,61
7,4,17,20,64,94,2,14,26,3,39,45,61,2,70,91,3,7,19,85,3,52,72,91,4,8,17,65,80
6,3,23,45,52,4,50,54,83,91,3,17,34,94,3,8,32,44,3,39,75,82,4,10,35,91,94
8,2,34,39,2,7,91,1,78,4,39,41,82,91,2,23,76,2,5,45,2,85,94,3,5,22,31
2,1,72,1,28
14,4,2,8,42,50,2,29,79,3,70,75,91,4,19,24,54,87,3,61,97,98,3,2,35,61,6,1,27,59,67,68,94,5,2,3,5,24,84,3,17,20,27,2,45,54,3,34,39,94,4,6,29,63,79,6,33,69,72,81,91,98,4,3,8,45,65
8,4,5,33,70,89,8,8,17,30,46,57,66,87,91,5,8,25,34,57,79,3,17,42,66,4,2,5,17,70,2,1,91,4,2,19,27,62,3,1,8,34
7,3,42,79,91,4,5,70,73,98,4,8,72,79,91,7,4,45,46,57,61,66,70,4,23,45,70,93,3,3,29,79,2,25,35
11,2,29,91,1,70,3,1,8,69,2,20,79,3,17,49,91,3,33,54,67,4,14,27,54,87,1,39,2,19,70,4,22,27,70,91,4,2,70,94,95
5,1,45,3,6,94,98,1,32,3,15,87,90,1,70
10,4,2,18,23,72,1,91,3,28,45,52,1,27,5,27,28,35,59,84,4,3,35,42,56,4,3,28,30,52,4,27,34,72,91,2,28,62,3,8,70,75
7,6,5,46,54,70,87,91,8,8,20,23,26,29,30,91,93,8,2,20,22,44,45,46,52,86,5,24,45,52,61,70,5,17,27,61,70,89,5,17,29,34,35,41,6,26,46,52,70,83,91
7,6,8,32,34,70,75,91,6,17,27,33,69,84,97,3,5,33,79,6,8,28,35,45,91,95,8,3,5,10,34,39,56,66,91,3,1,11,19,3,5,94,99
6,1,84,1,94,1,94,1,89,1,32,1,91
5,2,2,70,2,22,90,2,29,91,1,36,2,69,91
9,4,35,69,76,99,3,17,61,62,4,2,45,72,84,6,2,32,34,78,80,97,5,33,34,45,72,91,4,2,17,23,91,2,10,62,2,22,91,5,28,42,45,57,80
6,3,1,50,87,1,3,2,54,70,1,66,2,27,70,4,3,5,10,82
7,4,32,42,44,66,4,2,3,42,91,3,13,27,75,4,38,70,91,94,4,2,27,53,91,5,28,32,61,90,91,3,5,13,30
7,2,72,79,2,0,75,1,45,2,1,52,1,19,3,30,50,94,1,4
11,3,2,54,91,3,8,27,72,3,8,34,97,1,7,3,27,35,42,1,54,4,8,19,24,26,1,25,2,3,70,5,15,27,45,50,56,5,6,8,33,59,66
5,1,75,3,26,45,61,1,70,1,45,1,28
13,2,23,91,2,56,66,2,20,80,1,73,4,5,8,20,97,3,17,25,83,2,27,67,2,4,25,1,3,3,35,46,90,4,5,70,80,91,1,17,1,68
8,5,0,3,5,27,50,3,24,27,94,4,17,57,70,75,3,10,70,91,2,10,45,3,23,29,70,4,8,20,90,91,3,16,32,68
7,3,2,5,52,2,70,91,1,87,2,27,94,2,27,70,1,61,1,5
7,3,32,52,76,2,61,87,3,52,56,90,2,56,98,3,61,70,91,5,8,46,66,78,87,3,2,61,71
2,1,46,1,70
3,2,33,79,1,45,1,32
6,2,12,27,1,91,2,54,70,1,72,4,2,8,91,98,2,35,91
6,1,8,2,22,61,1,75,3,8,17,71,1,42,3,30,91,97
8,1,65,1,93,2,35,83,1,91,2,3,17,1,26,1,91,2,16,39
13,5,7,29,45,69,91,5,20,27,44,52,98,6,5,28,29,41,72,78,1,69,6,17,42,45,61,75,80,1,17,3,17,34,67,6,26,61,66,70,84,91,3,11,54,91,3,61,70,90,2,52,70,5,22,50,61,64,70,3,52,90,91
8,1,42,1,72,1,70,1,93,1,75,2,39,75,2,44,50,1,91
9,4,2,18,23,84,2,79,86,2,7,91,3,27,45,75,4,35,45,62,97,1,29,2,7,30,1,28,3,8,46,91
6,1,25,1,61,1,8,1,61,1,27,1,0
10,3,2,69,99,4,52,70,91,93,8,5,8,26,45,49,52,54,93,3,0,63,85,1,42,3,2,4,70,3,33,66,90,1,17,3,27,42,93,4,56,90,91,95
8,1,45,1,47,2,70,98,1,45,1,44,1,5,1,44,2,91,94
10,4,1,52,69,91,2,23,97,3,17,48,70,1,27,1,35,2,5,83,1,66,3,2,56,61,1,91,1,98
3,1,61,1,33,1,61
3,2,75,82,2,2,39,1,27
11,1,32,4,33,34,91,93,4,3,23,34,61,3,8,25,56,6,3,61,75,78,89,91,4,8,17,52,54,5,10,22,44,48,91,6,17,28,33,39,75,91,6,23,27,45,56,61,91,3,17,33,34,1,27
10,4,32,50,61,68,1,5,1,8,1,26,3,23,39,90,2,5,19,6,1,27,32,39,70,91,5,3,27,70,91,94,2,2,3,3,18,76,91
11,2,61,70,2,27,70,2,39,90,2,1,5,5,6,13,23,61,91,7,0,27,28,34,39,70,81,2,70,76,3,0,45,91,3,61,90,94,2,79,91,3,3,61,91
6,3,27,29,94,3,4,20,70,2,17,45,4,59,65,79,89,4,10,45,56,62,3,23,27,45
6,1,93,2,27,62,1,17,1,34,2,26,70,1,35
9,2,5,13,2,42,67,2,8,61,1,39,1,27,1,91,2,8,31,2,4,91,2,8,70
7,5,8,23,35,70,90,3,27,54,79,5,3,34,70,90,99,7,3,5,39,56,61,65,90,6,2,20,52,73,86,90,3,28,56,61,3,56,65,70
6,4,8,46,59,91,3,70,72,91,5,28,45,52,69,88,1,50,3,66,67,93,1,46
4,2,43,69,1,1,2,28,62,1,42
8,3,23,34,94,4,14,45,46,94,1,49,4,23,27,70,91,3,35,44,91,5,33,39,79,86,99,3,2,26,50,3,20,52,66
9,1,90,1,88,1,27,2,44,46,2,35,54,1,80,1,70,1,3,2,38,59
3,2,2,27,1,52,2,64,91
9,1,66,3,8,13,42,2,70,91,2,8,84,3,27,50,67,4,35,75,87,98,2,42,46,1,90,3,1,44,50
13,5,2,20,32,61,90,4,3,14,84,86,1,45,2,7,90,4,4,27,33,61,7,17,27,28,38,70,86,94,1,91,4,3,35,38,45,6,2,50,70,72,80,82,4,33,45,52,91,3,18,33,63,5,22,45,56,72,83,3,5,56,70
10,5,23,29,30,54,90,2,32,70,4,27,29,52,70,3,22,34,42,1,72,2,46,78,5,0,8,34,44,90,2,52,91,1,20,4,34,45,79,94
10,2,20,29,3,1,42,94,3,20,71,93,3,42,49,78,2,5,78,9,3,17,22,27,34,45,61,69,91,3,61,70,71,3,33,42,61,4,2,20,70,90,2,42,52
10,5,7,9,68,76,91,4,2,17,45,61,4,17,54,71,91,2,8,45,4,10,44,52,98,3,5,49,93,2,85,94,7,22,24,27,50,61,63,91,4,3,57,75,91,6,14,27,56,70,75,90
7,1,2,2,45,80,2,70,91,2,28,66,1,79,2,42,61,1,50
8,4,2,3,90,91,3,8,70,91,4,27,41,57,61,2,2,67,6,32,45,52,71,89,91,6,2,3,10,20,56,94,2,2,67,5,50,68,78,79,98
7,4,20,23,84,89,1,34,4,23,61,87,94,4,3,4,28,72,1,67,2,62,90,4,45,59,81,91
3,2,43,62,1,70,1,84
3,2,23,25,1,17,3,22,23,91
7,1,76,1,91,3,59,90,94,2,6,91,2,23,46,2,91,94,2,14,33
9,2,2,28,3,22,41,91,3,17,69,91,1,4,3,5,34,84,2,57,61,4,39,54,62,72,2,8,45,2,5,94
6,1,17,4,28,33,45,46,2,18,25,2,50,66,3,5,10,91,2,46,70
14,1,45,1,85,2,22,50,2,1,45,2,27,79,2,69,91,2,61,72,2,31,33,4,5,7,34,79,1,80,3,3,61,98,2,22,70,1,70,3,2,61,70
10,2,42,52,2,2,8,2,8,84,4,30,34,47,91,3,3,67,78,1,91,1,90,4,29,59,70,94,3,2,3,5,2,45,61
9,4,5,17,34,50,2,5,34,4,23,27,71,94,3,59,65,91,4,27,61,75,80,4,5,19,70,84,4,5,39,70,84,4,15,70,83,95,8,0,16,23,42,46,52,59,94
10,4,24,33,49,94,3,17,44,54,4,49,54,61,94,4,1,45,69,89,5,10,23,34,78,91,4,5,27,50,98,3,3,22,24,1,6,4,0,2,50,57,4,66,70,95,98
7,5,5,22,23,24,72,5,27,29,32,39,59,6,19,29,32,75,90,91,2,8,93,4,7,28,89,91,2,26,27,3,1,39,44
6,1,61,3,35,75,94,2,62,70,3,5,20,91,3,27,43,45,1,34
8,2,5,81,1,29,2,27,94,2,45,52,1,29,2,17,34,2,6,91,1,91
9,7,3,8,27,54,62,67,81,6,2,27,45,50,70,91,2,8,91,2,29,34,1,32,4,22,23,45,72,4,14,54,59,91,4,20,28,94,98,4,38,70,79,80
4,1,87,2,4,25,1,17,1,93
13,4,45,54,70,75,5,2,20,23,27,42,4,8,42,59,70,5,8,17,20,33,45,3,45,54,70,4,2,24,35,55,3,5,56,61,5,15,17,66,84,94,4,8,26,52,80,2,42,47,4,42,43,57,61,4,22,67,87,91,4,3,29,44,50
9,2,91,94,1,61,4,35,61,70,88,2,2,91,2,3,54,1,27,4,8,10,46,67,3,3,44,54,2,6,85
5,2,50,94,1,57,2,1,45,1,4,1,94
9,3,17,62,91,3,5,79,98,3,24,29,33,1,94,2,25,90,2,29,59,4,29,46,61,86,1,72,2,70,91
12,2,45,62,2,1,90,2,7,8,3,3,10,20,1,5,1,52,2,28,84,2,50,90,4,32,34,72,91,1,13,3,34,46,67,2,72,91
9,6,29,43,45,55,59,87,4,32,61,91,98,1,8,4,2,28,39,52,5,2,29,33,61,89,4,50,90,91,98,6,10,29,42,72,91,97,4,20,23,28,50,3,3,19,32
9,1,32,2,0,70,1,17,2,54,61,1,76,2,33,93,2,39,66,2,3,45,1,29
14,3,2,5,35,1,2,1,91,2,26,70,2,0,66,2,46,73,1,22,3,27,42,94,1,4,2,49,62,2,61,93,3,2,29,35,3,33,59,81,1,70
13,3,8,49,61,5,3,14,23,32,33,2,62,67,3,2,33,54,3,0,42,50,5,5,6,9,34,87,2,46,91,3,27,72,88,3,42,46,56,3,76,84,92,1,27,7,2,20,35,56,65,67,69,3,33,61,98
7,3,42,81,91,4,0,27,89,94,1,27,2,5,46,1,17,1,98,2,57,82
6,1,61,1,33,1,97,2,20,70,1,32,1,98
9,4,0,5,39,62,3,76,88,92,3,23,67,70,2,33,54,1,2,7,3,10,17,25,29,62,91,5,1,2,43,54,70,3,17,62,83,4,45,76,79,92
10,2,23,61,1,70,1,91,5,19,20,27,61,80,1,61,2,3,97,2,17,44,1,19,1,91,2,29,45
9,3,8,27,39,2,29,32,2,27,94,2,63,78,2,39,42,2,2,27,2,42,73,2,18,20,2,39,61
6,2,34,91,1,17,2,56,81,4,5,32,42,70,1,56,1,46
7,4,17,35,70,76,3,3,28,45,3,67,70,94,2,45,91,2,7,66,4,37,42,45,56,3,27,81,85
6,3,67,80,87,2,28,79,2,3,66,1,72,2,8,70,3,0,23,56
12,8,1,27,28,54,55,61,81,89,4,25,27,29,84,2,4,94,5,2,20,27,32,78,7,2,17,33,50,75,83,84,4,8,17,27,61,4,8,22,44,61,4,2,22,61,91,3,27,57,91,5,0,8,20,32,61,7,11,27,35,45,75,83,98,5,5,27,72,79,91
10,5,22,45,70,78,84,1,91,1,16,3,2,27,98,2,33,46,1,45,2,45,61,1,45,3,43,56,90,2,67,70
7,1,8,1,78,2,70,91,2,17,63,2,35,72,2,61,76,4,50,53,54,70
10,1,91,2,0,20,1,78,3,44,71,87,1,5,1,54,1,84,3,34,52,70,2,35,91,1,57
6,1,8,1,71,3,5,78,82,1,3,1,71,3,2,5,90
9,3,5,10,59,4,43,61,75,76,1,89,1,8,2,17,84,4,27,54,67,72,2,89,90,5,5,22,41,72,91,5,1,2,5,15,83
9,2,42,76,2,39,75,4,2,5,45,70,1,34,1,45,3,28,34,79,2,0,97,1,56,2,2,90
8,2,8,91,1,70,1,56,2,32,82,2,5,90,1,3,1,54,2,3,61
7,2,46,83,2,5,61,2,17,62,3,17,54,91,3,27,45,94,2,45,97,1,29
13,4,5,56,59,72,2,1,91,2,72,94,4,42,61,91,92,6,2,8,27,28,33,70,5,17,61,84,87,91,5,33,52,70,75,91,4,5,27,75,84,6,10,17,33,46,56,70,3,54,61,90,2,32,46,4,23,27,54,62,3,2,34,92
4,2,28,66,3,19,56,65,3,20,75,91,4,37,50,54,66
6,6,8,23,28,52,76,80,7,2,39,44,46,50,62,83,5,8,17,46,56,61,5,0,1,4,44,98,5,22,27,56,71,82,5,19,20,49,78,80
13,4,17,25,56,98,4,8,33,54,70,4,35,39,70,90,4,8,22,70,72,4,50,61,70,87,5,8,28,33,34,61,5,2,17,27,75,79,6,6,14,35,52,54,91,5,29,31,54,61,89,2,19,79,6,6,56,71,78,89,95,3,2,5,91,1,20
8,1,65,1,32,1,91,1,27,3,2,75,78,2,22,71,1,85,1,11
10,5,2,16,69,70,91,1,94,5,2,27,71,72,79,5,2,26,59,61,99,3,46,70,94,5,17,35,69,75,89,5,4,16,27,50,91,3,38,61,70,4,22,54,61,65,3,33,70,79
7,3,3,27,91,3,1,70,91,4,2,43,91,94,4,33,34,46,52,2,69,89,3,27,42,68,4,33,49,52,61
14,3,21,56,61,6,2,43,45,65,84,91,1,20,2,78,91,3,2,33,91,6,28,35,62,69,70,90,7,5,8,19,32,45,46,69,1,34,3,56,70,91,5,1,2,20,52,70,3,5,20,91,3,29,33,52,2,63,84,3,57,91,92
6,2,54,70,2,78,80,2,6,70,2,43,61,2,45,50,4,34,44,59,70
12,4,8,42,69,75,3,10,69,86,4,5,19,28,91,2,20,84,2,41,52,6,28,46,61,62,70,72,2,54,63,1,90,2,0,20,2,27,48,4,27,35,46,70,4,1,29,70,76
9,4,6,27,45,93,2,5,49,4,22,52,70,76,2,9,87,6,8,17,20,70,87,91,1,67,4,2,27,33,45,4,5,27,44,83,4,29,61,67,69
9,1,52,4,0,27,50,91,1,0,2,3,67,2,7,83,1,61,2,33,90,2,61,72,2,8,76
8,8,20,54,61,62,64,72,79,91,3,27,61,91,4,0,28,56,75,2,45,50,8,1,17,29,46,52,67,71,91,3,17,45,94,5,22,33,46,87,91,6,3,6,19,61,79,84
3,1,33,1,64,1,27
4,4,20,75,89,94,3,27,87,89,4,1,61,84,91,2,17,45
9,3,39,70,91,3,33,52,62,3,0,27,42,2,56,87,3,1,29,90,3,3,5,8,3,27,32,48,4,2,33,62,84,5,56,70,75,79,91
5,3,24,26,56,6,3,8,23,33,46,78,2,33,52,8,27,28,31,34,61,81,89,94,6,27,30,34,49,52,61
10,7,35,42,46,54,55,67,89,7,9,44,45,54,61,84,87,4,3,22,24,72,6,52,61,69,70,79,91,5,33,44,79,80,91,6,17,18,23,27,54,62,7,0,25,32,42,49,54,91,7,8,23,29,39,59,72,75,5,8,21,25,35,45,6,27,33,48,50,61,66
9,3,8,42,46,6,3,4,32,52,70,90,1,45,4,27,35,52,76,3,25,39,71,4,2,27,42,79,1,33,2,6,45,3,6,20,99
16,5,23,52,84,89,91,1,72,2,22,75,5,45,67,70,87,91,4,45,78,90,91,5,5,8,17,52,63,1,50,4,8,17,50,72,5,3,13,34,45,69,6,8,25,27,29,66,75,4,27,45,87,98,6,20,35,44,52,79,98,4,3,20,29,45,4,30,42,45,91,4,49,63,72,93,4,7,46,49,79
9,1,94,2,70,79,2,39,91,2,3,91,3,35,89,99,3,3,32,44,2,7,26,3,11,39,57,1,27
5,2,54,95,2,45,59,4,5,6,44,98,5,1,8,91,97,98,2,78,91
11,2,7,34,1,5,1,94,1,27,1,33,1,61,1,10,1,36,1,59,1,42,1,91
7,4,4,29,45,70,5,3,22,87,91,94,5,41,52,72,75,92,3,59,85,87,4,1,2,45,84,2,22,56,4,5,45,84,94
6,2,17,61,1,27,1,45,1,24,1,84,1,83
7,5,3,33,61,67,88,4,3,29,68,91,4,33,39,44,91,4,2,32,42,91,3,42,61,70,4,2,17,52,70,4,22,44,62,84
10,3,27,35,70,3,11,17,27,2,23,34,4,28,63,76,94,2,1,45,2,45,87,1,84,2,30,98,3,32,80,91,2,42,91
10,4,39,62,84,98,2,61,66,3,23,39,73,2,56,91,1,27,3,29,52,91,5,8,24,90,91,98,5,17,30,33,45,79,6,2,20,45,50,83,91,3,0,45,79
10,1,34,1,8,5,24,28,46,52,91,4,22,24,52,69,3,27,34,44,4,46,59,79,98,1,49,2,3,14,2,8,75,1,79
11,2,52,66,3,27,70,91,2,45,87,5,23,27,69,70,94,2,70,91,1,45,2,41,61,1,22,1,5,2,67,71,3,0,27,62
9,2,8,13,4,0,26,70,91,6,16,17,19,27,69,70,2,50,59,3,10,34,62,5,25,34,35,46,84,5,2,22,52,66,79,4,8,29,42,82,4,3,20,33,98
10,2,70,91,4,8,49,70,81,1,34,3,61,63,72,3,1,69,75,4,17,32,70,91,2,23,46,3,29,50,54,4,2,20,61,91,6,2,22,54,62,69,94
10,1,35,4,5,22,89,90,4,37,61,70,91,1,91,1,79,2,5,6,1,57,2,69,85,4,33,42,49,54,3,3,27,67
11,6,5,8,22,27,67,71,1,52,5,8,14,22,91,98,4,20,42,45,70,1,90,2,45,70,4,2,27,56,90,3,14,52,72,1,65,2,70,78,2,52,61
12,5,2,20,61,70,83,4,5,42,49,90,2,8,52,7,1,2,33,45,70,84,94,6,5,29,59,61,70,99,5,7,37,45,50,78,2,25,45,4,2,8,45,94,1,54,4,70,88,89,91,2,10,35,1,28
8,2,24,94,4,52,60,91,99,1,70,5,27,33,57,60,65,1,28,3,3,19,69,1,91,4,8,33,46,63
7,3,33,44,79,3,20,35,91,4,19,23,90,91,1,8,2,33,59,2,45,54,4,70,82,90,93
5,1,45,2,32,34,1,34,1,8,1,17
4,2,23,27,3,0,25,42,1,23,1,79
15,1,1,1,1,1,27,1,45,2,5,46,1,46,2,63,91,1,70,1,45,2,17,26,1,98,4,29,33,59,70,2,42,45,1,44,1,54
7,2,89,91,1,91,1,17,1,70,1,50,2,3,91,1,79
9,1,52,1,30,1,33,2,44,52,1,98,1,84,1,32,1,14,2,62,75
9,2,29,61,2,8,45,3,5,10,19,3,56,75,76,2,22,61,5,8,16,23,54,71,3,8,33,98,2,0,27,3,7,70,76
4,1,44,1,45,3,2,8,44,1,90
10,2,37,52,2,35,44,2,32,54,2,70,83,2,61,66,2,8,13,4,8,30,84,90,2,17,89,1,33,1,99
11,4,23,32,45,91,3,2,35,75,1,45,3,2,46,70,3,3,34,35,2,19,29,3,24,52,93,3,26,45,67,4,4,8,70,89,4,29,61,70,91,1,48
12,2,12,70,2,2,84,1,2,1,76,2,79,91,2,42,82,2,17,84,2,23,52,3,5,61,70,1,73,2,2,20,3,2,11,17
8,3,19,22,70,3,35,70,98,3,2,34,65,1,20,2,49,61,3,17,63,79,4,42,56,61,68,3,20,91,98
8,1,91,1,52,6,27,29,30,70,84,92,1,78,1,91,2,33,49,2,5,63,2,17,33
13,2,22,67,3,27,70,97,4,5,27,79,90,8,8,17,42,46,61,70,82,91,3,26,34,89,4,5,52,79,89,3,72,91,97,4,2,41,83,97,2,23,72,6,27,45,61,71,84,91,2,42,66,5,30,33,37,70,89,3,5,82,91
14,1,8,2,13,27,1,54,2,3,35,1,5,1,91,2,77,91,2,6,8,2,35,45,2,5,90,3,10,27,52,1,8,2,50,79,1,61
6,2,2,87,3,52,89,91,3,6,61,87,2,28,52,3,7,8,71,2,49,72
7,2,45,94,1,22,3,27,90,91,1,24,1,45,1,0,1,56
7,2,91,98,4,62,70,78,91,3,27,45,61,2,28,70,1,22,3,17,46,70,2,79,91
8,4,8,69,83,97,4,17,45,50,68,5,3,17,47,67,91,5,8,27,66,79,91,6,0,54,56,75,78,91,5,19,23,67,70,83,6,2,17,28,32,34,45,4,3,29,31,84
4,1,61,2,45,83,1,72,1,43
7,2,14,54,4,17,42,81,89,3,3,90,94,3,5,46,70,3,17,72,75,4,1,57,58,91,2,79,97
6,1,59,2,44,59,2,8,61,1,94,1,54,1,34
8,3,23,70,78,2,22,86,1,17,1,52,1,13,1,17,1,67,1,45
9,1,23,3,35,61,90,1,2,2,2,42,4,42,46,70,87,3,33,52,70,3,76,87,90,3,3,22,27,3,24,45,90
8,1,2,1,62,4,3,56,84,91,2,32,53,1,8,1,52,1,39,1,68
11,4,29,72,91,95,2,8,92,3,40,52,68,6,24,63,70,76,91,94,4,8,45,68,70,4,5,30,33,79,5,42,45,49,61,94,7,2,33,38,46,79,98,99,7,23,27,35,52,70,73,84,4,8,35,90,97,4,23,27,42,84
5,1,22,2,39,54,1,69,1,2,1,0
12,3,1,57,91,3,38,66,69,2,45,52,3,52,90,91,5,34,45,49,61,91,2,19,98,2,8,17,3,45,84,90,2,2,38,2,25,35,3,2,44,76,3,43,45,52
3,3,0,8,50,1,2,1,69
11,3,67,78,89,2,23,33,1,70,1,28,2,22,86,2,8,52,2,17,91,2,20,27,2,52,84,2,17,87,3,20,79,93
4,1,46,1,69,1,29,1,64
9,3,17,52,99,4,17,27,68,94,9,17,20,29,33,42,52,61,83,91,2,3,4,3,3,50,62,4,50,52,63,91,3,0,35,56,3,8,52,68,4,0,28,93,99
12,1,70,2,17,34,1,90,2,54,84,1,61,2,71,78,1,91,2,3,94,3,1,5,98,1,89,1,69,1,57
12,5,23,27,34,45,49,5,3,37,52,54,84,5,15,54,62,72,87,4,11,80,89,90,2,79,91,6,5,17,32,35,70,91,5,0,5,49,79,93,4,17,24,64,84,5,22,56,73,89,91,4,6,27,49,71,4,1,2,23,66,4,54,56,75,95
9,4,23,42,45,84,3,61,70,87,3,8,33,42,2,28,84,3,1,32,61,3,19,69,72,2,5,30,2,61,63,1,83
13,2,45,56,3,27,28,45,2,23,81,4,29,31,70,72,3,19,69,91,3,5,41,61,1,49,2,63,92,3,39,44,70,4,0,27,33,44,3,56,61,98,1,94,4,5,7,70,91
6,3,61,88,94,2,68,91,2,44,82,2,60,99,2,25,70,3,27,61,65
10,2,39,70,4,44,59,62,73,4,3,67,91,94,3,29,61,94,3,70,79,90,3,42,43,44,1,69,3,1,8,79,3,54,83,85,3,8,27,70
5,3,8,28,91,3,8,32,95,4,5,54,61,72,4,15,29,42,58,4,20,28,70,84
11,1,45,7,0,3,5,66,91,93,94,3,33,35,79,7,5,29,54,61,69,89,91,5,5,41,44,52,86,5,45,46,59,79,94,4,20,56,62,91,6,27,34,61,66,70,91,7,5,6,28,35,54,61,94,2,69,84,3,23,34,83
7,2,56,70,2,89,91,4,27,35,88,90,2,33,79,1,61,1,39,2,5,70
13,6,24,35,61,70,83,90,3,14,54,72,3,8,33,52,3,52,54,91,1,72,3,26,43,91,6,2,8,17,66,91,98,2,2,67,2,8,61,2,46,61,5,23,29,33,42,82,1,8,2,76,91
8,4,8,23,33,91,2,65,72,4,3,17,58,66,5,0,28,42,52,61,4,44,45,61,75,4,0,42,90,91,4,1,8,52,91,4,17,19,22,69
12,2,61,85,1,20,2,45,56,1,66,2,5,29,1,54,2,25,26,3,2,27,32,3,11,45,57,3,14,28,91,2,8,32,1,45
6,5,3,22,24,45,91,2,59,75,1,45,2,45,91,2,70,89,1,94
7,1,72,1,62,1,45,1,70,2,27,91,1,66,1,65
6,3,5,27,28,1,8,1,89,1,34,1,75,1,61
6,1,78,1,84,2,41,72,3,1,61,91,1,1,1,67
9,1,17,3,17,42,61,1,61,1,70,1,90,2,42,45,1,22,1,67,1,89
11,2,6,8,2,46,98,3,2,4,98,1,84,3,20,27,94,1,34,2,26,54,1,94,2,61,70,2,52,91,3,0,5,59
8,1,42,2,39,75,2,32,44,2,33,56,1,66,2,17,71,2,2,66,2,61,91
9,14,6,14,28,29,33,36,45,46,52,54,59,64,91,98,7,3,5,34,42,57,89,98,5,17,70,83,89,91,7,23,29,52,56,80,91,97,11,0,2,25,28,32,34,44,50,52,61,94,9,2,8,14,24,59,61,79,83,91,5,2,25,44,61,66,4,2,6,27,35,8,7,26,27,32,34,61,78,91
13,3,5,33,61,3,46,61,79,4,2,85,91,98,2,27,29,2,3,26,2,23,61,2,2,34,2,2,91,3,39,56,91,3,28,46,56,2,7,63,4,0,2,79,84,2,29,66
14,4,23,27,87,90,4,5,8,91,94,5,3,23,25,35,78,3,17,27,69,4,2,34,45,63,4,8,25,34,89,3,27,67,91,4,39,56,70,78,4,17,52,70,94,4,17,28,46,61,7,39,45,46,56,63,67,70,4,19,35,56,91,2,42,57,2,17,90
4,1,97,1,48,1,29,1,91
10,1,91,2,54,70,1,20,3,27,35,84,3,45,61,84,4,30,42,70,83,2,8,45,2,20,91,1,91,2,28,69
3,2,27,94,2,6,89,2,27,91
10,2,41,66,3,72,78,89,3,8,59,61,2,17,41,1,45,2,5,29,2,14,91,3,42,45,56,3,65,67,94,3,2,67,84
4,2,34,50,1,89,1,71,1,3
9,3,3,78,91,2,17,91,2,91,94,1,82,2,2,99,2,78,91,1,17,2,23,70,2,35,70
10,2,54,72,1,31,1,39,6,8,45,61,83,84,91,3,2,70,91,3,2,13,29,4,22,23,69,70,2,5,20,1,56,3,2,10,27
6,3,2,17,29,4,20,37,42,69,2,27,84,3,3,76,91,2,0,94,1,42
5,5,3,45,71,84,91,6,1,5,42,76,87,91,4,16,17,49,63,2,44,50,2,2,35
7,2,4,17,1,45,2,61,70,2,20,91,1,99,3,80,87,91,4,45,46,70,93
10,3,7,23,49,4,34,50,56,70,3,4,68,70,3,10,79,91,3,0,8,26,4,27,30,44,45,3,23,59,62,2,5,34,3,3,19,91,4,1,34,56,63
5,5,3,8,32,33,45,5,0,2,22,28,52,5,54,56,62,72,91,5,17,29,30,73,94,4,17,27,33,89
6,4,27,32,34,61,3,3,30,90,3,17,42,70,3,29,30,90,2,25,91,2,73,89
12,2,35,76,3,61,63,64,2,27,59,1,23,2,61,88,1,61,4,45,67,83,91,2,27,91,4,28,43,67,99,2,37,42,2,29,85,3,33,56,63
7,3,54,55,89,2,64,80,5,0,20,70,89,98,2,2,94,2,23,35,4,2,3,34,79,3,2,83,91
12,4,35,62,87,98,1,91,7,1,2,19,20,38,90,91,2,3,61,2,8,62,3,5,61,71,3,50,54,70,4,76,79,84,98,3,34,61,64,2,6,45,2,20,70,2,2,24
13,5,23,28,35,59,67,7,19,27,32,33,65,67,70,4,5,32,70,78,6,3,17,20,70,86,94,7,20,23,29,49,89,90,91,5,26,79,86,91,98,2,67,69,7,21,29,42,61,78,92,97,8,20,30,68,79,83,91,94,97,7,1,24,45,61,70,79,94,5,5,33,54,69,79,6,2,33,52,56,61,70,8,2,3,5,6,34,57,62,75
9,3,17,54,89,2,2,72,4,22,29,33,42,4,4,17,49,79,1,91,5,5,23,42,50,91,3,27,63,76,4,24,34,45,54,3,61,70,91
6,4,5,42,68,91,2,45,93,2,27,71,1,1,2,0,27,1,50
5,1,39,1,80,1,90,1,35,1,93
6,1,80,3,5,16,61,4,41,62,69,70,2,0,42,4,8,59,70,93,3,17,27,48
3,1,97,1,91,2,27,89
7,6,5,8,42,54,87,92,4,24,34,41,61,4,56,72,90,91,2,0,94,4,27,62,66,70,3,33,72,94,3,4,8,27
12,2,46,54,2,70,78,3,3,17,44,2,41,70,5,27,54,62,66,72,1,2,1,70,2,70,94,1,75,2,22,91,3,23,61,89,1,84
6,1,45,1,57,2,52,94,1,61,1,42,1,72
4,2,39,42,1,91,1,0,2,10,72
4,1,2,2,17,73,1,30,2,97,98
9,2,5,50,1,70,2,17,55,5,26,27,46,57,91,2,27,62,2,67,94,1,34,2,26,70,2,33,81
9,3,37,91,97,3,6,23,35,3,1,2,24,3,10,34,99,4,4,34,52,66,1,26,2,61,70,5,5,49,70,91,95,2,22,94
7,3,1,91,94,6,10,46,62,72,75,91,1,91,3,5,17,34,3,5,49,84,4,6,35,70,79,2,4,39
14,4,28,33,45,80,5,8,31,42,66,98,2,33,90,5,2,20,29,61,87,5,2,34,45,54,70,4,3,34,75,98,4,19,42,45,75,4,13,45,66,76,3,3,20,98,4,45,52,79,84,1,31,3,67,86,94,5,29,34,54,61,84,5,20,22,27,65,91
9,4,6,8,23,90,1,59,1,57,5,0,4,8,61,81,2,8,46,4,0,19,20,70,2,17,19,1,42,3,3,27,93
3,1,45,1,10,1,50
7,1,27,1,91,1,52,1,70,1,59,1,27,1,52
6,3,45,70,84,1,91,3,33,52,66,2,28,99,2,19,69,2,27,91
11,2,11,90,4,8,56,90,92,2,63,91,2,67,70,3,17,26,79,1,97,2,20,22,1,98,1,97,3,3,42,67,2,45,46
2,2,2,72,2,1,64
4,3,8,24,46,3,5,68,75,4,5,46,61,70,1,17
5,4,4,5,54,59,1,46,2,5,34,2,3,70,3,56,80,91
10,2,45,66,3,22,34,91,1,99,1,35,4,50,56,76,90,2,4,91,2,6,22,1,98,2,59,61,3,22,42,91
14,5,39,42,90,91,92,1,91,5,3,8,69,84,91,3,5,61,62,3,56,69,91,3,2,11,52,3,70,86,87,4,1,2,17,87,2,6,54,3,34,45,72,2,60,70,3,2,28,44,3,2,17,27,1,50
4,2,42,82,1,23,1,61,2,20,27
8,3,3,14,34,3,52,61,91,2,28,70,3,23,42,56,2,68,88,3,5,91,92,2,70,80,3,3,35,39
5,3,3,29,44,1,21,2,4,70,2,45,72,4,1,5,58,62
1,1,70
6,1,19,2,2,52,1,90,2,28,45,1,70,1,28
8,2,54,72,3,5,42,81,4,14,35,81,91,3,8,17,66,3,70,72,94,3,0,46,79,3,17,61,71,3,22,37,70
5,2,42,70,3,28,45,90,1,70,1,45,4,7,17,64,98
8,4,23,26,46,94,4,19,54,61,91,4,8,61,62,91,2,8,69,4,27,78,84,98,6,11,22,35,45,61,84,7,5,8,17,19,67,81,98,3,34,57,91
7,3,33,44,46,2,17,45,6,3,5,27,42,66,70,2,42,84,3,5,17,70,4,0,27,29,99,5,2,6,19,46,54
12,5,8,13,45,57,89,3,33,70,90,4,18,20,39,70,6,24,45,56,87,91,95,3,56,66,70,5,8,23,70,84,89,8,2,20,54,62,72,84,90,94,4,14,35,45,91,5,23,27,66,90,92,3,43,57,59,5,0,20,55,61,91,4,62,70,71,84
8,5,5,11,89,90,91,1,1,2,20,81,5,26,35,66,72,89,2,25,33,1,67,4,23,28,45,69,5,5,35,45,88,91
9,3,3,28,61,4,5,46,61,66,3,17,52,93,2,23,91,4,6,31,70,98,5,8,34,57,79,89,3,32,62,84,4,45,62,79,91,2,69,98
9,2,3,62,1,56,3,17,20,23,2,14,66,3,41,68,95,3,8,41,70,2,33,61,3,76,78,90,5,5,8,46,61,91
8,3,46,61,91,1,32,5,6,7,35,78,84,2,43,44,3,34,76,91,4,33,90,91,93,4,2,54,57,66,3,20,59,70
12,3,52,55,70,4,3,27,90,91,2,70,78,3,3,17,90,3,23,33,70,2,14,61,3,19,26,45,4,2,49,82,91,2,56,94,3,45,61,91,3,22,64,91,3,17,56,63
9,3,5,39,50,1,31,5,28,63,66,67,94,3,61,79,91,3,66,70,91,3,2,59,79,3,72,79,91,3,56,62,70,5,2,22,27,61,70
8,2,25,91,2,3,8,2,27,91,3,8,69,91,3,62,70,94,3,17,48,52,2,17,22,3,2,91,98
11,2,19,79,1,86,2,50,93,2,0,25,1,3,2,28,45,2,10,23,2,2,7,2,19,94,3,13,42,52,2,26,45
7,3,5,61,63,2,45,61,2,45,83,3,64,70,87,3,25,84,91,2,17,43,1,22
11,3,52,94,98,3,8,27,45,3,79,84,91,1,2,5,2,8,19,52,99,4,5,26,62,91,2,2,54,2,46,56,3,4,5,22,3,3,17,27,5,2,20,26,72,87
9,3,25,34,91,5,2,45,57,61,70,2,45,72,5,23,29,45,89,91,6,0,20,31,45,61,91,7,2,60,67,70,72,91,99,5,3,5,8,27,98,3,52,84,87,5,5,25,44,91,98
5,1,27,2,17,84,1,33,1,16,1,70
11,4,22,45,70,91,1,71,1,2,5,8,17,20,46,57,5,8,42,61,68,91,3,25,56,75,4,41,70,71,72,5,28,29,33,42,67,2,17,71,1,70,2,17,27
7,5,8,33,56,66,70,4,3,20,70,81,8,5,34,45,49,57,70,79,93,5,39,47,52,57,91,3,27,32,44,6,29,45,56,61,70,91,2,50,89
8,4,27,61,69,94,5,8,28,46,70,75,4,8,54,70,84,3,61,78,91,3,17,52,98,4,27,57,68,91,3,22,84,91,6,2,20,35,52,66,95
9,4,5,61,84,98,3,2,33,50,4,5,27,62,70,5,1,44,45,50,72,3,52,61,85,4,5,70,78,94,2,22,35,7,0,8,20,23,32,35,62,1,83
7,1,33,2,23,84,1,98,1,61,3,22,24,37,1,5,1,1
2,1,17,2,5,70
11,3,19,54,61,1,34,3,17,61,81,2,56,81,1,61,2,5,42,2,32,56,3,8,52,54,1,28,3,23,44,98,2,56,61
5,2,23,71,1,17,2,25,67,1,13,1,27
10,6,23,37,50,52,66,76,5,8,33,50,52,83,5,3,17,29,45,70,4,3,42,50,65,5,2,8,33,44,45,6,46,49,59,61,63,98,5,2,6,27,45,72,4,2,59,62,91,6,29,33,56,67,71,91,5,2,28,65,70,91
7,2,90,91,2,17,46,5,5,24,27,35,50,4,28,34,46,54,2,3,91,1,2,2,61,84
5,1,45,3,22,25,87,1,92,1,80,1,5
12,4,17,42,45,94,2,61,70,5,8,17,28,35,61,2,33,87,2,28,79,3,22,41,91,2,67,91,2,14,42,1,33,4,3,38,49,71,1,98,1,14
8,1,70,5,27,46,50,82,93,2,39,90,4,17,33,65,83,4,6,8,45,90,2,27,91,1,91,4,1,34,91,98
3,1,70,1,78,1,61
8,1,45,1,25,2,27,69,2,2,27,2,20,98,5,27,34,47,79,85,4,3,5,27,80,2,33,49
7,2,27,54,2,27,28,1,35,1,72,2,16,28,1,43,3,29,44,72
6,4,13,42,69,78,1,2,1,7,3,20,32,45,4,1,70,90,94,1,62
9,2,44,72,1,2,2,2,8,2,86,87,2,3,19,4,6,56,79,91,1,61,3,20,29,76,3,2,25,45
6,1,39,3,8,22,27,2,35,52,3,8,67,70,3,80,90,91,2,27,90
5,1,5,1,46,2,5,34,1,61,1,56
11,6,2,3,8,30,83,92,6,8,25,29,57,61,62,2,1,5,3,1,54,61,3,2,8,57,4,29,33,34,44,4,22,30,52,70,4,1,5,35,86,4,8,34,54,84,2,20,94,9,27,28,49,50,57,60,72,90,91
6,1,59,1,29,3,3,14,29,1,93,1,5,1,7
7,3,28,69,91,2,45,83,1,23,1,61,1,35,3,2,17,23,2,17,70
3,1,93,1,35,1,34
13,3,50,70,75,3,3,8,92,4,45,63,91,99,5,38,45,54,55,70,6,17,26,34,45,52,72,4,20,27,32,61,2,6,98,1,19,1,42,2,18,54,6,2,8,20,45,61,66,3,17,19,45,3,24,33,45
7,5,23,27,46,73,83,2,8,17,2,23,34,3,23,54,67,6,27,39,44,56,70,78,2,70,94,3,61,71,93
8,4,8,59,67,98,4,33,34,45,69,4,7,22,34,61,3,8,67,87,4,27,29,42,70,8,10,11,22,32,35,66,70,90,1,33,2,22,59
3,1,72,1,23,1,61
2,1,45,1,28
9,2,8,27,1,91,2,17,70,2,33,45,1,79,2,2,45,2,23,27,1,91,4,27,28,61,91
7,1,70,1,61,2,25,45,1,91,1,17,1,8,1,20
7,3,44,70,94,2,35,46,2,70,90,2,3,94,1,3,5,17,28,45,56,70,1,97
7,3,3,5,34,3,8,59,78,3,52,66,91,2,17,70,2,23,83,5,27,29,35,45,61,5,17,35,50,64,70
7,2,20,99,1,72,1,14,1,67,1,91,3,20,33,80,1,2
10,2,46,82,2,57,94,1,33,2,2,59,1,66,2,29,70,4,14,27,35,70,4,41,62,70,71,1,19,6,35,56,61,66,67,72
8,3,7,20,68,1,3,2,1,72,1,45,2,54,76,1,5,1,46,2,17,90
6,2,22,25,6,8,33,34,44,57,90,1,2,2,18,75,3,61,66,79,2,2,22
11,1,52,1,21,3,27,45,87,1,61,3,0,50,72,1,65,2,5,23,3,2,91,94,2,41,70,4,5,52,64,91,2,17,91
6,1,18,1,91,1,90,3,8,27,70,2,34,54,2,14,35
6,5,28,33,34,45,78,1,90,6,23,25,29,41,70,89,2,18,61,1,1,3,10,33,91
9,3,45,70,93,2,20,94,1,61,5,8,46,70,79,98,5,8,27,70,89,98,5,4,14,33,34,59,2,0,42,1,91,2,33,89
14,6,0,1,19,33,56,70,3,17,27,62,3,6,34,75,2,52,87,3,45,61,91,3,28,39,64,4,2,5,72,91,5,29,41,43,72,98,2,0,71,2,61,91,1,5,3,24,62,67,3,14,16,45,1,70
11,3,8,76,86,4,2,44,52,93,3,26,41,66,4,11,46,69,89,3,28,71,91,5,24,27,34,44,70,3,5,8,90,4,2,54,66,90,5,19,27,59,91,98,4,17,56,94,98,4,2,26,42,79
8,5,23,45,61,71,86,4,50,71,93,94,5,1,32,54,56,70,5,11,17,20,72,90,5,2,23,30,61,90,3,72,91,99,2,2,50,3,1,52,57
13,1,87,1,75,2,79,89,2,59,81,1,56,2,8,26,4,5,54,56,61,4,7,8,19,71,2,63,66,1,32,3,28,72,89,2,34,52,2,52,56
7,2,27,29,2,22,32,3,35,54,90,3,16,69,70,4,43,46,72,91,3,33,34,79,4,29,44,69,97
5,1,70,1,70,1,33,2,28,98,1,49
9,2,61,78,1,43,2,26,56,2,42,99,2,28,61,2,2,72,3,28,70,76,2,33,87,3,5,29,70
8,2,27,70,2,49,50,2,2,33,1,52,3,10,23,56,1,59,2,2,52,2,8,61
7,4,3,34,61,91,2,1,50,2,87,89,2,29,54,4,17,19,70,89,4,5,24,78,91,3,27,32,34
6,1,94,1,42,1,41,1,91,1,5,1,33
17,5,1,23,39,61,86,6,5,27,34,44,62,66,4,42,61,70,98,5,0,1,23,61,89,3,3,26,69,4,27,35,66,90,2,67,90,5,5,20,29,67,91,4,28,34,42,62,5,24,45,66,72,91,2,45,91,3,1,50,98,2,22,44,2,27,44,5,2,39,41,52,93,4,2,84,89,91,3,52,66,93
11,1,70,1,5,2,91,94,1,17,1,78,1,35,1,42,2,46,98,2,4,33,1,94,1,1
8,2,8,99,1,32,2,3,34,1,54,3,42,54,97,1,45,2,59,84,3,56,67,69
13,3,7,68,91,4,8,23,33,56,3,33,46,91,3,5,8,66,2,45,98,3,45,83,94,2,8,31,1,90,3,1,46,91,3,5,72,91,2,45,70,2,14,66,1,70
11,4,8,61,75,90,5,17,32,46,75,94,3,5,45,88,5,27,70,83,91,95,4,56,68,91,99,4,43,45,46,70,1,70,5,5,61,78,80,91,1,22,6,2,39,46,52,67,91,7,5,24,50,70,72,76,91
10,2,11,90,1,91,2,29,52,1,65,3,0,78,91,1,2,2,28,29,1,24,1,56,1,97
4,4,5,59,91,98,2,2,45,3,5,63,97,1,52
8,2,8,70,1,27,1,70,3,1,91,98,1,89,2,28,38,2,27,75,3,34,35,70
12,2,46,78,3,26,39,71,4,2,56,83,94,2,69,91,2,41,84,3,23,84,91,3,2,14,70,5,34,39,52,61,91,5,4,13,19,27,56,3,61,89,91,2,22,45,3,22,61,70
5,2,45,79,1,91,1,83,4,27,47,61,62,1,8
7,5,17,39,70,72,73,1,29,1,66,2,19,50,1,80,2,30,33,1,29
12,3,14,70,91,1,42,1,2,1,22,1,75,1,75,2,22,23,1,8,1,8,2,46,54,2,54,91,2,27,44
8,5,70,75,80,91,94,5,2,8,35,69,91,4,0,7,54,99,1,25,6,14,20,28,48,54,87,3,17,46,70,3,70,93,98,4,24,61,70,97
14,2,42,66,4,2,3,35,70,4,2,30,39,70,3,2,42,52,6,0,44,57,61,62,91,3,14,22,35,4,8,20,45,54,5,3,27,42,46,79,6,22,29,32,45,76,91,3,1,70,98,3,7,54,79,2,22,32,5,13,17,30,83,98,4,1,63,70,90
9,4,2,8,17,45,3,4,38,91,4,8,27,30,44,7,2,3,63,76,77,82,98,3,33,69,91,6,27,28,46,69,94,98,8,2,3,5,39,45,61,64,80,4,6,20,45,91,4,1,27,54,63
3,2,78,84,1,90,1,2
3,3,2,5,19,2,30,75,1,28
7,1,8,2,29,70,1,33,1,61,1,24,1,91,1,28
5,3,45,69,91,2,1,22,1,90,1,4,1,6
7,2,70,72,2,35,55,2,79,89,1,3,1,84,1,0,1,64
8,2,23,64,2,31,62,2,42,64,1,45,4,0,27,33,34,1,71,2,45,48,1,91
7,6,4,8,50,68,94,98,4,27,61,79,91,2,68,90,4,25,46,52,78,4,2,32,61,79,4,27,32,35,91,4,8,33,70,83
13,2,36,45,3,61,71,79,5,4,17,27,66,72,3,2,62,70,5,4,10,21,61,78,1,34,5,20,34,45,90,91,1,17,1,24,3,26,52,57,2,8,87,3,5,93,98,4,27,59,62,99
4,1,70,1,17,1,0,1,70
13,4,23,27,50,84,2,45,84,5,0,5,20,39,61,4,30,34,52,70,3,8,65,81,3,5,46,91,4,25,35,45,52,3,33,61,70,2,90,92,2,76,82,1,90,4,5,70,80,91,2,34,49
10,4,3,49,79,91,1,19,1,5,3,43,45,70,5,6,8,28,33,52,5,5,39,56,63,67,3,0,25,61,2,8,98,4,25,44,56,70,5,2,10,17,35,57
8,4,29,56,62,70,3,28,45,70,2,25,70,2,5,91,1,98,4,2,26,39,70,3,2,90,94,4,61,64,90,91
20,8,10,25,33,34,52,56,75,87,6,16,45,59,84,89,91,3,27,32,70,6,26,35,42,67,70,94,6,3,5,17,44,56,70,7,5,26,35,61,78,84,91,4,20,32,70,91,2,17,27,3,45,49,91,2,5,23,2,28,91,2,54,61,5,21,43,55,59,76,4,22,61,64,94,5,4,8,23,35,52,3,8,19,89,3,1,22,75,4,2,23,61,97,5,3,17,67,91,93,4,8,44,81,91
12,1,59,1,76,2,8,41,2,52,90,2,3,54,2,39,75,2,17,67,1,76,2,70,72,3,5,45,75,1,57,1,3
9,1,23,5,0,28,61,72,79,3,32,35,90,2,10,91,3,43,70,79,1,59,1,34,7,2,3,17,33,40,45,61,6,1,23,26,33,69,91
9,2,70,82,2,8,83,2,45,52,3,38,50,88,4,2,45,64,78,2,59,61,3,8,45,90,1,87,2,20,35
10,1,45,1,32,2,8,18,2,33,52,2,33,50,3,2,35,62,2,5,24,2,17,29,4,44,50,56,90,1,94
8,2,21,27,1,84,1,46,1,49,1,24,2,27,91,1,27,2,5,59
13,3,33,54,70,2,2,17,4,20,23,52,85,1,91,3,7,50,83,3,17,32,39,3,16,91,95,3,44,87,94,3,39,45,98,2,25,84,3,43,57,91,4,2,17,29,56,3,70,72,91
9,7,2,24,42,45,54,61,99,1,0,4,29,44,71,87,3,2,3,94,4,2,59,70,91,3,2,5,72,1,54,6,5,27,79,83,84,91,2,33,34
10,1,52,2,61,93,4,10,27,34,91,2,5,54,3,27,49,61,2,39,75,3,22,70,84,5,20,25,29,55,59,4,0,61,70,94,3,35,89,91
6,3,54,55,89,1,84,1,32,1,75,1,8,1,61
8,2,33,95,1,91,2,40,68,1,70,2,42,79,1,61,1,45,2,17,90
11,4,23,27,91,94,2,54,95,2,34,61,6,61,67,69,89,91,94,3,3,87,94,4,17,27,33,98,2,72,78,4,5,8,46,98,1,57,3,32,62,95,1,90
3,1,75,2,7,42,2,1,91
7,5,2,46,52,75,87,4,53,54,89,91,4,2,28,39,61,4,46,56,62,79,3,0,52,84,3,2,6,82,5,17,22,49,72,91
9,1,27,2,17,91,4,25,27,35,72,3,2,69,84,1,52,1,9,2,26,52,1,61,3,27,39,57
8,6,2,14,23,54,69,91,5,2,17,34,45,89,2,27,61,6,22,27,35,49,56,91,5,5,32,60,82,97,7,0,8,26,28,49,54,78,1,32,5,27,52,67,68,71
9,3,13,64,78,2,2,56,2,20,45,2,59,94,2,0,69,3,28,42,45,2,86,87,1,23,5,3,17,52,61,90
5,2,5,20,2,25,45,2,8,65,1,2,1,61
14,2,63,70,3,56,84,91,3,13,79,90,3,8,34,89,3,41,78,91,3,0,67,97,2,5,48,3,27,45,87,5,5,7,28,29,91,3,1,52,91,2,19,79,3,49,56,65,3,6,26,56,3,5,54,90
5,1,5,2,35,55,1,2,2,28,67,1,61
7,3,17,75,84,1,45,2,2,91,5,14,27,76,81,91,3,3,45,70,3,60,61,72,1,85
3,1,17,1,17,1,3
9,2,22,88,3,22,44,50,4,8,17,39,70,7,1,2,22,27,28,45,70,3,68,70,87,1,45,4,22,41,72,91,4,7,17,61,71,3,1,3,81
6,2,48,52,1,4,1,32,2,35,66,1,67,1,70
7,1,61,2,25,29,1,70,3,17,59,86,2,33,91,3,28,84,91,1,52
13,2,23,45,2,50,93,4,2,39,42,67,2,5,64,2,17,44,2,42,91,1,86,2,56,91,2,27,70,1,44,3,5,50,52,2,1,32,1,72
8,5,1,2,84,91,97,2,22,33,4,22,39,54,87,1,30,1,89,4,52,62,70,78,3,45,63,91,5,2,5,21,89,97
6,4,2,39,45,72,2,22,87,1,92,1,45,1,45,2,28,78
5,3,4,87,91,1,56,1,27,2,27,28,1,91
6,3,32,70,90,4,27,34,91,94,3,5,27,61,3,2,5,90,3,11,18,28,2,64,70
3,2,2,67,1,8,2,8,52
10,2,45,91,1,22,2,70,72,2,90,91,1,70,3,2,35,91,4,4,48,49,50,1,6,2,29,42,1,91
7,5,5,20,35,49,70,5,44,69,80,91,99,4,17,24,46,91,6,5,17,33,34,46,88,4,23,44,70,90,5,3,5,6,91,94,5,28,42,56,70,75
6,3,2,19,69,4,27,42,67,91,2,44,76,4,5,27,30,98,3,46,50,59,2,52,61
9,1,68,5,8,28,52,61,98,1,7,3,5,8,72,2,8,17,2,66,70,2,17,70,2,33,66,3,5,28,45
8,4,17,65,91,94,2,28,70,4,0,31,33,84,4,2,20,45,70,3,26,27,39,3,39,48,98,2,23,75,3,14,52,70
5,4,2,39,46,72,1,5,2,22,84,3,59,61,70,2,41,91
6,4,2,20,42,81,2,0,70,1,61,2,61,70,1,79,1,17
14,4,20,39,55,70,1,23,1,28,2,45,91,1,79,1,39,4,2,59,67,94,1,95,2,0,49,1,19,3,8,46,70,1,61,6,7,8,56,70,91,95,3,3,17,84
5,3,69,70,98,4,5,44,54,61,2,30,75,4,56,75,78,80,2,28,87
6,4,20,34,87,94,2,49,57,1,17,3,2,26,79,2,91,93,3,65,69,89
10,6,37,69,70,72,84,91,4,45,54,91,95,4,1,26,43,69,2,29,79,4,2,6,24,91,5,29,34,45,66,91,5,0,39,43,64,98,2,5,45,2,0,19,6,23,28,42,56,70,91
8,3,30,42,91,1,57,1,5,2,5,56,1,1,2,62,80,1,2,1,1
7,3,34,75,91,3,52,69,94,3,3,70,75,2,35,72,1,42,4,27,30,38,91,1,50
10,3,5,13,45,1,24,1,41,2,8,56,3,1,2,70,1,24,1,73,2,70,91,4,44,70,72,93,2,34,52
11,1,61,2,25,61,1,97,6,2,5,43,52,54,95,2,62,98,3,33,57,91,1,91,2,2,27,3,70,75,91,4,8,61,79,91,1,2
3,2,45,91,1,10,1,19
10,1,50,2,54,75,2,2,92,2,62,89,2,8,76,2,19,45,2,84,94,4,10,55,62,87,1,8,1,98
9,2,75,91,1,34,3,13,45,54,3,20,41,91,3,20,62,91,3,27,66,91,4,49,70,91,99,2,79,94,6,17,33,35,69,89,94
6,4,8,43,70,72,4,8,22,34,61,4,8,46,54,71,4,22,23,24,27,5,30,59,89,90,91,3,34,41,70
7,2,39,52,2,33,93,1,2,3,27,91,94,1,98,1,49,1,61
4,4,2,3,17,91,6,6,27,29,42,70,98,5,8,35,45,57,91,6,20,27,42,84,89,94
18,3,29,57,81,2,1,90,2,22,68,1,54,1,83,2,2,93,2,8,91,2,8,61,3,52,59,90,2,44,45,4,2,39,56,61,2,2,70,5,2,33,65,69,70,1,0,1,45,2,5,56,3,35,70,91,2,49,91
7,2,33,42,1,45,1,45,2,57,61,1,8,1,91,3,71,79,91
12,2,33,70,1,56,2,22,45,2,17,45,2,33,70,2,3,42,2,8,67,2,17,84,2,6,59,4,17,23,27,70,2,59,70,2,70,90
4,2,52,61,3,27,28,46,2,50,91,2,17,84
11,6,3,23,42,46,70,91,5,2,6,56,70,76,5,35,41,70,84,98,5,22,35,44,52,84,6,14,34,45,54,75,91,5,17,61,63,66,75,5,2,34,56,67,70,5,1,3,76,79,99,3,72,83,94,6,8,27,31,35,42,91,4,45,56,57,61
8,1,50,2,26,79,1,70,1,31,1,91,1,82,1,65,2,62,89
11,3,5,56,72,3,14,28,91,5,2,22,27,70,91,2,42,45,3,49,50,65,2,2,81,3,1,27,45,2,24,61,3,39,69,70,4,8,42,52,97,4,26,61,66,91
9,7,5,17,26,29,32,52,91,5,24,34,39,54,91,4,42,61,68,91,4,26,35,41,91,3,23,90,95,3,19,33,37,2,70,95,5,42,66,77,94,97,4,69,70,98,99
4,4,3,23,69,99,2,33,52,4,0,17,25,45,3,34,42,94
7,6,20,45,52,54,69,91,5,23,35,45,52,87,6,2,17,29,32,61,94,4,1,23,34,90,6,0,20,42,45,49,83,4,8,18,27,45,4,26,35,70,75
5,2,2,39,1,46,1,82,1,49,1,34
16,3,45,50,93,1,80,4,8,72,75,78,3,45,64,94,4,43,59,70,82,3,33,34,38,2,3,45,3,80,84,94,3,6,31,33,2,52,79,3,2,27,33,3,18,27,32,1,91,3,2,23,69,3,20,37,61,3,27,44,66
6,6,17,27,28,33,63,70,2,70,79,2,23,66,1,79,2,79,89,2,27,65
11,3,27,70,93,4,23,41,42,66,4,8,20,56,91,6,28,34,35,61,68,95,2,34,42,6,3,22,33,45,50,70,4,33,35,52,91,5,3,5,22,24,37,9,0,2,5,8,17,25,70,72,91,6,52,54,57,78,84,90,7,1,25,34,45,70,73,91
4,2,33,94,2,70,72,1,5,2,33,91
7,2,34,91,3,52,78,84,3,3,67,79,4,33,39,46,91,3,35,42,45,6,1,2,6,23,39,43,4,17,27,44,80
13,1,1,2,23,87,2,61,69,2,28,46,3,84,91,92,5,11,41,58,70,91,1,17,1,98,2,52,98,2,3,91,2,84,91,2,2,52,2,27,42
9,1,5,3,26,91,93,3,2,5,66,3,27,62,90,3,17,79,97,2,56,70,4,2,34,45,68,5,23,29,39,61,90,1,66
9,2,70,94,3,19,27,61,2,22,42,2,2,8,2,14,18,2,3,91,1,28,2,79,91,2,13,42
5,3,17,45,91,3,2,61,70,1,27,6,22,34,49,57,79,90,3,5,17,27
8,1,26,4,1,27,46,61,2,70,94,2,2,61,2,45,91,1,94,2,32,91,2,79,91
15,4,3,69,76,79,5,13,45,71,89,91,3,8,27,62,7,1,19,25,34,45,90,91,2,89,91,6,17,32,35,67,72,91,5,8,27,34,39,82,6,61,62,66,70,72,78,5,34,45,66,70,72,8,2,39,42,56,61,66,71,78,5,5,8,70,91,94,2,46,98,8,2,4,5,22,42,58,59,88,6,24,34,38,50,56,70,4,2,17,61,63
6,3,54,70,80,2,22,29,2,0,91,2,25,91,1,72,4,24,49,70,91
8,2,23,59,3,29,43,81,3,26,32,70,2,22,28,2,69,78,1,32,3,34,44,79,1,45
5,2,24,98,1,32,1,89,2,22,91,1,99
3,1,29,1,59,2,28,61
6,2,47,70,3,61,82,93,4,8,39,50,83,2,17,84,3,17,33,44,3,17,34,91
10,10,3,27,28,42,45,61,67,78,84,91,5,2,61,80,89,91,3,25,52,91,2,3,46,5,27,61,80,91,98,4,5,23,45,70,5,35,44,45,66,89,5,23,44,54,61,91,6,8,10,19,43,61,91,1,89
8,2,3,57,2,13,52,1,17,1,54,1,52,2,50,66,1,28,1,91
11,1,5,2,23,66,2,52,91,2,42,81,2,89,98,2,29,94,2,91,97,1,79,2,5,91,3,17,46,79,1,17
7,1,35,1,64,1,3,1,91,1,99,2,23,84,1,32
10,3,19,27,28,1,33,4,8,61,71,72,3,33,49,56,5,3,28,29,54,70,4,20,22,57,87,2,50,71,2,70,98,7,2,26,52,67,68,90,98,1,70
5,2,5,45,1,46,2,5,54,1,45,1,28
8,3,28,29,68,4,2,5,19,61,4,17,34,69,71,3,3,34,45,2,75,85,3,27,61,63,3,25,52,75,2,14,27
1,1,61
5,1,27,2,8,27,3,5,66,91,1,49,1,28
7,5,27,30,54,91,98,5,33,61,62,80,91,1,45,4,29,46,70,90,6,11,34,49,67,70,78,3,17,42,83,3,70,84,91
4,3,1,17,91,3,10,89,97,4,8,56,70,80,3,2,8,45
11,3,23,29,91,3,2,72,91,5,2,20,28,45,94,1,50,1,33,5,45,54,56,62,72,3,17,22,98,2,26,94,4,3,5,17,28,3,2,61,92,3,2,27,91
8,1,94,1,5,3,14,78,94,1,79,1,17,1,6,1,3,1,86
10,6,2,5,28,66,91,93,5,26,33,84,91,93,5,2,20,53,62,94,7,3,17,27,32,61,62,95,2,26,32,3,2,17,23,3,20,59,61,2,17,79,4,19,34,70,89,5,22,26,29,45,70
8,1,61,1,84,1,42,1,84,1,83,2,62,76,1,89,1,22
4,3,4,33,59,4,4,8,45,94,2,50,91,2,5,91
3,1,91,1,17,1,35
6,1,22,1,3,1,17,2,17,70,2,5,6,4,54,62,72,75
8,4,2,5,32,33,4,46,50,70,75,4,27,59,84,91,5,32,57,60,69,98,3,46,67,91,4,2,45,71,91,5,32,49,54,61,72,6,8,17,33,54,61,90
5,1,78,3,59,84,91,2,45,67,2,18,65,3,3,70,91
6,3,2,39,91,3,3,50,70,5,3,8,27,70,91,2,33,70,3,5,27,64,3,28,29,42
4,1,5,2,8,17,2,66,79,1,49
3,2,1,91,1,70,1,45
7,2,5,46,3,26,91,93,2,27,62,1,99,1,17,2,2,45,2,17,45
6,1,56,2,32,95,1,91,4,23,56,91,97,1,28,1,58
6,2,17,61,2,22,27,1,43,3,22,69,97,1,45,3,1,26,27
8,2,45,70,1,3,1,91,1,79,1,97,1,91,1,8,1,64
5,2,34,91,3,25,27,94,2,27,59,2,8,17,1,91
3,1,2,2,70,79,1,67
10,5,46,54,55,72,89,5,2,5,34,84,91,6,5,8,27,46,70,98,2,24,75,2,19,61,3,8,35,70,3,22,45,61,2,56,61,2,34,35,4,1,5,42,91
8,1,8,2,29,39,1,45,3,37,90,97,3,3,49,91,1,1,3,17,35,44,2,1,44
9,3,19,42,86,3,43,56,70,3,34,57,84,3,10,54,70,4,22,76,80,92,2,71,85,4,17,34,91,93,6,2,5,27,41,55,61,2,70,97
11,2,1,61,2,5,35,2,8,27,3,45,69,91,2,22,50,2,23,27,3,67,90,94,4,45,46,54,97,5,1,2,43,49,65,4,29,42,62,98,3,22,29,32
9,8,2,17,27,28,33,61,79,91,4,7,23,92,94,3,17,24,84,8,2,3,22,24,52,54,70,73,4,35,44,45,91,4,22,26,91,94,5,30,56,61,63,72,5,2,45,61,72,75,5,5,22,54,75,90
8,2,5,98,2,61,70,2,10,73,2,24,59,2,70,72,1,61,1,69,3,27,34,52
7,1,23,1,65,1,78,2,61,65,1,56,1,2,1,56
8,2,17,20,2,24,66,1,2,4,2,5,35,62,2,34,52,4,5,22,56,91,2,31,52,2,69,84
8,3,2,22,23,1,84,3,3,68,91,2,27,67,3,27,42,95,3,13,20,52,3,17,39,89,2,11,33
13,2,8,22,3,35,46,80,2,27,61,1,76,2,69,97,2,8,61,3,34,43,87,2,2,46,1,39,4,0,42,45,94,3,2,66,79,3,8,61,98,2,3,45
14,2,70,75,1,91,3,8,10,22,2,61,91,7,3,45,46,61,72,91,92,2,0,62,1,24,2,22,72,1,45,3,1,8,17,3,19,94,99,2,3,9,3,3,81,91,2,28,37
12,1,2,1,45,1,69,1,90,1,90,2,84,90,1,6,1,70,1,17,1,5,1,26,2,22,42
3,2,5,70,1,76,2,69,89
8,1,17,1,79,2,66,91,1,35,1,91,1,87,1,77,1,45
8,3,5,39,70,4,3,46,91,94,4,20,50,66,80,4,8,27,61,91,4,3,76,87,97,5,2,11,61,67,91,4,8,10,17,49,4,8,13,31,90
9,2,18,67,4,25,33,45,91,2,23,27,2,5,70,1,79,3,23,54,67,4,33,66,69,70,3,2,17,56,2,86,93
13,3,50,70,72,1,94,2,76,86,2,84,89,2,71,91,3,39,43,90,1,33,4,5,60,91,99,1,29,3,27,65,67,1,39,2,66,78,2,61,71
12,3,69,70,71,2,23,52,3,17,28,44,1,23,4,54,61,93,99,2,27,28,1,79,4,54,70,90,98,3,62,64,90,3,63,75,91,2,17,87,1,86
7,3,23,62,95,4,3,17,19,91,3,23,46,53,3,54,93,98,2,27,64,2,90,98,2,62,90
6,1,52,1,57,1,87,1,62,1,70,1,61
7,4,34,35,56,67,3,2,33,94,2,27,72,1,72,2,28,61,1,43,2,21,64
8,5,3,8,11,67,90,3,29,70,73,3,8,28,91,3,19,66,91,3,13,22,75,4,8,32,54,90,5,22,25,28,52,70,2,46,91
6,2,4,70,4,8,28,45,89,3,8,25,27,3,10,67,91,2,0,5,3,45,46,82
13,1,45,3,33,37,70,2,84,87,4,3,25,91,98,4,2,3,20,44,2,45,70,2,8,70,3,6,29,70,1,27,1,45,5,17,27,64,70,87,3,19,54,84,5,2,5,49,65,82
9,2,1,43,3,32,70,91,7,2,7,52,54,60,82,91,4,27,71,72,94,3,7,27,56,6,2,19,35,62,70,91,5,2,5,28,70,90,7,18,27,29,42,79,89,98,5,2,3,33,81,98
9,6,3,5,32,35,76,95,2,52,91,4,33,65,70,73,3,28,61,98,3,2,52,91,3,27,44,91,4,5,63,85,88,4,32,70,72,83,5,2,28,91,93,94
4,1,8,1,68,1,70,1,17
8,3,2,3,46,2,26,27,1,44,1,54,2,62,98,2,54,91,1,8,2,23,52
6,1,79,2,56,70,1,78,1,2,1,2,1,2
13,7,5,22,45,46,62,86,91,6,7,25,44,45,61,94,4,2,33,57,70,6,6,42,69,93,94,98,6,8,17,39,44,45,99,7,2,45,52,61,72,89,90,2,69,86,1,90,9,1,4,5,21,22,34,39,79,91,3,33,44,89,7,0,1,2,17,23,70,78,2,10,62,5,1,6,33,66,91
11,2,3,59,3,5,10,18,2,45,55,9,2,29,33,44,45,52,59,61,66,2,22,87,2,34,70,2,20,99,2,70,98,3,17,27,52,6,0,6,8,27,45,66,1,8
5,2,59,70,2,20,61,2,49,91,1,54,1,46
8,2,62,79,2,45,79,2,2,52,3,27,61,84,1,83,1,66,2,27,79,2,29,52
6,3,5,22,70,1,16,3,20,21,89,1,33,2,70,91,3,8,32,70
8,2,38,84,1,57,3,6,45,63,3,28,52,94,2,61,89,2,28,63,1,83,2,61,72
8,3,5,13,61,2,52,62,1,10,4,0,45,55,72,1,73,1,54,2,8,70,2,27,48
10,3,33,70,84,5,1,2,47,61,70,2,27,66,3,32,45,68,1,10,4,46,75,76,87,3,17,26,98,4,41,59,77,91,4,28,30,33,46,2,62,84
9,1,36,1,50,1,45,2,2,11,1,21,2,45,98,3,45,57,91,2,22,23,2,70,72
8,2,39,69,1,2,1,84,2,3,91,1,16,1,42,1,33,2,14,22
10,1,23,3,3,67,78,1,78,1,91,1,27,3,25,59,61,1,91,2,2,87,1,44,1,29
3,1,39,1,20,1,54
12,4,2,5,52,61,1,34,4,22,23,45,46,4,8,34,50,84,7,48,52,69,70,72,76,91,3,8,27,54,6,45,56,91,94,95,97,1,59,1,91,4,2,22,27,93,1,70,2,33,42
9,1,69,2,2,19,3,2,5,8,3,8,34,68,2,22,91,4,39,45,72,91,2,64,66,1,2,1,46
5,5,5,23,35,61,98,1,2,2,2,5,2,4,52,2,5,87
9,1,22,3,8,19,33,2,56,62,2,1,34,2,66,90,4,2,17,46,91,2,45,46,3,27,62,98,2,32,91
10,1,91,3,49,61,91,1,42,1,2,1,44,1,52,3,26,61,79,1,2,3,59,76,94,1,81
5,1,33,1,72,1,80,1,70,3,5,27,91
5,1,19,1,8,1,10,1,34,1,69
13,1,23,3,5,59,91,1,45,2,45,91,2,63,97,2,46,70,2,27,61,2,62,84,2,32,98,2,63,65,2,20,98,4,5,27,61,70,1,54
13,5,9,19,28,70,87,3,71,91,95,3,5,78,91,2,5,90,5,2,3,17,45,50,4,7,27,71,91,2,2,90,3,28,91,94,2,33,56,1,91,3,22,80,83,3,20,52,98,1,22
8,3,3,32,84,2,29,39,3,5,17,70,1,23,3,41,61,91,1,61,4,42,56,91,94,5,1,6,46,82,91
4,1,84,2,11,90,2,35,66,4,34,35,67,91
8,2,69,91,2,57,60,2,52,83,1,61,2,16,59,2,22,45,3,2,59,91,1,27
8,4,22,34,72,91,5,2,19,23,27,87,3,1,17,78,5,1,3,35,50,78,4,32,34,61,91,2,3,44,4,17,70,75,91,5,19,42,63,82,91
5,2,72,75,2,54,94,1,38,1,79,2,5,46
8,1,72,5,8,16,23,62,99,4,22,34,61,69,1,91,8,5,8,10,23,27,46,71,85,4,19,23,70,87,2,8,44,7,1,2,8,30,61,86,91
7,5,8,12,61,70,87,4,24,50,70,76,5,9,27,85,89,91,5,39,52,69,70,72,6,5,8,16,33,54,69,4,0,20,57,70,3,23,62,97
9,1,72,1,99,1,41,1,1,1,72,1,17,2,33,91,2,5,88,1,90
4,2,17,20,1,61,1,2,4,8,27,46,70
8,3,26,61,91,3,10,19,61,3,29,41,90,2,21,59,4,8,61,91,95,3,2,34,85,3,0,46,62,3,0,76,90
8,4,5,26,35,45,4,29,45,70,91,3,56,70,98,3,22,89,90,3,45,61,62,3,1,52,93,6,1,20,39,44,45,54,1,34
4,4,39,45,52,61,4,10,33,72,93,4,33,59,61,98,5,0,6,27,33,91
10,4,50,90,91,97,5,5,49,61,91,93,9,1,34,44,52,54,70,86,89,91,5,4,13,27,44,61,4,56,59,61,91,2,4,70,3,52,71,91,4,5,45,79,91,4,10,17,22,39,4,23,46,71,82
7,3,22,62,70,3,32,61,83,1,3,1,8,1,33,1,8,1,98
11,3,27,79,91,4,45,72,78,79,3,24,27,84,3,8,57,61,3,84,90,91,3,10,17,98,7,6,8,26,34,39,61,98,3,1,31,59,1,21,3,32,34,69,3,20,23,84
6,1,8,1,71,2,2,40,1,5,2,54,90,1,26
13,4,2,42,67,85,5,2,44,45,89,91,4,1,19,91,94,5,0,4,27,62,91,4,8,10,44,56,3,23,50,62,4,6,8,28,69,4,23,35,45,91,5,34,38,50,54,61,4,2,25,79,83,4,3,45,70,97,4,8,27,52,94,4,27,56,61,69
12,2,22,91,1,66,1,76,2,41,52,2,2,33,2,52,56,2,0,75,2,33,67,2,70,78,2,5,72,1,35,2,19,57
1,1,5
9,1,8,3,8,61,66,5,34,44,45,52,91,4,2,24,57,82,4,66,72,82,91,6,0,2,5,25,41,70,4,5,62,75,94,5,3,8,27,64,91,5,1,8,13,29,91
7,1,91,2,0,8,1,84,1,62,4,8,44,57,61,2,5,41,2,45,83
2,1,70,1,94
10,4,2,37,50,66,3,4,17,52,3,17,61,65,3,34,89,99,4,3,5,20,27,5,4,45,61,87,91,7,4,5,23,41,70,91,93,4,8,44,79,87,1,2,3,3,56,64
9,6,1,8,27,50,70,98,3,50,52,76,4,1,43,70,81,9,5,41,49,56,61,66,82,84,93,2,0,98,6,25,29,39,69,75,90,4,17,19,54,83,5,3,22,70,72,90,3,45,63,90
11,4,3,7,17,94,2,29,34,3,22,54,90,1,93,4,45,50,86,91,4,0,17,69,70,2,27,61,3,5,45,50,3,35,45,57,3,27,91,94,3,27,45,54
3,1,34,1,94,1,70
6,4,6,68,89,91,2,17,98,3,39,42,91,4,28,29,68,70,4,22,26,49,70,6,14,42,52,54,61,62
9,4,54,59,69,83,6,7,59,70,72,80,84,4,25,59,89,91,4,8,64,78,91,2,34,79,4,33,45,61,62,4,6,27,45,84,2,3,70,4,26,28,45,63
10,2,52,95,3,35,52,67,3,5,22,70,4,5,27,57,60,5,3,32,52,67,90,3,8,33,70,1,28,3,43,72,91,3,70,78,87,3,29,59,61
6,2,5,23,1,28,1,28,2,17,91,1,90,2,1,45
6,1,45,2,5,91,1,8,2,41,70,2,8,22,2,28,34
7,2,27,98,3,19,61,91,2,1,32,3,66,95,97,2,56,70,2,2,45,2,29,70
11,2,8,79,3,3,32,91,3,33,39,91,2,54,90,2,20,42,2,8,20,2,34,91,1,84,2,27,94,3,28,67,89,2,56,67
6,2,11,90,3,34,56,94,4,27,29,34,81,2,5,84,1,16,3,27,80,84
9,7,17,44,50,72,79,91,93,5,0,33,57,61,66,2,45,75,3,1,27,52,3,19,37,52,4,17,27,29,33,2,46,91,1,44,3,17,29,91
7,5,8,26,64,70,91,4,8,46,52,56,3,16,59,70,2,23,46,3,45,64,70,1,72,2,1,69
8,2,22,87,1,27,2,29,91,1,27,1,61,1,91,1,19,2,27,29
10,4,68,70,75,90,2,8,75,4,17,33,34,54,2,36,97,2,89,98,3,17,21,27,5,5,34,54,68,70,4,55,57,61,62,1,1,2,17,33
10,3,17,72,94,5,29,33,66,89,91,2,72,75,2,10,46,3,16,56,61,2,5,8,6,4,8,17,27,59,84,3,50,84,90,3,7,50,63,2,4,91
7,2,11,17,1,61,2,17,70,1,8,2,7,50,2,72,91,3,17,28,91
11,4,2,3,23,76,4,28,56,61,91,5,27,28,56,79,91,4,17,22,24,45,3,5,90,91,5,3,22,27,61,75,3,20,27,45,3,42,66,91,3,29,49,69,5,5,8,22,39,91,4,28,37,45,70
11,2,2,34,1,91,3,33,43,45,2,28,98,1,56,2,62,98,1,2,2,1,52,2,23,72,7,2,8,23,24,33,72,98,3,5,84,91
9,3,44,64,86,3,8,27,59,4,17,45,66,76,1,20,4,17,29,39,59,3,35,80,92,1,67,2,2,25,3,24,75,79
18,3,26,57,89,2,33,69,3,23,63,69,3,45,72,93,4,27,29,73,91,4,27,28,44,86,3,29,35,57,3,52,70,78,2,52,86,1,72,3,22,61,95,2,35,91,4,0,34,44,91,3,8,44,91,4,21,62,72,90,2,26,61,2,25,49,4,27,59,61,69
8,9,0,1,17,19,46,52,69,70,93,7,17,22,24,28,32,68,82,10,7,24,34,46,61,66,70,81,84,91,6,24,29,52,56,84,91,8,7,17,27,39,44,54,84,94,8,0,2,8,24,32,61,67,79,8,0,2,17,21,45,54,70,90,6,3,8,27,33,45,56
9,5,29,42,67,76,91,4,2,35,44,90,4,29,41,91,94,6,2,5,17,54,78,91,5,39,52,66,78,91,4,8,23,27,71,2,3,50,5,2,7,61,70,71,4,52,61,69,89
13,2,34,91,2,1,33,4,4,5,17,91,2,52,61,2,0,59,3,8,44,70,1,90,1,84,3,6,42,79,2,3,46,2,72,94,1,72,4,8,28,64,91
2,1,44,1,27
6,3,33,39,91,3,62,75,91,2,83,91,2,69,98,1,61,3,3,34,45
8,3,11,80,90,2,38,79,1,59,2,0,61,3,24,76,91,2,11,35,2,45,70,3,10,56,72
6,1,17,3,22,24,44,2,59,91,1,70,2,34,91,1,45
6,1,91,2,70,75,3,5,20,34,2,25,54,2,70,98,2,27,68
8,1,72,1,27,1,33,1,29,1,23,3,2,54,57,1,99,1,52
15,9,7,17,56,66,68,71,80,89,90,3,27,42,86,7,2,3,20,28,35,80,84,6,1,8,20,29,61,94,5,19,52,61,70,83,7,2,7,8,22,23,61,84,7,14,17,43,45,54,84,94,6,27,29,33,40,54,68,5,13,26,34,52,91,6,6,46,66,69,79,91,2,5,28,5,7,46,66,67,91,6,17,37,39,45,89,94,6,17,56,72,79,90,98,3,0,33,91
2,1,45,1,70
6,1,39,2,33,79,2,2,34,1,0,1,61,3,10,19,72
8,1,62,1,17,2,14,66,1,46,1,24,2,49,76,2,27,90,3,8,13,91
8,1,93,4,11,89,90,91,1,46,2,7,66,4,2,7,27,70,1,8,5,4,27,46,69,91,3,5,27,45
10,2,46,85,2,39,91,1,69,1,4,2,22,52,1,35,1,8,1,61,1,91,2,24,75
14,6,4,26,27,35,70,91,3,33,70,90,2,42,69,4,17,22,29,85,4,17,34,39,91,4,2,23,35,91,3,32,34,49,5,8,35,52,61,67,4,62,72,91,94,5,46,62,69,70,90,6,2,27,66,70,75,79,3,8,34,45,3,20,54,57,5,1,6,62,72,84
8,1,70,2,39,61,1,54,3,45,52,65,1,99,3,2,45,91,3,17,27,91,3,2,27,72
10,5,1,8,27,79,91,4,27,34,69,70,6,8,28,34,52,56,98,4,33,38,46,87,1,45,3,79,82,91,6,2,29,66,70,79,84,7,5,27,30,67,72,90,98,6,20,21,22,32,54,80,4,8,42,44,45
5,3,13,78,91,3,2,28,42,3,1,84,87,1,52,3,20,32,98
8,2,42,98,3,35,43,62,1,95,1,1,2,8,69,5,3,22,31,39,54,2,89,90,1,81
6,4,17,32,61,65,4,27,46,52,98,3,27,52,70,4,2,22,24,61,4,2,17,27,59,4,20,67,90,91
7,3,2,35,41,3,8,17,46,3,26,27,54,4,37,42,61,62,1,98,1,50,5,8,34,44,45,84
4,1,27,1,23,1,61,1,17
7,2,29,70,1,84,2,2,26,2,33,94,2,24,50,2,0,1,1,24
10,2,8,25,5,34,61,71,78,91,3,13,90,98,2,8,64,3,5,61,99,2,5,61,2,27,70,4,0,15,56,99,3,11,35,61,4,11,27,45,52
6,2,7,68,1,3,1,1,2,45,70,1,54,1,5
8,2,49,59,3,22,56,71,5,17,35,44,54,87,3,5,13,17,2,42,94,4,3,27,45,80,3,6,8,45,2,45,72
5,3,52,83,98,5,33,59,80,90,98,4,2,42,50,78,2,5,35,1,22
2,1,3,1,35
9,4,28,61,89,90,4,23,80,91,93,3,17,44,91,4,23,45,79,91,4,54,86,93,99,3,17,27,33,5,1,27,65,90,98,4,0,50,62,90,3,3,88,91
11,4,23,70,75,99,2,91,99,2,27,64,3,21,41,94,3,38,45,99,3,6,17,44,2,8,52,1,4,1,24,1,23,1,91
14,3,50,73,91,4,26,43,70,94,5,45,54,56,70,79,6,0,8,31,34,44,75,2,2,23,3,2,68,70,3,52,61,66,2,72,91,4,57,72,91,95,4,2,8,27,98,3,8,17,70,5,3,33,67,84,90,2,2,32,2,1,91
14,2,45,66,3,22,33,80,4,0,29,61,75,4,8,61,89,98,3,34,61,70,3,78,79,95,6,0,8,27,29,63,84,3,29,90,91,3,27,52,84,2,5,46,5,11,35,45,83,87,4,17,32,33,94,2,34,61,4,8,20,50,64
5,1,61,1,16,2,22,46,2,42,83,3,9,17,28
8,4,33,49,57,78,2,54,72,3,5,41,94,2,1,39,1,68,2,86,91,2,22,70,1,67
11,3,1,2,91,3,34,46,90,5,45,52,79,84,86,4,20,23,61,79,5,8,17,67,70,91,4,3,28,34,57,6,5,23,39,56,70,84,2,50,69,3,27,67,97,5,0,17,23,50,91,3,26,33,54
7,3,23,61,90,1,67,4,8,17,33,89,2,5,28,1,94,1,90,2,45,70
7,2,0,25,3,23,45,65,3,20,29,97,5,5,23,48,84,91,3,42,72,82,4,8,17,28,41,3,17,30,91
10,2,70,91,2,17,33,4,17,27,56,71,3,4,35,46,2,27,61,1,20,2,37,44,2,17,29,1,26,2,2,29
11,9,0,2,17,29,45,70,78,91,98,2,34,45,7,6,17,35,39,62,67,84,5,17,27,78,83,91,2,3,70,6,3,20,76,84,91,94,6,2,35,41,67,70,85,6,1,23,42,70,79,88,2,26,72,7,8,23,61,63,70,79,93,2,28,35
6,2,2,35,2,23,26,1,33,1,27,1,0,1,17
6,2,45,84,4,27,59,70,94,1,32,1,45,1,94,2,14,53
11,3,2,27,91,4,2,42,52,73,4,2,3,14,26,2,91,94,4,2,5,28,54,2,32,39,1,30,2,23,94,7,17,22,54,62,70,72,75,4,61,70,72,90,3,7,17,61
7,2,68,72,2,2,94,3,8,28,65,1,54,3,30,42,94,2,23,69,2,34,90
10,2,42,91,2,28,42,2,20,78,2,24,72,3,45,90,97,1,95,4,5,24,45,62,4,24,29,45,52,1,72,3,23,62,67
9,5,5,45,54,75,92,5,5,27,46,62,98,3,19,35,45,2,61,82,3,66,91,94,7,2,8,27,28,50,87,94,5,39,50,52,54,61,4,22,28,70,94,2,17,68
8,4,33,34,64,98,3,27,54,70,4,16,27,70,73,4,2,20,34,70,5,0,17,42,49,91,1,56,3,43,45,94,4,34,46,61,91
6,1,56,1,15,2,91,97,1,8,1,22,1,88
7,2,27,50,2,5,83,3,8,35,76,1,61,2,20,45,2,3,98,1,26
12,3,2,34,91,4,5,32,67,91,2,27,91,1,84,2,39,45,3,7,35,46,4,39,61,72,76,1,82,4,33,82,90,93,2,5,66,1,1,1,70
6,7,20,27,42,59,67,78,92,4,19,24,44,57,6,4,8,59,61,91,94,5,3,17,20,54,72,7,17,23,45,59,67,75,91,3,23,42,79
8,4,5,13,26,61,5,22,24,72,83,91,2,69,91,2,19,23,5,19,33,52,69,83,3,91,98,99,4,26,34,72,91,3,24,45,57
11,1,45,2,8,84,1,91,1,33,2,57,59,3,8,42,67,2,42,61,1,56,1,52,1,67,1,91
12,1,91,2,28,84,2,31,84,2,35,61,3,44,49,91,1,61,4,2,6,72,79,1,21,3,26,52,75,2,39,91,4,33,61,79,87,1,79
11,3,27,35,50,4,5,20,33,45,2,61,99,2,27,33,3,29,61,99,3,23,52,91,2,17,75,3,25,45,94,7,23,27,32,52,72,90,91,3,27,70,91,1,17
10,2,90,91,2,50,87,2,23,24,2,13,93,2,68,91,2,44,89,4,2,34,59,90,3,17,70,99,1,89,2,46,70
10,4,1,44,72,91,2,4,91,4,3,8,33,91,2,25,27,3,2,23,42,8,3,8,42,46,52,61,70,79,5,3,5,20,56,61,3,2,8,27,3,7,64,91,4,28,29,45,54
6,4,2,42,78,84,2,61,70,3,17,23,42,3,8,54,70,3,27,28,91,3,23,50,61
10,1,91,2,5,61,4,7,62,70,91,3,42,46,98,2,17,70,4,2,8,56,78,3,5,70,99,5,27,48,59,76,92,3,6,30,91,2,45,49
6,4,25,29,70,72,4,39,62,70,75,4,59,72,75,86,4,5,28,33,61,4,5,8,28,88,3,0,83,98
9,2,32,61,1,28,1,78,2,19,61,3,22,31,61,2,17,52,2,45,52,2,17,63,2,20,68
7,1,91,1,35,1,2,1,52,1,26,1,61,2,49,91
9,1,69,1,86,2,2,19,1,22,4,8,52,69,91,3,52,61,68,2,22,45,2,2,33,2,66,70
9,2,33,79,1,33,6,2,3,34,52,59,95,2,29,41,3,5,75,79,1,45,2,8,33,1,54,1,24
10,7,3,7,8,30,42,61,70,6,45,52,56,67,89,94,2,65,75,7,8,27,44,57,59,61,81,3,33,76,94,4,2,50,67,87,7,3,17,30,42,52,72,80,6,1,8,11,28,44,84,4,5,22,62,70,7,7,30,45,61,66,70,91
7,2,23,45,3,41,59,61,5,1,22,32,46,67,3,28,61,70,1,28,3,19,67,91,5,2,42,52,72,88
13,6,3,29,58,70,72,87,1,70,2,5,27,2,10,82,3,7,26,28,1,50,2,42,91,1,83,1,1,1,45,2,44,54,2,19,70,2,2,69
13,3,23,44,56,3,70,84,90,4,3,52,62,70,4,8,22,44,61,2,70,79,2,28,98,1,52,6,8,27,33,34,44,62,5,50,52,80,84,91,1,14,6,39,56,75,84,89,94,2,5,90,1,61
8,4,19,54,70,78,3,32,50,91,3,10,61,70,4,1,34,67,91,3,7,8,85,1,79,3,13,52,91,4,23,72,84,91
8,5,3,33,34,52,72,6,0,8,27,42,79,90,5,19,22,41,66,91,2,27,91,3,57,62,98,5,8,37,45,89,90,1,34,4,45,72,87,94
7,6,7,38,41,46,84,90,7,2,17,22,27,46,67,90,6,36,39,63,70,78,79,6,2,20,44,70,72,91,3,5,42,70,3,27,72,91,5,17,42,65,66,73
9,2,72,75,1,65,2,20,46,2,24,78,2,52,93,2,23,39,1,61,3,8,57,89,1,29
8,5,1,3,62,89,91,3,45,84,89,8,2,28,31,35,52,54,57,79,4,42,50,80,97,6,22,23,52,84,91,97,4,2,4,17,49,5,27,45,52,81,91,6,25,54,61,69,70,91
11,4,5,27,61,84,2,55,72,5,5,7,19,50,91,3,2,33,50,3,5,62,63,3,8,54,61,4,3,59,61,91,2,59,70,3,34,75,90,1,8,5,72,76,79,84,92
6,1,54,1,91,1,26,3,20,45,79,3,5,45,70,1,27
11,4,2,9,32,90,3,1,27,91,6,4,8,23,50,52,91,2,33,52,4,2,22,42,57,3,8,19,68,2,20,93,5,8,39,42,49,82,2,35,66,5,0,17,27,32,66,4,19,29,44,50
6,1,23,2,17,20,1,23,2,54,93,2,27,76,2,90,98
9,2,2,61,3,41,56,63,3,10,84,91,2,20,27,1,75,2,20,29,1,81,2,20,70,2,45,91
3,1,34,1,39,1,45
3,2,27,50,1,83,1,8
2,1,59,1,91
9,3,23,56,66,3,6,29,73,3,16,83,87,3,34,41,78,1,90,3,50,67,71,3,8,34,44,3,4,50,91,2,3,20
8,6,24,46,50,61,70,91,4,29,70,78,83,7,3,20,27,28,42,46,79,4,42,45,61,91,5,27,33,49,81,91,3,5,70,91,3,8,17,67,1,29
7,4,1,24,27,61,1,27,2,32,56,1,66,1,67,1,39,2,24,84
9,2,21,62,3,7,57,79,2,56,61,2,2,64,1,2,1,4,3,75,90,91,1,91,1,84
6,1,45,1,27,1,34,1,8,2,14,17,1,72
7,2,5,91,3,2,52,56,2,10,70,3,2,56,90,2,41,68,2,33,44,2,5,59
11,6,29,35,42,61,67,80,7,5,17,22,28,49,67,93,5,6,23,44,45,98,4,27,49,70,72,1,84,4,37,45,52,91,5,6,8,36,45,61,4,33,49,63,70,4,17,33,54,94,4,34,43,46,52,2,44,94
5,1,61,1,28,1,42,1,68,1,92
9,1,90,2,17,98,1,56,1,99,1,31,1,27,1,39,1,59,3,3,52,91
11,5,22,23,72,75,98,5,24,42,83,89,94,5,17,29,38,79,87,3,33,57,61,4,23,25,45,90,5,54,63,65,79,93,5,3,27,46,50,98,7,1,3,4,56,61,90,98,6,5,6,17,49,72,91,8,3,19,22,62,67,70,71,90,3,19,72,91
15,4,1,70,84,90,4,5,43,46,88,1,30,4,3,17,78,91,1,91,2,2,27,6,2,5,20,61,75,91,2,45,70,1,49,2,2,70,3,2,4,35,3,22,65,87,1,2,7,5,15,27,34,61,86,91,4,5,9,39,69
8,1,70,4,2,34,72,73,2,17,84,1,13,2,5,24,2,3,91,4,5,25,42,45,1,2
12,3,8,18,91,4,24,33,46,70,4,5,13,66,78,2,68,69,3,8,46,98,1,27,3,34,52,94,4,52,65,70,87,2,52,70,4,23,41,67,91,4,1,17,91,93,3,1,39,91
11,1,70,2,72,84,1,3,1,23,1,73,1,70,1,3,1,70,1,46,2,8,56,1,57
12,2,0,72,1,78,1,17,7,8,33,46,49,50,76,89,3,62,70,91,4,8,34,70,91,3,1,3,61,3,29,59,86,3,50,56,76,2,32,42,3,61,87,91,4,62,78,90,92
8,4,8,19,28,47,4,2,43,52,63,2,22,70,2,29,75,2,72,76,2,10,87,4,27,67,68,89,5,27,61,72,83,91
4,2,23,35,3,1,2,45,1,91,1,54
4,1,91,2,23,93,2,23,52,1,45
3,2,75,97,3,16,27,61,1,24
9,1,87,1,98,2,27,46,1,42,1,99,1,83,2,21,83,1,88,1,28
9,3,34,61,88,2,27,69,4,1,4,42,69,7,23,27,34,66,70,89,91,1,72,4,2,32,50,75,3,17,61,78,2,20,70,5,22,27,34,78,97
8,2,45,87,3,5,54,61,1,65,3,32,62,91,3,0,27,42,4,8,20,70,93,2,5,46,3,27,48,70
13,5,22,33,52,56,70,4,61,70,72,93,6,0,8,25,34,42,65,2,45,91,3,3,17,18,4,1,61,63,72,4,33,52,61,79,2,2,50,4,3,8,19,72,5,1,8,11,29,56,3,5,34,91,2,22,25,4,1,32,50,71
6,1,62,1,29,1,61,1,66,1,3,1,78
9,2,35,94,2,27,64,1,91,2,35,87,2,1,84,5,3,8,42,72,88,2,27,69,3,27,56,57,2,45,48
8,4,14,25,79,91,2,2,61,3,1,27,42,2,45,72,2,2,91,6,1,7,45,61,84,91,4,1,5,27,90,3,62,70,91
6,4,8,42,91,98,3,3,62,91,2,45,48,3,17,27,70,3,27,33,98,2,7,79
7,5,4,8,52,70,91,2,2,13,1,33,7,8,25,27,44,45,71,91,4,2,3,10,27,5,27,34,45,54,56,4,19,34,56,75
7,6,1,5,19,27,70,91,2,2,52,2,52,90,1,35,3,45,82,91,4,25,28,45,58,5,6,10,42,49,70
8,1,17,2,2,45,1,46,3,70,79,87,2,27,91,2,30,88,1,21,2,34,44
10,3,54,55,89,2,45,73,4,5,13,32,42,1,93,1,1,3,8,27,71,2,46,62,2,1,75,2,20,25,1,65
9,3,3,47,97,3,11,27,90,2,10,20,2,35,66,2,52,84,3,11,35,67,3,44,45,54,3,17,61,80,2,33,49
8,2,1,83,1,89,3,17,70,87,2,44,45,2,69,70,3,27,70,98,2,17,54,1,20
9,1,90,1,2,4,54,61,90,93,1,61,4,2,52,61,98,3,68,84,91,1,52,1,91,3,5,27,70
10,3,2,44,79,5,20,29,45,70,84,5,26,27,59,61,79,3,2,22,27,6,2,17,54,59,66,84,6,21,33,43,49,66,91,2,4,89,6,34,44,61,63,73,91,3,39,45,59,3,17,69,70
4,2,69,70,4,39,61,64,70,3,2,26,34,3,5,61,63
2,1,90,1,94
4,3,17,33,92,1,24,3,7,33,70,1,72
5,2,65,82,2,34,91,1,17,2,2,70,1,27
9,1,8,3,29,56,91,2,20,71,2,2,40,2,39,54,1,91,2,5,65,2,54,90,3,26,29,45
6,2,34,91,1,62,3,52,66,70,2,27,79,2,2,94,1,23
9,2,61,70,1,70,1,34,2,61,63,2,1,91,3,2,33,91,1,44,2,90,91,2,59,79
8,3,20,45,79,3,35,73,91,3,70,72,91,3,5,17,84,3,6,70,79,2,34,52,2,54,79,1,76
4,5,0,17,35,69,70,3,62,91,98,3,17,41,44,2,35,52
8,1,2,1,61,1,0,1,70,2,72,86,2,19,79,1,66,1,61
6,1,39,1,49,1,45,2,27,50,1,98,3,8,59,94
12,1,91,2,69,70,1,56,3,19,69,70,1,5,5,33,34,35,70,84,2,33,90,4,21,27,28,91,2,46,70,4,29,52,79,91,1,84,1,79
8,5,26,70,78,84,87,6,41,52,69,70,91,94,5,2,10,23,25,90,1,22,4,16,23,35,70,6,2,3,5,57,66,91,1,56,5,2,17,20,81,90
11,2,20,94,1,49,1,26,3,34,46,75,2,61,91,1,28,2,27,65,2,67,72,1,6,2,0,70,2,27,61
8,1,1,2,72,86,1,45,1,91,1,34,3,33,34,91,2,45,98,1,33
