9,1,242,2,219,528,4,44,228,585,966,4,646,779,895,959,1,127,1,196,1,251,3,492,764,920,6,233,456,711,845,912,930
9,3,71,154,713,3,555,723,878,1,578,4,93,473,624,788,3,61,183,885,3,61,107,269,2,392,506,3,242,625,814,5,69,312,564,710,912
6,1,893,3,188,761,872,3,132,176,775,3,395,676,737,2,71,178,2,354,955
1,2,27,455
2,2,615,755,1,261
6,1,14,2,335,930,1,548,1,150,1,483,1,375
8,3,317,457,633,3,503,754,764,3,143,530,956,3,341,379,760,3,265,401,548,7,90,272,678,783,853,902,964,2,70,686,2,61,576
4,1,771,1,209,2,553,856,1,177
6,2,715,764,1,532,2,447,921,1,988,2,663,765,2,294,872
5,2,71,592,1,548,1,335,1,265,1,212
3,1,193,1,695,2,29,200
7,1,309,3,538,539,847,3,311,362,811,2,304,842,2,591,760,1,128,1,604
9,1,441,3,753,801,924,4,136,209,550,754,5,440,487,591,674,883,1,8,3,153,370,430,1,10,4,432,448,611,817,3,257,437,585
8,7,214,294,302,483,830,852,865,3,537,538,830,4,341,462,775,792,2,408,902,4,32,309,753,769,5,91,285,617,753,863,4,17,62,540,865,4,3,207,265,585
11,3,426,558,799,3,13,31,447,3,550,646,966,1,600,3,46,252,656,2,542,737,3,27,304,447,3,285,500,555,5,13,193,399,432,921,4,182,354,425,936,2,781,887
8,2,68,386,3,375,863,923,3,522,764,968,2,375,562,2,222,779,2,118,781,2,88,930,1,959
10,1,610,2,46,604,2,139,859,3,394,525,962,1,189,2,176,402,3,365,647,873,1,658,3,316,591,716,2,441,466
4,1,226,1,786,1,714,1,548
13,2,116,933,4,62,68,210,388,2,811,923,2,624,893,1,852,2,375,788,1,968,2,493,941,3,128,150,711,3,1,312,551,1,779,5,5,72,455,666,986,1,61
7,3,715,764,878,2,623,830,2,436,532,1,988,2,451,663,4,5,180,348,468,2,513,816
5,1,402,1,692,2,817,895,1,576,2,70,132
6,1,490,2,181,295,1,309,1,104,2,113,265,1,388
14,3,71,513,567,2,315,608,4,312,572,898,916,2,570,681,3,266,395,643,1,893,3,108,538,996,2,235,873,6,71,385,436,538,797,964,4,2,131,233,548,3,624,764,952,2,70,230,3,71,220,535,4,45,153,297,827
6,1,964,2,271,649,3,448,539,897,1,524,1,568,2,261,643
10,5,3,663,814,908,959,3,66,375,534,5,27,45,180,538,884,6,63,121,148,320,385,912,4,102,463,469,591,6,17,70,165,414,562,656,7,153,295,297,298,538,545,739,2,547,820,5,86,549,551,731,913,5,5,309,619,751,966
11,2,105,540,3,548,681,902,3,295,740,765,7,25,188,241,390,652,908,988,1,512,2,79,872,3,158,678,762,2,56,385,3,180,239,440,5,140,312,367,694,904,1,440
9,3,265,816,859,3,538,562,754,3,281,602,647,1,643,2,516,881,2,35,397,2,98,498,2,2,703,2,684,781
9,4,49,374,378,634,4,22,130,588,903,3,306,374,833,2,487,814,5,81,408,786,821,840,2,397,512,4,273,538,864,872,5,102,401,457,470,548,2,482,801
6,6,13,17,183,591,608,616,4,302,329,461,612,2,6,864,3,414,634,698,3,116,505,748,5,228,547,617,757,825
11,6,311,379,669,727,753,941,4,303,512,685,892,5,5,29,800,830,937,5,27,41,196,500,804,3,524,554,721,3,19,385,395,5,70,174,192,326,336,4,290,340,341,375,4,4,17,500,764,2,290,509,3,382,441,827
