36,3,93,754,764,2,196,872,1,188,1,775,2,260,799,3,128,242,761,2,528,713,3,723,956,966,4,592,616,774,941,2,44,585,1,219,1,548,3,71,183,885,1,624,1,176,2,135,619,3,269,395,912,1,473,3,242,578,930,2,71,228,2,392,788,3,551,714,959,4,312,711,779,930,2,71,261,5,127,150,257,548,626,1,127,2,272,902,3,61,251,625,1,513,4,311,646,649,895,4,69,492,710,764,2,579,633,2,845,921,2,375,780,1,564,4,57,70,498,757
30,4,192,317,753,865,2,131,193,1,771,2,209,492,2,209,817,4,311,362,487,550,2,8,695,5,441,553,589,795,856,3,155,440,674,4,136,447,503,921,3,457,548,600,3,140,550,749,1,46,4,118,335,532,611,6,212,294,302,341,514,865,2,128,646,4,265,853,964,988,4,150,290,339,883,3,61,143,530,3,39,90,189,6,70,78,192,663,686,903,2,71,592,3,385,387,432,5,29,145,200,399,842,2,801,924,3,70,265,645,2,267,554,3,8,34,765,3,188,294,872,5,257,514,585,591,761
38,4,13,70,131,226,3,139,830,859,4,143,558,753,786,4,193,386,610,646,3,31,447,558,1,714,3,189,408,966,2,312,550,3,537,548,923,2,375,604,3,483,542,737,1,902,6,5,32,455,500,769,779,4,321,540,827,937,4,62,91,210,656,1,149,2,207,538,4,341,753,770,792,3,852,863,887,3,214,309,852,3,17,62,304,4,27,182,447,962,1,176,4,354,775,884,936,4,252,264,285,432,2,46,61,3,316,591,600,2,462,716,4,226,279,655,781,2,411,864,3,46,576,779,3,375,781,916,1,711,4,375,555,585,658,2,808,959,4,88,399,441,959,1,425,5,13,72,206,617,921
32,2,71,402,1,490,2,572,817,3,116,878,933,1,873,2,68,576,1,61,2,532,916,6,237,692,902,921,923,940,1,623,1,811,1,266,2,388,968,2,315,681,2,624,893,1,779,3,375,436,788,1,663,2,388,732,3,70,385,633,1,362,4,128,150,436,964,6,176,237,312,451,781,898,3,309,375,916,3,35,348,468,2,88,986,3,265,297,399,2,1,113,1,228,1,666,3,5,180,185,2,327,849
19,4,320,375,608,711,2,345,681,2,570,893,2,327,515,2,395,908,4,17,539,897,911,2,585,643,2,71,649,1,257,1,568,2,71,253,2,108,538,5,180,414,535,538,797,4,285,298,463,809,3,108,177,469,3,45,70,220,2,535,952,3,261,548,625,2,328,885
28,1,66,1,45,1,102,1,3,3,419,743,829,1,121,1,656,1,864,1,547,1,814,2,490,912,1,297,2,549,619,1,79,1,63,1,298,1,572,1,165,1,864,1,414,1,862,1,538,1,244,1,820,1,663,1,343,1,374,2,309,751
24,3,500,562,588,4,105,375,516,663,4,612,767,814,816,2,548,902,3,158,181,681,4,285,432,740,786,3,27,142,512,4,220,284,643,859,3,35,188,295,3,61,385,397,4,79,549,762,903,3,56,647,833,2,872,881,4,2,19,180,821,2,440,765,3,102,312,470,2,440,487,4,241,652,908,988,1,446,2,678,781,4,22,414,524,861,2,188,239,3,34,105,694,4,140,367,470,684
17,2,17,183,1,81,1,616,2,130,427,3,612,698,864,1,748,1,306,4,228,414,547,634,1,617,1,285,2,757,825,1,397,1,496,1,26,2,310,731,1,8,1,457
18,1,379,1,608,1,41,1,892,2,800,937,1,385,3,6,554,721,3,19,174,326,2,303,830,1,395,1,4,1,781,1,764,2,196,375,1,468,2,27,116,1,340,1,509
21,1,5,1,29,2,529,797,1,163,3,66,251,472,1,804,1,192,2,669,727,1,514,1,483,1,524,1,449,1,341,4,1,271,382,441,1,430,2,512,528,1,373,1,500,1,890,1,290,2,17,67
29,2,284,991,3,83,226,295,3,32,180,687,1,180,3,87,89,214,2,214,852,1,312,1,125,2,27,941,1,47,8,1,94,188,277,459,663,799,937,1,140,1,842,2,138,966,2,91,544,1,769,1,968,3,102,470,640,2,816,913,1,775,1,140,6,299,362,457,551,663,786,2,257,803,2,498,816,1,176,2,392,522,5,163,283,348,861,938,1,746,2,5,492
29,1,878,2,150,708,6,90,201,385,512,843,974,2,42,268,1,950,1,363,1,769,3,140,142,723,2,2,359,2,87,732,2,260,964,3,622,774,814,2,138,758,2,284,611,2,108,435,1,827,3,26,187,223,1,237,2,125,145,2,575,888,2,366,422,1,723,1,363,2,295,864,2,513,593,4,61,562,723,786,2,279,655,2,506,779,3,131,207,974
24,2,148,151,2,130,921,1,54,2,171,320,3,163,294,849,1,436,1,761,2,585,825,4,288,440,616,873,1,554,3,70,125,606,1,177,1,548,2,207,843,2,703,996,6,45,49,69,135,619,855,1,268,2,87,277,1,193,5,66,91,163,257,853,1,143,1,935,2,547,647,2,687,801
27,2,753,760,3,347,539,608,5,285,309,647,666,865,4,150,674,764,820,1,656,3,154,694,902,3,432,622,748,2,281,602,4,283,284,472,540,1,550,3,303,414,870,1,127,3,135,440,883,5,105,435,468,694,746,3,309,732,942,4,354,397,467,936,3,0,440,763,5,33,42,341,522,554,4,167,327,390,931,3,61,281,743,1,753,5,429,476,726,767,930,4,29,45,593,945,1,735,6,243,405,586,622,663,927,2,538,597,3,45,395,732
34,4,305,522,611,955,1,397,3,302,816,927,6,188,288,328,367,666,826,4,235,447,601,685,3,440,549,924,3,201,669,753,4,663,800,860,937,3,5,154,903,5,472,492,528,731,879,2,138,880,4,143,195,460,748,5,8,138,304,568,733,6,61,131,226,265,281,910,4,385,550,673,849,2,408,840,4,251,344,647,864,7,23,45,327,510,716,760,880,4,45,214,513,612,3,183,647,751,3,70,312,564,4,174,326,354,397,4,340,594,678,681,5,316,492,542,864,884,3,8,237,638,5,222,261,316,548,674,5,5,8,235,827,896,5,23,125,612,749,968,6,42,740,776,805,956,996,2,155,816,4,483,538,816,916,7,28,181,188,211,328,375,872,1,666,2,602,781
26,4,131,154,190,299,3,188,377,711,5,45,327,663,770,829,2,196,378,3,59,138,538,1,660,4,711,806,911,951,2,479,698,3,105,246,433,5,67,143,161,183,779,3,284,473,769,3,472,633,731,8,2,235,341,425,435,672,908,946,1,927,6,311,646,649,913,935,946,5,220,265,663,915,941,3,61,299,884,1,872,3,139,227,660,3,214,678,766,5,57,91,539,751,827,2,271,781,2,194,441,3,94,863,864,3,309,529,920,6,3,29,335,421,548,604
36,4,35,557,753,947,1,22,2,195,617,2,28,387,2,125,145,1,277,2,61,688,2,17,986,1,830,6,55,192,456,472,928,947,2,83,737,1,775,2,302,376,2,473,582,2,626,663,2,684,711,1,362,2,54,594,2,221,748,2,295,666,1,721,1,304,7,27,91,131,151,187,414,466,2,187,679,4,91,136,210,483,1,816,1,207,2,312,678,2,150,470,2,472,548,3,7,201,821,1,550,2,432,476,2,401,810,4,8,265,640,916,4,134,150,276,886
22,2,440,921,2,295,902,1,634,2,88,138,1,711,3,244,731,959,4,140,435,890,937,2,267,886,5,180,242,341,583,988,1,829,3,321,510,764,2,304,389,1,433,1,390,2,516,950,3,70,469,586,4,678,716,818,955,2,304,790,3,150,190,950,1,525,1,68,2,5,407
24,2,662,705,1,890,1,932,1,435,2,281,602,2,455,859,1,34,1,513,1,703,1,189,1,116,1,516,1,289,2,222,611,2,2,562,1,432,1,188,2,279,655,1,390,1,441,1,373,1,716,2,314,950,2,448,764
28,2,176,326,2,713,754,4,42,183,624,893,2,732,873,1,925,3,8,367,428,1,87,4,139,176,237,859,3,75,189,760,3,269,626,649,2,185,816,2,365,647,1,155,2,29,608,1,196,2,283,359,5,98,163,498,746,878,1,904,1,769,1,237,2,242,663,2,0,193,3,17,432,683,3,436,597,612,4,513,684,828,928,1,732,2,509,658,3,261,465,466
27,3,309,347,441,1,786,5,150,414,516,663,969,1,522,3,2,586,966,1,299,2,674,687,3,345,414,866,1,599,3,461,710,751,2,731,951,1,123,2,627,649,2,193,711,2,632,827,1,561,2,91,448,3,643,715,736,2,509,816,1,818,3,517,818,870,2,569,991,5,126,376,569,711,883,3,19,22,54,2,663,830,2,108,177,1,261
14,1,267,1,762,1,532,1,98,1,131,3,61,467,708,1,331,1,39,2,516,848,2,381,457,1,165,1,743,2,312,361,1,45
21,2,21,284,1,606,2,295,685,1,183,1,267,1,469,1,765,1,538,2,210,762,3,270,775,872,2,278,288,1,167,2,234,522,1,64,1,622,4,23,52,467,913,1,731,2,190,884,1,163,1,432,1,726
31,5,62,513,646,740,920,2,359,664,3,211,272,328,3,455,549,910,2,424,886,3,147,592,941,8,4,118,303,313,644,663,687,721,5,133,276,440,790,893,2,269,578,3,63,179,991,2,394,788,4,62,564,623,920,2,513,672,5,116,193,424,814,991,2,562,808,2,67,119,1,528,3,70,278,639,4,257,432,783,842,3,158,663,720,3,116,345,424,2,17,188,1,514,3,45,318,588,2,260,548,3,27,962,983,4,45,435,451,784,3,260,548,646,1,8,3,167,513,758,4,288,607,765,942
27,3,216,827,921,2,528,753,2,189,311,1,827,2,43,149,1,515,4,13,89,214,921,1,711,2,506,941,2,608,810,5,154,284,440,610,703,2,269,620,1,315,2,304,737,2,1,799,2,883,893,1,748,4,460,476,522,830,1,27,3,26,27,448,3,466,522,672,1,797,2,149,710,2,551,877,2,276,696,2,827,861,5,67,216,265,577,640
35,5,27,44,67,183,767,6,606,784,865,866,921,938,6,17,23,243,550,937,982,5,45,193,414,827,890,3,154,883,915,7,107,113,219,257,317,447,510,7,320,368,397,492,652,767,884,9,176,242,273,292,327,583,608,765,913,4,22,265,703,903,9,167,312,397,429,555,614,646,748,872,6,188,440,441,510,674,989,7,24,39,170,374,432,491,601,5,61,227,448,731,896,5,194,295,341,375,753,4,108,177,797,909,5,265,285,288,617,866,5,158,189,365,424,580,2,180,669,4,498,732,844,924,4,395,662,836,873,8,90,138,226,497,528,540,634,681,4,190,470,779,839,3,137,399,513,6,243,285,356,491,517,920,2,222,774,6,62,91,192,372,657,920,4,91,269,292,687,9,17,265,284,456,686,696,827,829,903,2,447,500,6,70,348,422,580,710,884,2,148,512,5,29,118,242,431,858,8,192,225,731,784,837,878,893,983,3,402,433,556,3,267,285,959
41,5,284,381,457,479,698,3,45,188,924,5,94,277,459,663,711,4,284,472,548,738,3,214,436,852,2,397,763,1,752,3,237,277,512,3,246,401,647,2,295,818,4,757,784,878,892,4,196,434,587,775,1,394,3,128,587,625,3,472,687,731,5,31,91,367,767,908,3,183,784,885,3,344,633,864,3,748,827,963,1,966,3,569,839,913,4,180,212,528,743,4,139,694,859,959,3,307,752,910,5,8,52,304,775,989,3,295,647,737,6,71,376,395,402,568,855,2,29,350,4,176,611,619,930,3,849,884,946,1,585,1,877,3,125,784,930,2,129,180,3,161,440,899,3,288,827,852,3,672,884,913,3,188,210,289,5,143,303,662,746,816,1,771,2,582,754
31,4,189,222,261,686,2,663,964,4,46,226,490,955,2,181,681,1,538,1,381,1,537,2,457,902,1,935,2,181,681,1,154,4,193,451,731,902,4,310,611,716,760,3,228,731,966,1,399,4,242,663,667,950,3,303,551,786,1,576,3,52,183,885,1,67,3,714,753,959,4,540,548,775,898,2,723,827,1,946,1,921,2,52,989,2,145,318,3,284,485,611,2,257,303,1,285,4,49,236,479,604
33,7,188,260,318,481,799,827,838,2,528,959,3,473,865,978,4,378,516,554,960,3,472,866,904,3,228,295,469,5,32,538,885,899,920,2,622,893,3,154,770,811,4,90,433,465,498,5,432,476,542,915,960,4,273,513,548,579,3,318,546,639,3,517,519,827,5,5,345,426,594,794,1,42,4,140,367,385,560,4,62,170,339,606,5,35,243,517,622,808,3,506,864,941,4,8,506,827,941,6,17,61,127,147,216,401,2,251,863,3,272,548,710,3,284,554,626,8,117,224,388,465,492,539,764,986,5,226,316,498,576,637,4,45,194,366,845,4,90,865,877,884,5,134,281,336,537,592,3,540,548,561,6,56,91,466,647,828,920,6,127,192,195,242,284,777
27,6,20,318,392,425,604,643,4,228,516,554,960,4,154,363,723,890,4,284,386,540,764,3,644,771,877,4,397,669,763,966,8,8,147,216,294,316,401,503,679,6,67,388,462,723,732,764,3,62,551,920,6,116,232,288,388,424,702,4,261,433,789,864,4,285,395,551,781,6,97,188,306,690,771,818,3,45,309,986,5,375,480,539,617,864,2,150,310,5,341,669,764,863,908,4,190,363,455,779,4,402,436,472,736,4,356,517,633,904,4,222,647,655,801,4,257,315,864,913,4,62,226,260,548,6,8,428,476,611,830,866,5,273,460,548,581,779,4,281,324,549,960,2,149,486
24,4,79,520,549,792,4,61,327,549,615,5,453,688,862,935,950,4,233,285,357,857,3,148,207,426,5,323,467,585,711,962,5,61,486,620,703,950,4,176,220,414,687,4,385,387,649,935,4,466,509,673,899,5,78,107,878,964,994,3,45,220,921,3,157,763,986,4,42,108,177,784,5,87,176,272,429,573,3,140,226,522,4,147,568,615,811,2,303,712,5,131,272,754,795,797,1,165,3,827,922,996,3,45,788,825,6,41,88,193,328,422,652,4,154,366,431,986
