9,1,27,2,23,54,4,2,24,61,97,4,66,79,91,95,1,8,1,22,1,27,3,49,75,91,5,25,45,70,89,91
9,3,5,17,70,3,59,70,91,1,61,4,7,46,63,79,3,4,19,91,3,4,8,27,2,41,50,3,27,63,84,5,5,33,59,70,91
6,1,91,3,20,75,91,3,8,17,78,3,41,69,71,2,5,18,2,34,94
1,2,2,45
2,2,62,73,1,27
6,1,1,2,34,91,1,57,1,17,1,49,1,35
8,3,33,45,64,3,50,72,75,3,14,54,94,3,34,38,75,3,27,42,56,7,6,27,70,79,89,91,97,2,5,70,2,4,61
4,1,78,1,22,2,57,90,1,18
6,2,70,75,1,54,2,45,91,1,98,2,68,75,2,29,91
5,2,5,61,1,56,1,34,1,27,1,23
3,1,22,1,70,2,2,22
7,1,32,3,54,55,89,3,33,34,84,2,32,89,2,61,75,1,8,1,61
9,1,45,3,72,82,91,4,10,22,57,72,5,45,49,61,69,91,1,1,3,17,35,44,1,1,3,45,61,84,3,27,45,61
8,7,23,29,30,49,87,89,90,2,54,87,5,34,45,66,78,80,3,32,42,91,4,2,32,72,77,5,7,29,62,72,90,5,1,5,56,90,91,4,0,22,27,61
10,3,5,59,90,2,1,44,3,27,91,97,1,57,3,21,59,61,2,59,67,4,3,34,93,98,3,2,45,59,4,29,42,79,94,7,28,35,44,50,59,67,91
6,4,11,52,75,90,2,20,35,3,23,35,66,2,25,45,2,17,91,1,45
11,4,5,17,22,61,2,72,78,2,23,61,3,57,79,83,1,70,1,70,2,22,56,3,27,86,91,2,45,94,2,33,61,2,5,29
4,3,8,33,92,2,63,91,1,70,1,79
14,5,5,26,62,91,93,3,4,45,91,1,39,2,52,70,2,52,66,2,34,91,2,8,98,1,79,3,17,20,79,3,45,64,98,2,6,68,2,2,39,2,0,19,1,1
7,3,42,49,91,1,84,3,8,61,70,2,39,91,2,10,35,4,5,8,35,91,3,48,49,50
3,2,19,29,1,8,1,27
6,1,5,1,91,1,27,1,59,1,39,2,45,97
14,3,34,61,91,4,36,41,70,91,3,45,97,99,4,5,33,52,61,2,61,70,3,8,18,91,2,8,54,3,45,54,66,4,13,54,81,90,4,5,27,79,94,2,28,59,3,0,25,66,4,23,33,91,98,3,3,25,63
5,1,95,1,54,1,19,2,46,97,2,1,27
10,5,5,17,56,68,91,5,0,2,54,59,84,7,8,16,39,44,71,75,87,5,2,3,5,29,91,4,4,8,35,62,6,27,29,43,54,56,70,4,3,46,56,84,3,34,45,57,4,17,29,35,56,6,8,17,42,57,71,84
12,3,8,28,90,2,33,49,3,29,56,91,3,19,71,84,5,2,40,50,61,91,1,7,3,0,5,52,6,29,33,45,54,76,90,4,26,67,91,98,1,66,2,2,91,2,19,70
9,1,38,3,54,72,84,1,61,1,49,2,79,91,3,23,27,45,3,52,84,93,1,54,1,27
9,2,1,61,3,8,44,90,5,3,33,35,62,91,2,8,35,4,32,42,61,88,3,45,66,91,4,24,27,42,56,6,5,28,45,50,56,62,3,72,73,84
6,5,33,38,61,70,91,3,32,82,93,4,39,41,50,87,4,1,17,22,33,5,5,29,34,35,70,3,0,8,79
11,3,1,19,70,4,54,69,70,81,2,27,45,5,5,17,46,49,83,4,20,52,54,77,1,19,4,8,44,78,79,6,0,27,52,69,84,91,5,5,23,29,33,52,3,2,50,91,5,27,29,33,45,61
3,2,2,93,1,11,1,98
8,2,6,23,1,5,1,99,3,42,59,98,3,5,39,45,2,56,91,2,89,90,1,17
15,6,2,13,24,29,70,91,3,0,17,70,2,35,98,9,28,34,59,61,86,89,90,91,98,4,20,23,24,79,1,26,3,34,57,79,4,27,52,66,91,3,26,76,94,2,70,91,4,2,8,52,61,3,17,27,61,6,8,23,45,72,82,84,1,61,9,22,27,45,50,70,79,89,91,98
6,1,17,1,2,1,77,1,42,2,59,62,1,10
13,5,17,33,57,72,89,5,8,29,59,62,91,3,8,70,89,3,3,17,45,5,27,56,63,91,97,5,17,28,45,52,75,5,7,63,65,72,84,5,10,24,62,92,99,5,3,5,61,70,89,4,3,38,56,84,2,18,98,6,5,14,22,29,45,61,5,45,52,66,79,82
5,3,7,8,75,3,17,61,66,4,28,42,70,91,1,72,3,0,23,70
5,3,17,75,84,1,45,3,28,61,67,5,28,31,34,70,93,5,2,35,42,91,94
11,2,28,59,3,69,70,90,3,2,28,71,1,57,1,91,6,2,20,54,62,72,91,3,3,32,76,3,38,55,94,3,17,29,53,1,91,4,8,20,44,90
16,2,29,91,2,27,45,1,34,3,54,69,84,1,90,1,24,3,27,52,55,2,41,42,2,70,80,2,22,94,3,2,24,46,5,4,8,10,23,91,1,79,2,33,61,2,45,91,1,75
11,1,69,1,59,2,28,67,3,3,9,50,1,34,1,29,2,23,72,1,65,4,2,8,70,98,2,27,70,1,56
11,2,29,70,1,22,1,91,3,35,82,93,2,2,70,2,39,52,1,26,2,17,33,2,33,61,2,49,91,1,34
10,5,1,33,34,69,85,3,10,61,75,4,33,45,49,72,2,45,91,3,5,52,79,3,10,20,61,4,1,19,78,91,3,61,94,99,4,33,44,69,89,5,23,33,66,70,75
7,1,30,2,57,70,3,5,28,45,2,46,70,1,25,2,2,91,3,2,19,84
7,3,64,68,94,2,42,91,2,35,91,2,42,88,2,2,27,1,56,4,1,33,48,91
1,1,22
13,4,13,21,70,87,4,17,29,33,84,3,17,24,56,3,8,10,19,3,72,86,94,1,95,5,20,27,37,39,48,2,6,27,5,23,27,46,76,94,4,23,27,44,61,6,11,29,54,67,76,95,3,0,60,61,4,23,55,70,73
12,2,38,70,3,64,70,92,4,8,14,70,97,1,44,5,28,67,78,91,94,5,10,32,55,71,91,2,46,61,6,8,20,34,67,78,79,5,3,27,33,34,80,5,20,22,23,91,94,4,1,20,83,91,4,30,67,84,91
8,4,5,22,72,94,2,1,46,3,2,72,84,5,7,8,17,46,61,1,28,1,33,1,1,1,1
6,2,59,98,3,2,26,39,2,3,29,2,63,69,3,10,32,46,2,2,28
4,1,72,1,28,1,7,1,70
10,6,10,26,70,90,91,93,4,2,52,70,94,6,6,62,87,91,93,95,2,4,61,5,17,33,34,45,91,5,19,23,32,39,46,5,22,27,46,61,84,8,1,2,9,17,20,28,41,57,7,34,45,46,54,61,65,70,6,5,9,17,44,70,75
7,2,27,70,1,11,1,87,2,30,98,1,69,4,32,75,80,91,2,39,42
16,3,28,61,91,1,67,1,52,1,8,3,29,45,91,1,29,1,7,1,52,2,2,45,2,45,59,4,20,34,46,90,1,41,2,61,70,2,20,91,3,0,33,52,4,28,45,67,75
3,1,20,2,35,66,1,67
11,4,8,33,75,92,5,3,45,61,70,91,5,56,61,72,87,88,7,1,5,35,44,45,61,69,9,2,4,17,19,22,27,28,42,45,7,2,17,26,34,56,61,91,4,17,68,72,91,3,52,77,91,9,0,5,22,26,34,42,45,63,98,4,2,42,45,61,6,23,27,52,61,68,71
9,2,34,84,1,69,2,17,98,1,67,3,2,37,45,1,0,1,66,2,8,18,1,72
14,6,27,52,61,75,79,84,7,32,34,41,45,70,87,94,6,7,20,42,65,70,90,5,8,25,69,70,76,3,65,70,73,4,8,60,85,89,7,4,59,70,81,82,84,91,4,2,43,52,70,6,5,7,34,70,91,97,3,52,69,70,5,1,8,46,60,99,5,2,3,7,21,70,5,45,52,67,84,87,4,33,34,50,54
7,5,29,70,75,90,91,4,4,8,27,61,5,19,20,46,78,91,3,54,62,72,7,24,28,29,49,54,57,93,5,25,46,52,62,70,3,3,45,91
5,3,66,68,70,1,71,1,91,1,44,1,21
10,3,4,91,94,2,45,52,4,8,30,44,66,2,3,29,1,5,1,45,3,20,27,56,2,45,61,1,91,3,27,45,79
8,5,2,27,30,87,89,9,0,4,16,28,29,32,57,70,91,2,27,65,4,5,8,44,99,3,1,59,83,4,2,3,8,70,4,1,28,69,70,2,66,67
13,2,23,34,1,62,3,5,19,33,3,8,32,33,2,41,69,1,52,1,34,1,61,2,33,79,3,52,95,98,1,62,4,5,17,70,73,1,79
6,3,23,54,72,4,20,27,62,70,5,2,17,45,52,69,3,32,37,70,3,5,61,72,2,17,45
6,3,2,39,72,1,56,2,6,23,1,84,1,61,1,91
12,4,33,52,59,72,4,27,61,70,98,6,20,65,79,85,93,98,4,29,33,45,49,4,27,52,65,86,7,16,23,42,50,81,90,93,2,28,70,3,2,22,54,4,2,70,92,98,2,10,57,3,42,67,91,5,23,44,46,59,87
17,1,33,1,45,3,8,18,49,3,45,69,98,1,61,3,34,66,91,2,63,94,3,27,35,50,1,35,1,87,1,6,1,24,1,29,2,41,79,1,27,2,27,61,1,70
7,4,17,22,33,87,2,27,66,3,29,85,91,1,27,1,61,2,56,91,1,19
7,3,19,20,91,2,61,93,4,2,65,70,79,4,2,23,52,91,2,45,88,2,5,17,3,44,83,89
8,5,8,11,35,42,97,1,42,1,99,2,3,90,2,24,45,4,2,17,45,52,3,6,29,62,2,20,23
9,3,20,33,87,1,33,4,22,41,61,91,3,27,78,81,7,8,27,32,42,45,84,85,1,64,4,50,62,70,94,4,17,35,56,59,2,16,91
8,3,2,17,76,4,2,19,22,90,2,27,29,4,1,10,29,36,3,1,24,69,4,63,70,75,89,4,8,34,45,52,4,27,42,45,50
7,2,17,28,1,17,1,84,4,23,70,89,91,3,64,78,79,2,90,97,3,8,42,97
8,3,3,42,47,1,70,6,26,28,61,63,79,91,3,20,34,90,5,2,6,27,46,70,3,61,62,91,3,29,70,71,5,2,29,34,84,91
7,6,11,35,42,59,76,90,3,46,61,88,2,5,78,2,2,94,2,70,78,2,8,67,4,8,37,38,42
7,5,22,23,28,78,91,4,3,45,70,98,5,6,28,41,49,70,7,19,29,35,40,45,68,72,6,19,20,22,72,73,94,5,1,2,33,85,90,5,20,31,69,72,91
6,1,17,1,61,1,70,1,7,3,17,72,91,1,72
10,2,45,91,2,23,92,4,3,24,68,79,2,50,70,2,56,70,2,79,89,2,22,72,3,47,91,94,2,29,75,3,3,8,27
8,5,3,19,20,70,94,3,17,49,61,3,54,68,69,3,15,23,39,3,49,79,83,2,32,70,3,19,27,70,3,22,31,70
10,1,97,2,28,32,2,27,42,1,27,2,3,98,1,91,1,24,1,27,1,49,1,72
12,3,46,54,56,4,50,70,75,93,1,33,3,17,42,52,2,34,48,6,32,34,44,61,91,98,2,5,52,4,2,8,27,54,3,3,17,59,3,56,91,95,5,22,27,42,90,91,2,28,59
4,3,4,34,38,4,6,45,86,88,4,28,50,63,93,4,28,33,56,98
10,2,27,91,3,46,52,91,1,80,2,45,87,2,2,35,2,4,45,2,8,50,1,65,2,24,79,2,7,66
6,5,12,27,59,78,84,5,41,46,54,61,91,3,39,76,91,3,2,11,35,3,29,66,70,3,1,56,61
11,6,24,45,46,48,56,91,3,62,75,91,5,23,42,56,90,98,5,5,6,24,27,62,2,33,95,4,52,59,65,95,4,27,55,59,65,6,2,27,54,69,78,90,3,6,88,89,3,1,24,41,3,3,22,28
15,3,5,33,70,4,41,66,78,90,3,25,29,70,3,42,44,70,5,52,57,59,78,95,3,29,36,39,2,79,90,3,32,69,91,1,45,3,20,70,79,3,34,45,52,1,24,3,1,44,90,2,34,90,3,32,57,70
11,3,23,28,44,7,4,56,59,75,86,91,97,5,8,19,42,44,75,4,17,22,39,91,3,7,39,70,8,3,4,20,39,44,66,78,84,5,27,33,45,56,97,5,2,32,33,39,91,4,17,25,42,64,3,23,61,67,2,91,97
14,2,62,80,5,33,46,70,75,95,3,4,52,94,2,66,90,4,5,27,49,86,6,1,2,5,8,50,91,4,8,46,57,98,2,6,44,3,45,46,87,1,62,3,17,23,32,3,17,61,81,3,46,70,90,3,17,79,84
7,1,5,2,4,70,1,92,2,29,34,1,61,1,59,1,17
11,2,17,39,4,43,57,62,90,2,44,57,1,5,3,31,70,75,3,21,23,33,2,65,92,1,79,2,44,91,2,24,45,4,20,23,44,45
5,2,3,52,3,17,61,83,3,25,70,97,2,29,80,3,54,98,99
10,2,2,91,5,22,41,46,49,91,3,8,45,95,2,23,29,3,8,54,67,5,4,8,56,91,95,2,2,94,3,22,27,70,5,20,22,42,84,90,2,17,70
10,5,0,50,52,56,87,2,46,91,4,17,24,42,91,4,2,17,77,91,5,2,8,20,57,70,5,8,20,35,45,46,3,1,29,70,4,27,66,89,91,3,5,45,68,1,70
9,5,2,23,52,69,91,3,17,32,49,3,30,33,67,3,41,54,93,2,27,64,5,23,32,90,92,98,2,22,35,2,2,91,3,27,84,91
10,2,27,61,3,4,28,65,3,33,78,84,3,46,61,91,4,5,45,76,91,3,20,45,72,4,2,28,52,94,3,29,34,43,2,54,72,2,29,76
9,4,0,42,62,94,2,34,45,2,17,70,1,54,2,56,81,1,93,2,22,34,1,32,5,5,8,42,45,62
10,3,3,52,70,4,1,2,70,94,2,5,27,3,54,66,94,2,27,52,3,10,70,91,5,24,28,34,46,91,2,23,76,1,42,3,52,59,72
