9,1,242,2,219,528,4,44,228,585,966,4,646,779,895,959,1,127,1,196,1,251,3,492,764,920,6,233,456,711,845,912,930
9,3,71,154,713,3,555,723,878,1,578,4,93,473,624,788,3,61,183,885,3,61,107,269,2,392,506,3,242,625,814,5,69,312,564,710,912
6,1,893,3,188,761,872,3,132,176,775,3,395,676,737,2,71,178,2,354,955
1,2,27,455
2,2,615,755,1,261
6,1,14,2,335,930,1,548,1,150,1,483,1,375
8,3,317,457,633,3,503,754,764,3,143,530,956,3,341,379,760,3,265,401,548,7,90,272,678,783,853,902,964,2,70,686,2,61,576
4,1,771,1,209,2,553,856,1,177
6,2,715,764,1,532,2,447,921,1,988,2,663,765,2,294,872
5,2,71,592,1,548,1,335,1,265,1,212
