36,3,93,754,764,2,196,872,1,188,1,775,2,260,799,3,128,242,761,2,528,713,3,723,956,966,4,592,616,774,941,2,44,585,1,219,1,548,3,71,183,885,1,624,1,176,2,135,619,3,269,395,912,1,473,3,242,578,930,2,71,228,2,392,788,3,551,714,959,4,312,711,779,930,2,71,261,5,127,150,257,548,626,1,127,2,272,902,3,61,251,625,1,513,4,311,646,649,895,4,69,492,710,764,2,579,633,2,845,921,2,375,780,1,564,4,57,70,498,757
30,4,192,317,753,865,2,131,193,1,771,2,209,492,2,209,817,4,311,362,487,550,2,8,695,5,441,553,589,795,856,3,155,440,674,4,136,447,503,921,3,457,548,600,3,140,550,749,1,46,4,118,335,532,611,6,212,294,302,341,514,865,2,128,646,4,265,853,964,988,4,150,290,339,883,3,61,143,530,3,39,90,189,6,70,78,192,663,686,903,2,71,592,3,385,387,432,5,29,145,200,399,842,2,801,924,3,70,265,645,2,267,554,3,8,34,765,3,188,294,872,5,257,514,585,591,761
38,4,13,70,131,226,3,139,830,859,4,143,558,753,786,4,193,386,610,646,3,31,447,558,1,714,3,189,408,966,2,312,550,3,537,548,923,2,375,604,3,483,542,737,1,902,6,5,32,455,500,769,779,4,321,540,827,937,4,62,91,210,656,1,149,2,207,538,4,341,753,770,792,3,852,863,887,3,214,309,852,3,17,62,304,4,27,182,447,962,1,176,4,354,775,884,936,4,252,264,285,432,2,46,61,3,316,591,600,2,462,716,4,226,279,655,781,2,411,864,3,46,576,779,3,375,781,916,1,711,4,375,555,585,658,2,808,959,4,88,399,441,959,1,425,5,13,72,206,617,921
32,2,71,402,1,490,2,572,817,3,116,878,933,1,873,2,68,576,1,61,2,532,916,6,237,692,902,921,923,940,1,623,1,811,1,266,2,388,968,2,315,681,2,624,893,1,779,3,375,436,788,1,663,2,388,732,3,70,385,633,1,362,4,128,150,436,964,6,176,237,312,451,781,898,3,309,375,916,3,35,348,468,2,88,986,3,265,297,399,2,1,113,1,228,1,666,3,5,180,185,2,327,849
19,4,320,375,608,711,2,345,681,2,570,893,2,327,515,2,395,908,4,17,539,897,911,2,585,643,2,71,649,1,257,1,568,2,71,253,2,108,538,5,180,414,535,538,797,4,285,298,463,809,3,108,177,469,3,45,70,220,2,535,952,3,261,548,625,2,328,885
28,1,66,1,45,1,102,1,3,3,419,743,829,1,121,1,656,1,864,1,547,1,814,2,490,912,1,297,2,549,619,1,79,1,63,1,298,1,572,1,165,1,864,1,414,1,862,1,538,1,244,1,820,1,663,1,343,1,374,2,309,751
24,3,500,562,588,4,105,375,516,663,4,612,767,814,816,2,548,902,3,158,181,681,4,285,432,740,786,3,27,142,512,4,220,284,643,859,3,35,188,295,3,61,385,397,4,79,549,762,903,3,56,647,833,2,872,881,4,2,19,180,821,2,440,765,3,102,312,470,2,440,487,4,241,652,908,988,1,446,2,678,781,4,22,414,524,861,2,188,239,3,34,105,694,4,140,367,470,684
17,2,17,183,1,81,1,616,2,130,427,3,612,698,864,1,748,1,306,4,228,414,547,634,1,617,1,285,2,757,825,1,397,1,496,1,26,2,310,731,1,8,1,457
18,1,379,1,608,1,41,1,892,2,800,937,1,385,3,6,554,721,3,19,174,326,2,303,830,1,395,1,4,1,781,1,764,2,196,375,1,468,2,27,116,1,340,1,509
21,1,5,1,29,2,529,797,1,163,3,66,251,472,1,804,1,192,2,669,727,1,514,1,483,1,524,1,449,1,341,4,1,271,382,441,1,430,2,512,528,1,373,1,500,1,890,1,290,2,17,67
29,2,284,991,3,83,226,295,3,32,180,687,1,180,3,87,89,214,2,214,852,1,312,1,125,2,27,941,1,47,8,1,94,188,277,459,663,799,937,1,140,1,842,2,138,966,2,91,544,1,769,1,968,3,102,470,640,2,816,913,1,775,1,140,6,299,362,457,551,663,786,2,257,803,2,498,816,1,176,2,392,522,5,163,283,348,861,938,1,746,2,5,492
29,1,878,2,150,708,6,90,201,385,512,843,974,2,42,268,1,950,1,363,1,769,3,140,142,723,2,2,359,2,87,732,2,260,964,3,622,774,814,2,138,758,2,284,611,2,108,435,1,827,3,26,187,223,1,237,2,125,145,2,575,888,2,366,422,1,723,1,363,2,295,864,2,513,593,4,61,562,723,786,2,279,655,2,506,779,3,131,207,974
24,2,148,151,2,130,921,1,54,2,171,320,3,163,294,849,1,436,1,761,2,585,825,4,288,440,616,873,1,554,3,70,125,606,1,177,1,548,2,207,843,2,703,996,6,45,49,69,135,619,855,1,268,2,87,277,1,193,5,66,91,163,257,853,1,143,1,935,2,547,647,2,687,801
27,2,753,760,3,347,539,608,5,285,309,647,666,865,4,150,674,764,820,1,656,3,154,694,902,3,432,622,748,2,281,602,4,283,284,472,540,1,550,3,303,414,870,1,127,3,135,440,883,5,105,435,468,694,746,3,309,732,942,4,354,397,467,936,3,0,440,763,5,33,42,341,522,554,4,167,327,390,931,3,61,281,743,1,753,5,429,476,726,767,930,4,29,45,593,945,1,735,6,243,405,586,622,663,927,2,538,597,3,45,395,732
34,4,305,522,611,955,1,397,3,302,816,927,6,188,288,328,367,666,826,4,235,447,601,685,3,440,549,924,3,201,669,753,4,663,800,860,937,3,5,154,903,5,472,492,528,731,879,2,138,880,4,143,195,460,748,5,8,138,304,568,733,6,61,131,226,265,281,910,4,385,550,673,849,2,408,840,4,251,344,647,864,7,23,45,327,510,716,760,880,4,45,214,513,612,3,183,647,751,3,70,312,564,4,174,326,354,397,4,340,594,678,681,5,316,492,542,864,884,3,8,237,638,5,222,261,316,548,674,5,5,8,235,827,896,5,23,125,612,749,968,6,42,740,776,805,956,996,2,155,816,4,483,538,816,916,7,28,181,188,211,328,375,872,1,666,2,602,781
26,4,131,154,190,299,3,188,377,711,5,45,327,663,770,829,2,196,378,3,59,138,538,1,660,4,711,806,911,951,2,479,698,3,105,246,433,5,67,143,161,183,779,3,284,473,769,3,472,633,731,8,2,235,341,425,435,672,908,946,1,927,6,311,646,649,913,935,946,5,220,265,663,915,941,3,61,299,884,1,872,3,139,227,660,3,214,678,766,5,57,91,539,751,827,2,271,781,2,194,441,3,94,863,864,3,309,529,920,6,3,29,335,421,548,604
36,4,35,557,753,947,1,22,2,195,617,2,28,387,2,125,145,1,277,2,61,688,2,17,986,1,830,6,55,192,456,472,928,947,2,83,737,1,775,2,302,376,2,473,582,2,626,663,2,684,711,1,362,2,54,594,2,221,748,2,295,666,1,721,1,304,7,27,91,131,151,187,414,466,2,187,679,4,91,136,210,483,1,816,1,207,2,312,678,2,150,470,2,472,548,3,7,201,821,1,550,2,432,476,2,401,810,4,8,265,640,916,4,134,150,276,886
22,2,440,921,2,295,902,1,634,2,88,138,1,711,3,244,731,959,4,140,435,890,937,2,267,886,5,180,242,341,583,988,1,829,3,321,510,764,2,304,389,1,433,1,390,2,516,950,3,70,469,586,4,678,716,818,955,2,304,790,3,150,190,950,1,525,1,68,2,5,407
24,2,662,705,1,890,1,932,1,435,2,281,602,2,455,859,1,34,1,513,1,703,1,189,1,116,1,516,1,289,2,222,611,2,2,562,1,432,1,188,2,279,655,1,390,1,441,1,373,1,716,2,314,950,2,448,764
28,2,176,326,2,713,754,4,42,183,624,893,2,732,873,1,925,3,8,367,428,1,87,4,139,176,237,859,3,75,189,760,3,269,626,649,2,185,816,2,365,647,1,155,2,29,608,1,196,2,283,359,5,98,163,498,746,878,1,904,1,769,1,237,2,242,663,2,0,193,3,17,432,683,3,436,597,612,4,513,684,828,928,1,732,2,509,658,3,261,465,466
27,3,309,347,441,1,786,5,150,414,516,663,969,1,522,3,2,586,966,1,299,2,674,687,3,345,414,866,1,599,3,461,710,751,2,731,951,1,123,2,627,649,2,193,711,2,632,827,1,561,2,91,448,3,643,715,736,2,509,816,1,818,3,517,818,870,2,569,991,5,126,376,569,711,883,3,19,22,54,2,663,830,2,108,177,1,261
14,1,267,1,762,1,532,1,98,1,131,3,61,467,708,1,331,1,39,2,516,848,2,381,457,1,165,1,743,2,312,361,1,45
21,2,21,284,1,606,2,295,685,1,183,1,267,1,469,1,765,1,538,2,210,762,3,270,775,872,2,278,288,1,167,2,234,522,1,64,1,622,4,23,52,467,913,1,731,2,190,884,1,163,1,432,1,726
31,5,62,513,646,740,920,2,359,664,3,211,272,328,3,455,549,910,2,424,886,3,147,592,941,8,4,118,303,313,644,663,687,721,5,133,276,440,790,893,2,269,578,3,63,179,991,2,394,788,4,62,564,623,920,2,513,672,5,116,193,424,814,991,2,562,808,2,67,119,1,528,3,70,278,639,4,257,432,783,842,3,158,663,720,3,116,345,424,2,17,188,1,514,3,45,318,588,2,260,548,3,27,962,983,4,45,435,451,784,3,260,548,646,1,8,3,167,513,758,4,288,607,765,942
27,3,216,827,921,2,528,753,2,189,311,1,827,2,43,149,1,515,4,13,89,214,921,1,711,2,506,941,2,608,810,5,154,284,440,610,703,2,269,620,1,315,2,304,737,2,1,799,2,883,893,1,748,4,460,476,522,830,1,27,3,26,27,448,3,466,522,672,1,797,2,149,710,2,551,877,2,276,696,2,827,861,5,67,216,265,577,640
35,5,27,44,67,183,767,6,606,784,865,866,921,938,6,17,23,243,550,937,982,5,45,193,414,827,890,3,154,883,915,7,107,113,219,257,317,447,510,7,320,368,397,492,652,767,884,9,176,242,273,292,327,583,608,765,913,4,22,265,703,903,9,167,312,397,429,555,614,646,748,872,6,188,440,441,510,674,989,7,24,39,170,374,432,491,601,5,61,227,448,731,896,5,194,295,341,375,753,4,108,177,797,909,5,265,285,288,617,866,5,158,189,365,424,580,2,180,669,4,498,732,844,924,4,395,662,836,873,8,90,138,226,497,528,540,634,681,4,190,470,779,839,3,137,399,513,6,243,285,356,491,517,920,2,222,774,6,62,91,192,372,657,920,4,91,269,292,687,9,17,265,284,456,686,696,827,829,903,2,447,500,6,70,348,422,580,710,884,2,148,512,5,29,118,242,431,858,8,192,225,731,784,837,878,893,983,3,402,433,556,3,267,285,959
41,5,284,381,457,479,698,3,45,188,924,5,94,277,459,663,711,4,284,472,548,738,3,214,436,852,2,397,763,1,752,3,237,277,512,3,246,401,647,2,295,818,4,757,784,878,892,4,196,434,587,775,1,394,3,128,587,625,3,472,687,731,5,31,91,367,767,908,3,183,784,885,3,344,633,864,3,748,827,963,1,966,3,569,839,913,4,180,212,528,743,4,139,694,859,959,3,307,752,910,5,8,52,304,775,989,3,295,647,737,6,71,376,395,402,568,855,2,29,350,4,176,611,619,930,3,849,884,946,1,585,1,877,3,125,784,930,2,129,180,3,161,440,899,3,288,827,852,3,672,884,913,3,188,210,289,5,143,303,662,746,816,1,771,2,582,754
31,4,189,222,261,686,2,663,964,4,46,226,490,955,2,181,681,1,538,1,381,1,537,2,457,902,1,935,2,181,681,1,154,4,193,451,731,902,4,310,611,716,760,3,228,731,966,1,399,4,242,663,667,950,3,303,551,786,1,576,3,52,183,885,1,67,3,714,753,959,4,540,548,775,898,2,723,827,1,946,1,921,2,52,989,2,145,318,3,284,485,611,2,257,303,1,285,4,49,236,479,604
33,7,188,260,318,481,799,827,838,2,528,959,3,473,865,978,4,378,516,554,960,3,472,866,904,3,228,295,469,5,32,538,885,899,920,2,622,893,3,154,770,811,4,90,433,465,498,5,432,476,542,915,960,4,273,513,548,579,3,318,546,639,3,517,519,827,5,5,345,426,594,794,1,42,4,140,367,385,560,4,62,170,339,606,5,35,243,517,622,808,3,506,864,941,4,8,506,827,941,6,17,61,127,147,216,401,2,251,863,3,272,548,710,3,284,554,626,8,117,224,388,465,492,539,764,986,5,226,316,498,576,637,4,45,194,366,845,4,90,865,877,884,5,134,281,336,537,592,3,540,548,561,6,56,91,466,647,828,920,6,127,192,195,242,284,777
27,6,20,318,392,425,604,643,4,228,516,554,960,4,154,363,723,890,4,284,386,540,764,3,644,771,877,4,397,669,763,966,8,8,147,216,294,316,401,503,679,6,67,388,462,723,732,764,3,62,551,920,6,116,232,288,388,424,702,4,261,433,789,864,4,285,395,551,781,6,97,188,306,690,771,818,3,45,309,986,5,375,480,539,617,864,2,150,310,5,341,669,764,863,908,4,190,363,455,779,4,402,436,472,736,4,356,517,633,904,4,222,647,655,801,4,257,315,864,913,4,62,226,260,548,6,8,428,476,611,830,866,5,273,460,548,581,779,4,281,324,549,960,2,149,486
24,4,79,520,549,792,4,61,327,549,615,5,453,688,862,935,950,4,233,285,357,857,3,148,207,426,5,323,467,585,711,962,5,61,486,620,703,950,4,176,220,414,687,4,385,387,649,935,4,466,509,673,899,5,78,107,878,964,994,3,45,220,921,3,157,763,986,4,42,108,177,784,5,87,176,272,429,573,3,140,226,522,4,147,568,615,811,2,303,712,5,131,272,754,795,797,1,165,3,827,922,996,3,45,788,825,6,41,88,193,328,422,652,4,154,366,431,986
18,1,305,1,905,1,473,1,512,1,864,2,61,116,1,960,1,190,3,193,395,896,2,118,538,3,542,915,960,1,295,1,818,1,163,1,864,1,731,1,721,1,222
27,2,29,341,2,44,226,6,226,272,473,506,602,882,2,513,540,2,304,870,5,61,147,199,216,299,3,149,710,775,5,192,414,548,767,870,1,33,4,189,373,594,913,2,113,476,1,769,2,221,633,3,118,304,935,2,187,198,4,124,688,878,893,2,269,492,1,732,3,455,866,986,2,788,816,5,243,440,622,673,849,1,366,2,41,754,3,290,395,922,1,844,2,70,910,1,647
38,4,639,775,825,996,7,3,104,255,259,538,624,761,2,278,924,2,61,530,2,193,947,10,17,22,274,388,448,591,663,723,779,893,1,516,4,135,216,364,473,3,385,626,766,6,334,457,512,521,531,893,3,113,181,803,7,142,299,395,512,647,687,893,3,24,463,754,4,45,82,269,754,3,711,878,893,2,20,281,5,70,349,441,477,733,2,303,947,5,2,70,288,506,754,3,49,466,910,3,127,261,646,6,67,127,135,143,401,830,6,188,227,669,674,920,937,4,297,667,721,887,3,512,678,937,4,79,150,154,537,3,219,510,920,1,45,8,201,229,276,289,304,548,703,797,3,67,343,399,5,284,312,328,777,950,5,127,297,365,835,924,3,397,540,959,6,212,414,428,537,568,968,2,2,276,5,225,242,441,572,751,3,289,616,765,4,70,214,525,612
23,1,803,5,84,143,289,771,991,1,185,1,808,1,267,1,336,1,735,1,398,1,592,3,261,727,864,1,610,5,90,378,455,772,887,1,204,4,731,804,960,978,1,913,4,263,497,548,767,1,882,2,276,538,1,23,2,91,708,3,140,242,261,1,361,1,764
26,3,221,538,771,6,82,272,276,431,479,902,7,376,466,513,515,522,549,672,7,91,146,276,375,455,814,829,6,228,538,539,698,803,847,5,478,580,764,771,901,4,414,421,539,639,5,284,422,592,764,791,6,26,142,269,521,811,873,6,8,17,66,476,602,784,5,302,304,775,884,988,5,209,344,424,816,864,5,29,66,341,781,825,7,176,302,441,538,539,656,988,1,816,6,90,140,284,539,694,921,9,22,227,311,381,619,646,760,849,986,4,63,79,447,538,5,33,107,565,753,799,5,128,343,483,571,705,2,604,835,7,192,261,326,422,522,611,903,5,89,110,154,260,721,1,127,1,943,5,474,646,779,866,900
34,2,376,913,1,344,2,117,920,3,178,388,827,1,835,2,643,647,4,2,294,850,908,5,45,228,269,414,920,7,68,84,189,228,455,771,988,4,44,78,192,903,2,289,401,3,608,647,873,2,742,921,2,183,801,4,277,455,470,758,4,255,761,811,973,7,119,125,226,515,764,820,911,3,28,154,181,2,35,720,4,71,801,806,924,3,207,393,709,4,83,302,522,717,5,17,261,291,376,549,2,56,844,1,136,4,132,233,460,512,5,26,138,179,402,913,3,5,712,987,3,277,466,882,2,45,259,2,44,864,1,753,4,62,689,735,920,2,118,191
31,1,394,1,797,2,143,732,4,83,767,820,884,3,69,492,937,5,151,514,548,738,902,5,261,299,600,775,969,5,105,408,468,716,864,3,45,375,882,3,171,302,753,7,91,212,270,290,414,588,781,5,32,188,261,289,558,3,363,779,842,3,135,339,941,2,397,430,2,387,795,4,153,192,422,658,4,0,228,460,775,4,227,228,252,585,3,402,687,989,3,235,351,426,2,428,537,3,264,294,710,3,17,336,865,2,11,186,1,441,2,873,959,1,210,8,8,70,252,407,548,585,593,690,1,42,3,187,281,799
35,3,236,525,680,3,61,226,788,1,893,2,50,986,4,45,669,737,811,3,90,733,753,6,28,222,286,387,656,924,3,455,663,758,2,19,113,5,226,717,748,885,902,2,102,473,2,42,377,3,70,359,753,5,127,187,804,864,904,2,573,878,2,221,466,2,303,818,3,39,769,867,3,189,804,937,3,284,489,510,3,195,328,827,2,476,801,4,295,388,397,488,5,303,424,592,694,860,2,192,863,3,277,633,925,2,150,297,4,309,497,585,920,3,8,212,896,4,369,522,784,803,2,94,930,7,7,70,138,142,216,601,859,2,140,461,3,4,313,371,2,721,771
28,1,71,2,550,916,1,702,5,189,210,288,304,513,2,663,902,2,190,266,2,158,276,1,194,2,820,872,2,128,816,1,942,2,940,950,2,801,885,1,299,4,17,302,717,864,2,394,913,3,8,481,872,4,189,548,723,814,3,34,461,617,1,678,2,70,805,2,56,816,1,4,3,214,281,294,1,616,6,86,364,551,870,913,989,2,272,885,1,398
20,2,70,814,2,180,281,3,479,513,959,3,78,893,913,2,27,744,1,45,1,288,1,385,2,43,619,1,818,2,266,902,2,458,687,2,935,959,1,237,3,212,414,542,4,516,602,749,821,3,82,335,433,1,646,4,29,41,401,440,5,309,472,748,864,899
28,2,158,666,3,79,414,698,3,318,455,913,1,56,5,88,154,397,472,539,3,312,672,923,1,582,2,506,547,2,731,893,3,242,433,968,2,440,674,2,28,513,4,198,827,861,864,1,408,5,45,46,669,889,966,1,61,1,655,3,369,866,880,3,395,506,781,2,226,448,1,388,1,117,5,28,387,460,539,777,1,271,2,421,991,2,328,953,3,88,554,816,3,566,781,930
30,2,242,376,2,61,455,2,433,512,4,24,140,150,608,3,395,397,960,2,549,892,2,516,950,2,291,510,3,150,604,969,7,27,375,469,610,647,727,731,3,233,242,890,5,165,299,467,695,862,6,22,54,405,586,663,927,5,220,419,424,688,751,5,176,472,482,616,647,7,3,45,396,515,625,679,775,4,154,364,495,777,7,189,344,446,769,775,849,925,4,436,463,600,964,5,525,530,546,779,970,6,139,242,751,753,859,873,4,97,522,688,941,3,126,432,646,9,69,226,316,463,492,521,591,901,937,5,327,548,759,810,930,2,253,261,5,71,127,163,209,814,4,222,414,647,885,4,70,209,516,636,6,27,125,131,268,513,548
30,2,8,744,2,140,955,1,473,3,435,510,712,2,193,737,1,79,2,176,506,4,539,554,686,811,1,304,2,1,455,3,276,360,902,1,922,2,183,185,4,135,619,849,880,3,45,760,889,2,78,214,2,376,964,2,165,600,1,498,1,522,1,193,2,745,855,3,128,185,777,2,269,925,3,5,592,737,2,393,709,3,3,544,631,1,214,1,663,6,44,105,397,468,494,716
30,4,538,539,663,847,2,186,551,6,138,236,368,568,678,781,1,538,2,235,711,1,142,4,260,304,430,816,1,779,2,226,465,3,29,148,689,1,760,1,550,2,147,490,2,128,941,3,669,904,920,1,163,2,22,687,1,901,4,271,538,608,938,3,193,672,716,3,438,811,959,3,42,516,572,2,827,942,3,299,604,864,3,22,257,375,2,743,856,3,200,365,579,1,17,2,210,859,3,260,465,862
10,3,462,496,937,1,581,1,250,1,633,1,455,2,235,522,2,318,343,1,227,1,460,1,821
25,4,529,711,764,803,4,617,646,788,921,7,23,39,81,131,318,389,753,4,24,125,269,550,4,127,278,480,619,4,677,730,748,788,4,0,221,611,616,5,364,432,473,765,870,2,5,522,4,207,432,672,884,8,42,183,236,424,489,606,766,767,2,59,226,5,70,132,395,823,913,3,5,522,550,4,373,562,646,884,6,163,571,761,779,882,941,3,443,763,856,4,3,396,549,811,2,497,761,5,257,276,681,760,770,2,301,959,4,70,132,183,490,4,117,237,301,959,2,28,387,4,193,244,625,937
36,4,176,431,616,760,6,219,281,376,510,602,663,3,549,634,921,4,498,626,805,941,2,311,464,3,226,538,903,3,136,302,329,8,136,138,163,612,822,884,902,904,2,226,829,6,71,72,145,209,389,820,2,95,188,5,7,167,281,620,733,3,34,604,935,5,216,440,473,873,959,4,42,88,183,788,3,228,528,873,4,117,388,425,505,6,276,295,748,753,896,988,8,61,131,151,260,466,559,758,962,2,104,273,4,209,414,757,825,4,49,192,786,872,4,176,830,904,996,4,90,196,663,760,5,193,703,717,748,779,7,29,165,467,752,885,910,950,2,294,578,4,336,381,612,896,5,45,78,381,548,866,3,143,261,522,2,509,550,5,17,97,335,522,688,2,260,827,5,150,210,538,764,820,4,70,104,257,320,3,7,63,467
13,2,138,904,1,329,3,710,856,950,3,27,265,941,2,116,140,2,140,397,3,154,672,761,2,554,721,2,27,674,1,968,2,2,581,2,348,414,1,626
29,3,56,440,628,2,278,515,4,87,154,375,442,4,235,634,711,979,2,192,261,4,147,795,806,903,2,226,253,2,641,781,2,125,535,1,227,2,374,575,1,192,3,78,237,513,6,255,376,408,666,840,966,4,273,414,797,988,1,221,1,285,6,83,188,529,610,941,959,3,477,537,941,1,227,3,168,548,556,5,66,128,185,235,472,9,273,290,311,455,482,510,619,779,861,3,26,29,672,3,269,512,663,1,866,6,3,243,550,619,776,861,1,922,6,17,105,123,510,631,790
18,1,478,1,592,2,49,548,1,941,1,538,2,295,512,1,920,1,941,2,612,822,2,163,959,3,320,490,779,1,884,1,821,1,168,2,431,646,2,522,550,1,478,1,890
23,6,39,389,414,451,713,753,5,52,163,873,935,955,5,397,506,674,733,834,5,212,246,367,529,692,5,538,831,920,930,947,5,276,562,629,821,880,4,105,295,557,818,5,344,460,864,872,991,2,261,285,1,539,8,26,66,443,466,472,810,879,974,5,29,266,479,548,902,2,681,777,3,45,235,740,6,257,284,349,373,753,852,6,227,723,786,895,913,964,5,25,226,390,858,991,5,79,165,349,440,555,3,46,810,864,6,414,416,524,687,828,861,5,27,42,239,316,916,9,149,190,401,479,483,497,690,702,904,4,447,767,860,896
29,3,211,309,760,4,93,765,779,996,3,345,705,941,2,22,705,2,45,794,3,212,267,817,4,179,235,367,904,2,142,548,2,401,612,2,383,714,3,131,528,649,1,288,3,437,634,964,2,264,290,1,633,2,91,335,1,624,2,395,422,2,387,432,1,35,1,448,3,108,177,489,4,255,259,269,466,3,310,359,516,1,743,2,483,912,2,285,753,2,192,265,1,542
20,2,150,210,1,830,2,313,998,1,549,1,771,3,45,209,905,1,8,2,211,328,1,155,3,643,804,942,2,67,514,1,150,3,187,479,955,2,61,237,2,54,155,3,188,189,912,3,364,365,514,3,8,236,931,2,78,853,2,638,916
20,3,131,732,901,1,313,2,211,328,1,371,2,54,902,1,765,1,61,1,253,3,29,334,456,1,242,1,212,3,138,765,804,1,284,1,931,1,298,2,813,916,1,547,1,102,1,113,1,549
18,1,686,1,261,2,350,538,1,767,1,845,2,401,829,2,5,257,1,140,1,695,1,968,2,107,781,2,592,760,4,63,192,414,764,1,651,1,348,1,569,1,795,2,0,226
29,7,158,414,549,591,633,694,979,7,110,192,225,341,378,731,925,6,84,347,510,586,615,986,10,49,81,163,226,248,285,372,639,733,743,12,364,365,405,478,586,663,764,833,876,901,927,966,12,72,78,309,344,492,562,571,615,755,864,873,964,3,35,177,825,4,143,530,757,857,6,54,367,616,774,816,902,6,464,548,715,738,764,833,5,154,374,487,532,569,7,70,135,551,616,801,864,924,5,116,127,255,537,925,6,23,42,50,367,763,788,7,127,188,393,436,641,709,790,4,1,678,688,718,2,341,479,4,27,143,155,513,5,132,226,393,709,792,5,165,378,455,748,988,10,54,70,155,369,440,627,631,663,679,884,7,135,237,349,440,626,705,784,4,44,98,261,494,3,192,711,835,6,190,226,237,655,663,779,4,140,761,797,866,9,84,190,385,474,506,647,752,779,784,2,54,487,7,91,131,507,612,644,663,964
18,2,467,594,2,510,764,1,278,1,24,1,962,2,201,229,5,173,193,455,616,959,3,698,748,995,2,803,857,4,33,69,176,646,2,372,830,2,462,647,4,3,284,538,829,2,143,727,2,117,388,3,17,703,921,2,299,667,1,289
34,5,128,261,414,720,797,6,71,258,360,438,663,941,4,303,431,959,964,5,105,132,284,374,943,3,154,816,920,3,396,764,849,5,271,398,473,834,905,5,161,726,872,930,998,6,3,145,327,379,548,816,9,226,500,539,541,546,548,897,902,905,6,1,180,473,814,950,960,5,136,303,490,524,740,4,61,614,711,974,4,140,294,430,777,8,131,151,295,466,538,716,723,872,5,69,177,492,568,937,6,5,25,213,390,816,888,6,17,366,422,522,532,538,6,389,477,495,600,864,928,3,188,610,855,4,71,269,423,473,2,7,684,2,27,183,9,46,71,228,424,544,569,830,974,991,7,168,265,295,383,395,572,646,4,455,606,643,685,5,306,375,606,864,986,6,79,118,265,451,930,968,2,731,904,5,168,220,524,625,861,6,61,265,468,640,784,862,5,17,125,463,550,809,6,8,72,239,585,767,771,4,155,309,711,968
23,2,309,960,6,140,183,367,375,447,849,7,56,116,181,188,285,681,933,3,110,158,260,6,264,285,288,397,624,893,4,131,195,242,732,6,27,45,69,716,760,941,9,71,155,176,237,449,592,751,827,959,7,42,414,472,582,604,876,986,7,135,140,512,913,942,959,964,5,118,126,236,276,395,4,506,624,673,779,2,611,808,5,176,678,733,866,968,6,20,222,445,496,647,950,4,154,399,492,927,3,304,348,960,5,269,455,514,834,930,8,228,285,436,440,472,617,805,882,4,70,261,285,299,2,45,538,4,331,497,555,913,6,45,569,632,720,770,964
14,4,391,538,539,847,1,198,1,811,1,304,1,276,2,347,594,1,797,1,128,1,866,1,633,3,177,568,604,1,542,1,365,1,78
30,3,181,336,835,2,116,687,1,154,2,281,602,4,136,669,920,992,3,482,721,739,3,148,285,432,3,78,740,913,2,63,196,3,516,904,920,1,383,1,937,2,50,721,1,130,2,669,920,1,180,2,465,737,2,687,753,3,61,226,402,2,188,355,3,44,269,864,5,91,441,727,731,930,1,41,2,268,513,2,284,510,2,23,842,1,408,4,70,226,519,899,4,8,278,285,956,1,281
27,6,42,193,498,712,827,987,6,284,376,402,509,673,899,5,153,375,472,678,702,4,118,236,431,694,3,42,257,288,3,189,194,428,3,136,220,767,5,113,143,302,513,727,4,292,397,763,913,2,54,265,2,616,698,6,8,497,548,657,767,789,4,295,616,680,909,7,344,355,646,818,866,903,920,5,414,505,792,804,883,5,397,432,709,749,777,4,115,274,554,959,2,181,771,3,473,633,930,3,57,302,753,4,180,386,775,791,3,42,366,927,4,56,66,176,862,1,192,1,177,5,316,538,548,615,952,4,5,612,864,950
26,3,45,602,986,1,179,3,192,685,884,1,827,2,290,964,4,289,304,624,811,1,271,3,539,622,897,1,524,5,402,435,592,800,937,2,266,902,2,385,920,2,568,818,1,155,3,174,326,359,2,414,783,5,285,432,672,908,991,2,35,643,1,633,2,90,913,2,94,968,1,635,3,54,61,827,1,89,2,21,261,2,753,864
30,1,538,1,305,1,336,5,13,35,460,496,862,1,760,6,35,188,242,279,655,947,5,557,585,609,770,818,2,663,711,2,737,973,1,155,2,104,180,1,721,1,521,2,394,883,2,299,306,2,138,978,4,335,626,804,845,2,34,594,1,91,3,26,647,688,3,140,276,862,2,220,930,1,538,1,705,2,385,918,2,455,624,3,472,760,882,2,192,225,1,457,3,78,652,687
28,1,762,3,78,269,467,7,150,395,440,594,698,775,927,4,251,472,646,716,5,28,34,288,387,711,5,89,214,284,397,549,4,473,614,684,686,5,1,154,244,320,401,4,108,261,512,940,4,189,288,744,801,3,544,622,649,3,165,492,530,3,61,646,754,4,52,306,756,804,7,82,155,272,276,367,399,795,4,23,82,408,864,4,538,622,748,927,3,451,513,860,9,5,154,184,237,257,369,481,904,912,6,116,188,281,455,612,804,2,147,817,4,181,646,765,884,4,483,488,862,963,4,432,483,916,927,2,0,480,5,194,279,546,655,879,7,91,131,155,398,449,644,884,2,126,851
16,2,139,859,1,189,1,102,1,594,3,270,365,647,2,830,974,1,473,1,401,1,235,1,658,4,234,285,538,864,1,402,1,414,2,397,466,1,864,1,285
23,3,209,680,877,3,302,339,749,7,62,79,176,192,212,315,440,4,310,378,788,801,6,399,549,585,763,834,902,4,155,604,799,937,4,67,483,827,916,4,255,376,470,548,1,226,6,17,181,193,261,295,789,4,235,349,855,877,4,148,163,311,362,6,1,116,261,401,447,883,4,447,566,646,818,3,105,764,959,5,29,687,893,937,985,5,260,261,447,633,737,2,376,389,6,27,194,277,375,617,891,5,8,90,465,522,937,1,866,4,117,223,388,751,5,98,399,537,646,877
27,4,212,583,646,746,4,138,179,492,786,1,158,1,811,2,171,775,1,385,2,304,554,3,309,538,960,2,686,941,3,760,864,930,3,45,70,264,1,56,2,153,964,2,611,790,3,70,128,192,2,143,530,2,193,259,1,996,5,8,304,354,770,936,2,397,754,1,902,3,104,304,991,1,633,2,489,604,2,150,986,3,260,440,790,4,220,397,727,890
27,2,312,795,2,260,827,2,50,303,3,362,547,634,2,440,674,2,33,864,2,276,426,2,131,870,2,591,804,3,71,592,884,1,639,2,34,143,4,46,198,712,987,2,655,770,1,901,4,145,394,402,863,2,615,792,2,261,811,2,145,554,2,8,45,1,930,3,117,521,703,4,306,539,547,791,3,269,721,988,1,252,1,652,4,252,279,566,655
24,2,663,916,5,274,320,645,857,909,2,717,748,3,116,276,933,4,328,684,777,794,2,1,231,4,242,376,402,732,1,698,3,176,237,867,3,592,878,986,3,168,251,538,3,8,34,503,6,41,727,760,811,835,864,2,904,919,3,45,75,959,2,150,399,5,237,341,472,588,731,5,61,228,260,731,959,2,226,295,3,647,884,941,5,117,213,764,825,904,3,127,216,816,3,4,151,201,3,401,554,781
28,1,616,2,616,771,2,330,494,2,271,395,2,537,538,3,98,709,902,3,70,222,347,1,769,2,45,69,6,468,690,718,943,950,989,6,149,257,542,687,834,989,2,414,560,2,29,786,1,437,3,5,385,816,5,1,62,468,718,989,2,436,950,2,455,556,4,176,228,455,678,1,687,1,226,2,934,964,1,402,1,70,2,45,821,1,573,6,54,294,424,429,472,600,1,753
26,3,61,500,788,2,617,956,5,119,255,331,551,561,2,611,790,5,55,192,456,808,928,6,69,71,187,592,890,955,7,91,165,255,302,376,864,884,1,692,2,221,830,3,207,226,895,2,140,550,4,196,548,646,880,2,433,761,3,1,516,535,1,765,2,0,211,4,155,196,335,485,2,548,870,2,908,913,1,772,3,222,276,711,2,187,522,7,286,302,479,483,497,727,746,3,97,667,921,6,22,265,387,549,615,711,4,427,731,764,807
23,8,131,183,255,378,462,496,890,937,1,470,5,13,145,515,817,858,4,3,530,616,935,2,288,347,4,45,347,476,534,5,271,611,767,884,986,3,94,276,833,3,261,354,423,5,39,419,619,743,829,7,20,163,228,260,487,604,643,4,234,440,797,817,6,422,476,737,764,830,866,4,33,381,611,687,4,102,207,709,753,4,591,646,683,964,4,97,522,688,959,5,242,348,385,460,877,4,63,149,760,761,5,255,538,643,652,896,6,115,274,638,820,827,959,5,617,771,837,862,950,3,343,498,757
28,4,775,836,872,902,2,43,292,4,70,353,711,950,4,131,188,226,813,3,149,435,712,2,306,732,1,113,1,814,2,148,150,2,255,643,1,43,4,569,757,770,991,2,548,862,2,223,463,2,663,884,2,66,548,1,185,2,440,592,2,125,389,1,513,4,17,70,98,486,1,177,3,195,274,849,4,473,611,649,937,2,399,514,2,27,639,1,363,2,432,602
25,4,451,711,872,924,2,341,849,2,890,996,4,64,348,899,964,3,196,492,964,4,327,331,561,968,4,3,163,516,921,3,8,27,534,3,235,873,924,2,611,786,3,447,834,982,3,460,748,804,2,349,549,3,2,827,866,5,235,289,708,925,934,3,643,715,788,2,309,893,3,269,744,905,3,227,347,568,2,68,647,3,201,721,760,4,49,70,327,792,3,489,619,687,3,328,385,397,4,339,681,753,896
23,3,181,681,986,3,299,612,630,2,373,720,3,399,483,923,4,142,284,438,771,3,154,226,727,3,138,663,806,2,46,267,4,395,455,472,731,4,326,367,408,842,2,32,361,4,414,727,809,946,2,583,586,4,71,165,525,573,3,91,139,866,1,816,1,829,3,318,397,998,3,80,503,941,5,17,71,865,920,950,2,703,952,2,962,983,2,399,617
35,6,33,61,195,306,708,753,6,299,695,705,762,795,883,5,222,291,402,577,902,7,242,261,273,385,601,644,753,3,321,647,711,5,414,663,689,753,941,3,467,520,681,9,149,407,427,512,517,641,864,924,969,6,104,340,457,555,647,748,6,2,224,233,431,467,709,7,375,581,634,709,776,830,911,4,24,83,794,926,1,250,5,199,210,228,376,827,2,619,705,3,0,20,516,4,188,193,385,952,5,616,630,663,676,968,7,3,46,514,703,821,842,994,5,285,531,674,884,932,7,9,222,299,473,762,950,986,5,185,211,378,448,883,1,816,7,373,550,602,611,643,696,758,4,209,261,414,455,7,91,345,435,447,467,647,684,5,61,127,235,522,602,7,61,212,243,432,491,492,512,8,125,242,269,335,528,653,775,814,2,227,470,5,22,91,214,397,690,7,45,59,192,488,821,904,920,1,211,7,2,34,542,564,811,847,928,5,126,261,364,441,851
26,1,273,1,70,3,45,311,362,1,767,2,517,920,1,61,1,512,3,131,591,634,3,154,299,538,1,893,1,973,2,188,377,2,269,815,1,816,1,397,2,257,516,2,3,842,1,591,1,522,1,235,1,416,1,988,1,432,2,127,797,1,554,1,269
25,1,334,2,464,986,4,33,378,622,865,2,45,177,3,189,799,829,2,7,862,2,29,556,2,435,748,4,17,320,949,982,2,435,448,1,155,3,758,783,820,2,7,588,1,341,2,273,390,2,455,716,1,517,4,303,717,748,818,4,313,513,633,884,2,90,465,2,528,814,1,78,2,335,925,1,633,2,441,614
27,2,61,328,4,242,529,721,827,3,46,382,955,1,834,3,647,862,941,3,66,472,864,1,506,2,131,766,2,211,455,3,611,625,775,3,411,524,917,1,54,3,163,644,830,2,198,925,4,128,356,759,968,7,49,164,255,460,466,737,963,1,566,7,212,228,290,311,510,611,852,3,62,91,667,2,667,753,2,242,425,8,17,46,131,158,284,763,827,835,2,3,272,4,180,506,870,941,4,46,375,492,983,3,284,723,804,3,212,257,494
14,2,222,647,1,290,1,775,1,228,3,351,426,500,1,988,1,564,1,873,1,864,1,457,1,663,1,163,2,288,982,3,143,554,880
31,3,290,376,865,2,515,703,2,82,470,1,652,3,396,765,853,7,3,71,163,530,622,843,863,1,612,2,257,902,3,268,359,537,2,568,821,3,158,225,751,2,495,996,3,446,769,942,4,131,385,548,964,7,49,158,188,284,291,835,910,1,804,4,464,491,615,755,3,647,723,873,2,210,919,3,187,257,503,3,90,267,496,4,154,193,310,838,1,125,2,194,201,3,82,830,912,6,104,273,353,421,649,663,3,13,876,901,2,188,266,3,327,687,771,4,345,426,594,801,3,399,419,797
18,2,731,916,2,520,814,3,347,666,872,5,5,94,510,539,788,7,206,432,476,551,569,716,743,4,140,371,401,849,4,497,662,686,770,3,647,662,764,4,354,394,497,902,4,228,378,472,902,5,359,363,407,638,969,4,113,316,478,732,5,24,135,447,770,881,2,8,639,6,261,267,303,385,687,937,4,381,413,652,986,4,447,593,717,803,2,183,500
32,1,964,1,864,4,237,242,921,940,1,318,2,295,341,1,479,3,495,612,822,1,562,2,730,775,4,260,284,557,818,1,395,3,423,666,753,1,723,1,930,3,29,313,680,2,272,753,4,66,568,646,771,2,830,900,1,211,1,284,1,362,1,580,1,431,2,348,468,3,485,508,655,4,373,443,614,952,3,226,490,512,2,116,960,2,1,349,3,373,915,941,2,816,821,1,91
29,10,101,110,434,436,498,550,611,687,849,952,2,61,76,2,306,814,1,681,4,35,211,633,921,1,354,4,56,91,285,294,5,495,516,522,646,852,3,140,242,261,5,78,98,265,663,910,2,97,633,6,52,364,562,820,862,876,3,125,712,779,4,27,288,309,992,3,56,383,714,5,8,221,666,760,913,4,54,135,138,394,4,194,487,506,779,6,229,384,388,633,698,885,1,261,4,22,257,295,585,5,5,14,440,731,827,4,13,299,910,930,4,187,341,503,779,4,257,432,440,549,6,155,163,309,538,561,884,4,309,451,964,973,6,210,343,468,510,611,973,6,25,148,390,414,752,889
26,4,22,116,933,986,6,210,226,515,562,663,690,4,45,255,551,797,3,261,732,887,5,91,540,549,622,764,2,764,765,4,69,237,492,937,6,42,176,226,237,470,646,3,514,688,740,2,316,775,2,594,986,4,341,685,830,982,7,66,432,522,666,731,886,986,4,55,192,476,830,3,304,466,569,3,399,573,654,8,75,101,304,464,512,633,753,901,3,90,465,767,7,50,284,422,430,435,730,920,8,17,27,149,187,473,548,593,737,3,155,257,783,4,125,497,626,870,4,284,299,626,816,2,44,864,6,27,90,760,864,877,883,1,913
24,5,143,311,362,530,760,3,32,255,687,2,703,996,5,91,133,575,842,946,4,414,634,852,893,2,853,899,3,821,964,996,3,188,228,498,2,28,455,1,303,4,8,302,617,924,2,45,669,4,163,557,569,758,2,754,769,2,303,818,3,2,35,947,4,303,310,467,830,5,222,399,440,864,928,1,942,5,436,525,610,612,784,4,190,216,506,859,2,123,631,2,35,309,3,302,591,827
33,8,17,368,374,458,652,805,856,863,3,269,585,861,6,86,150,470,558,688,695,7,26,143,237,242,500,530,753,4,522,652,748,817,6,105,251,540,616,696,764,1,612,2,436,513,6,194,285,473,667,681,882,8,29,302,585,622,827,910,920,996,5,187,223,392,427,470,3,746,767,795,6,42,69,625,678,864,935,4,161,241,309,322,5,180,316,401,802,863,8,116,117,143,168,522,646,723,760,3,265,269,723,4,82,226,466,887,3,389,457,918,6,67,261,440,761,839,988,5,8,222,283,746,938,8,228,255,436,513,540,551,674,804,5,168,419,879,911,988,7,376,479,518,576,633,764,950,5,42,284,721,767,924,5,341,540,556,687,955,5,181,188,295,522,921,4,70,292,580,913,6,79,473,748,876,931,991,3,375,751,930,8,5,113,155,278,284,288,389,426,3,193,314,549,4,5,45,276,727
23,3,646,767,933,3,312,615,755,9,46,294,525,611,616,617,727,774,955,4,547,564,611,673,3,188,538,551,3,69,492,937,3,131,183,261,3,304,652,760,4,220,440,550,674,2,331,397,3,432,639,937,4,145,466,794,864,3,46,309,712,2,381,457,4,460,667,748,950,2,8,811,4,163,176,760,883,8,27,35,310,383,774,804,905,947,3,70,167,723,1,457,4,309,556,612,694,4,70,512,721,740,1,140
22,2,512,921,1,849,2,416,568,2,810,847,1,385,3,228,341,756,2,189,775,1,190,1,63,2,127,950,3,302,764,804,4,268,436,513,964,3,39,320,403,1,414,2,408,711,1,270,1,611,1,930,1,42,1,473,1,559,3,222,291,647
25,3,378,806,921,2,35,210,2,367,767,2,214,733,1,258,1,915,2,726,820,1,930,1,382,2,784,995,5,569,611,839,902,904,3,93,256,695,1,575,1,42,1,647,1,522,1,29,1,267,4,284,376,402,510,3,72,529,820,4,57,150,434,614,4,88,788,827,924,2,601,633,3,440,761,884,2,177,388
26,1,639,3,251,411,649,2,28,387,4,8,14,158,503,2,56,663,2,539,950,1,43,2,130,413,2,447,721,2,148,594,1,588,2,26,181,4,524,594,666,810,2,528,920,2,473,591,1,353,1,610,2,401,425,2,488,687,2,331,770,1,277,2,440,883,2,70,983,3,66,548,549,2,492,960,3,140,367,754
25,6,236,368,620,678,792,986,2,374,811,3,149,395,570,1,222,4,151,509,587,599,5,388,633,687,924,937,3,187,862,955,2,394,486,3,219,490,510,4,50,104,126,237,3,91,764,803,2,157,795,2,183,827,3,38,498,805,4,167,752,896,910,4,143,265,457,554,1,522,2,388,538,2,135,619,2,767,950,4,135,164,364,425,3,193,210,872,3,265,303,652,5,4,389,449,610,811,2,335,959
32,5,715,753,764,783,964,5,302,424,784,834,915,1,388,1,644,3,42,235,344,6,67,257,532,723,902,904,7,63,149,398,414,549,551,602,5,34,67,498,538,687,5,72,646,820,893,920,5,94,193,723,788,827,4,26,52,226,771,3,295,363,882,6,131,151,183,284,466,510,4,278,368,569,880,3,7,269,620,2,227,497,6,88,116,472,781,788,902,3,116,388,424,3,27,57,288,7,27,132,495,585,632,658,950,5,8,61,70,447,548,4,104,275,347,460,4,23,266,324,941,3,257,326,752,5,17,71,799,849,988,4,188,512,638,663,1,388,4,158,687,803,937,4,163,451,865,930,5,117,295,550,602,643,7,70,212,235,311,349,893,983,4,385,625,712,811
23,2,8,960,7,23,437,490,538,554,959,986,4,264,305,538,731,2,291,872,4,113,431,663,930,3,91,145,827,3,315,363,964,3,183,284,510,3,381,680,752,2,497,542,2,401,820,1,374,2,181,681,4,176,235,361,884,3,284,397,510,2,376,513,6,114,146,193,695,731,829,4,242,473,864,904,1,576,2,28,614,4,176,261,473,884,3,490,740,803,2,721,811
27,3,105,534,952,3,521,834,950,3,150,478,764,1,261,3,457,602,827,4,171,288,320,503,3,242,760,814,3,70,261,512,6,67,312,328,424,666,694,6,45,69,440,540,646,924,4,195,217,336,928,1,110,3,237,921,940,3,273,624,810,3,5,363,573,3,227,448,694,4,17,29,163,350,5,189,261,394,776,805,3,45,674,733,2,347,932,1,285,3,509,705,710,9,363,367,487,557,703,723,818,850,890,4,468,842,956,996,1,334,5,395,465,477,779,941,3,167,235,316
19,1,753,1,681,2,27,771,1,864,1,209,1,22,4,341,478,904,921,1,893,2,151,910,1,24,1,375,1,616,1,669,2,190,779,2,367,767,1,912,2,436,792,1,489,1,930
37,2,183,885,1,775,2,424,766,2,140,617,2,401,643,2,5,492,1,492,2,0,522,2,378,835,1,163,1,584,5,52,456,817,880,928,1,399,2,753,864,4,72,221,495,765,1,686,2,539,762,5,5,45,78,522,799,2,154,167,2,401,827,1,528,1,916,2,34,207,3,61,242,775,2,256,695,1,700,3,550,753,966,2,647,761,2,232,898,2,277,304,3,56,246,522,2,276,679,1,883,2,749,791,5,5,167,184,301,959,2,689,862,2,118,738
30,4,52,538,550,753,3,277,340,646,3,211,673,849,5,5,188,260,548,790,2,34,913,4,135,447,586,921,3,116,760,761,3,181,348,964,1,99,2,255,568,5,2,226,257,365,506,2,576,952,3,684,765,892,2,125,864,4,27,131,165,966,4,118,236,461,466,3,46,235,686,3,331,455,561,5,45,79,147,703,877,5,188,233,497,652,663,3,165,408,955,3,61,538,569,2,228,754,2,107,303,2,236,575,2,49,760,3,226,781,790,3,372,860,996,3,146,546,663,2,26,714
