10,12,93,242,260,335,457,592,713,733,760,799,893,941,12,14,27,71,128,183,188,219,455,528,615,755,885,15,44,135,176,228,269,473,555,585,616,619,723,774,775,878,966,10,61,209,244,646,676,779,783,895,930,959,12,127,150,155,341,395,460,466,551,564,578,853,964,8,70,261,265,294,316,354,514,788,12,61,71,90,196,311,387,432,633,649,694,761,765,8,143,150,251,513,530,548,624,709,11,70,107,242,306,483,492,625,678,764,920,986,14,57,69,132,188,233,375,456,686,710,711,780,845,912,930
10,8,192,193,538,539,548,591,769,847,5,131,646,695,753,754,7,194,209,309,447,550,865,921,6,212,335,440,600,645,674,5,29,46,200,432,448,10,8,34,71,118,487,555,592,715,760,764,7,8,128,189,265,369,532,817,5,153,370,399,430,988,7,145,177,290,311,362,663,765,10,61,257,294,385,521,585,611,638,814,872
6,14,13,31,70,131,143,290,311,441,447,483,510,558,656,799,15,214,294,302,354,408,538,550,626,646,852,865,902,923,936,966,13,32,136,193,252,304,542,600,737,769,775,792,845,968,12,46,91,207,233,279,309,456,558,562,655,663,779,13,27,62,118,341,447,500,522,555,753,764,781,830,883,13,17,189,192,285,375,399,576,585,863,865,887,913,916
4,7,139,149,226,386,610,859,962,8,46,189,194,375,473,656,751,770,8,176,222,365,604,647,716,808,873,9,71,90,206,316,402,548,591,658,930
4,6,62,116,210,493,933,941,6,321,551,624,852,893,937,4,5,455,732,781,4,61,176,237,711
10,13,315,327,345,414,515,534,567,608,681,797,902,911,959,15,68,235,237,513,623,643,715,764,873,884,921,940,964,966,996,11,271,309,395,451,490,532,572,692,811,878,923,14,104,131,375,385,402,522,539,548,646,788,830,897,968,988,16,2,61,71,150,233,312,362,388,463,524,538,570,797,817,893,898,14,17,230,257,385,388,469,624,633,649,656,711,764,779,916,13,128,135,266,364,448,547,568,576,585,591,781,895,952,15,5,35,70,71,108,132,140,185,298,436,538,572,809,866,964,9,1,70,153,261,285,297,436,731,827,15,88,220,265,327,328,345,348,375,468,549,663,666,849,885,916
8,12,3,105,181,188,281,490,540,562,602,681,767,814,14,285,295,298,432,516,545,548,562,643,765,859,902,908,912,13,27,95,265,284,419,500,663,678,740,743,754,816,829,13,19,25,61,63,180,295,390,397,538,647,716,762,816,13,79,121,142,148,158,260,309,375,538,548,572,649,751,13,34,56,140,165,241,312,367,488,652,684,781,820,988,13,34,105,297,312,343,414,470,524,580,710,861,864,924,14,35,62,153,210,239,285,374,385,512,617,619,739,811,871
7,16,13,29,49,188,242,302,329,374,378,427,500,591,608,616,634,685,15,4,6,17,41,113,183,698,800,804,814,830,833,864,903,937,13,81,130,261,299,374,385,461,487,612,646,695,786,872,12,19,174,303,306,326,341,408,414,538,634,731,840,12,1,116,196,273,285,382,395,441,446,617,781,892,8,70,336,375,500,505,548,748,764,17,27,102,228,271,295,310,340,463,468,470,482,512,547,748,757,825,940
11,10,5,180,226,251,363,381,457,492,797,941,11,87,94,138,277,459,529,663,708,730,827,966,6,163,195,284,483,913,991,9,27,66,89,91,214,472,512,769,941,8,69,176,295,492,522,816,937,983,9,125,140,237,283,514,544,732,937,938,10,32,83,140,180,214,430,687,723,852,968,10,1,299,457,498,548,593,663,775,799,816,11,188,362,395,528,551,568,576,784,786,842,878,10,223,271,284,348,435,506,611,746,769,779,13,17,63,102,265,290,311,363,470,509,510,640,673,899
8,9,2,150,289,555,708,767,843,878,974,4,140,432,561,758,11,90,201,226,268,320,385,625,647,814,905,967,9,87,512,520,554,769,795,864,866,986,9,42,131,138,179,622,626,640,774,801,7,303,347,575,723,727,761,974,7,70,125,145,242,284,583,606,4,72,138,447,888
4,7,54,148,151,288,843,849,921,7,45,69,130,268,548,616,996,6,87,540,554,753,855,918,6,125,135,163,436,619,801
10,10,79,176,440,546,666,688,694,753,760,865,12,150,185,281,327,510,539,540,602,608,753,764,820,11,127,163,283,295,304,674,733,743,749,883,902,16,2,21,105,149,284,371,414,440,468,539,554,656,674,715,716,873,13,2,33,49,94,277,281,309,435,436,538,622,748,767,11,91,105,207,228,285,341,522,753,792,931,942,12,45,167,210,381,390,429,476,522,585,662,694,935,11,23,45,243,397,547,622,647,726,732,746,864,13,0,8,70,135,143,187,303,312,354,365,407,716,936,14,29,45,216,284,375,395,467,593,597,647,735,916,945,950
5,3,134,281,860,3,8,45,294,3,61,131,226,1,550,2,235,711
9,18,131,183,227,288,302,305,328,341,497,634,663,666,669,760,826,829,927,959,15,59,135,154,195,201,246,299,327,367,522,549,685,698,740,955,19,5,67,70,113,138,389,397,440,460,492,538,539,568,601,634,748,753,903,924,18,23,161,188,374,377,447,472,479,600,681,731,751,800,827,880,930,937,959,13,5,17,143,251,316,385,408,433,492,604,698,840,910,17,27,138,174,235,312,326,344,354,424,473,510,513,611,716,760,864,884,17,8,29,138,183,193,214,237,265,294,340,398,766,863,864,879,956,996,18,3,29,42,91,271,425,538,548,594,602,612,638,775,788,855,864,872,951,19,125,154,155,261,304,316,482,529,564,673,740,758,769,776,805,849,915,941,968
8,15,28,35,45,83,125,145,195,237,414,422,557,663,770,935,947,12,22,190,246,378,649,711,737,775,911,913,946,966,13,70,91,274,304,359,611,660,663,698,721,779,908,946,4,187,196,284,285,13,136,194,210,341,359,441,472,483,587,731,748,806,986,13,2,6,8,188,235,299,311,435,646,666,672,678,884,11,220,304,309,548,663,666,816,821,886,920,927,13,27,57,61,187,280,297,312,594,633,781,810,872,916
11,7,22,139,552,617,705,753,859,11,88,237,244,309,516,731,857,890,921,940,950,13,54,95,138,140,277,295,435,456,890,902,904,928,988,12,55,61,192,389,435,440,582,667,674,829,873,959,13,91,180,221,289,302,376,522,634,703,711,818,932,937,6,306,341,764,885,886,935,10,27,219,302,321,432,510,626,649,684,982,10,207,242,304,373,390,583,830,859,955,982,13,134,188,189,222,304,362,441,448,611,711,716,764,790,12,2,133,150,190,348,365,468,470,569,647,678,716,13,134,150,237,265,276,381,433,525,550,586,640,816,950
8,14,8,53,116,326,428,458,544,611,612,663,751,760,927,933,10,176,269,345,367,608,624,816,838,893,925,8,42,183,283,376,632,649,754,830,7,23,75,155,448,732,746,904,14,0,108,163,176,177,196,237,242,359,405,432,513,627,663,8,70,185,193,237,336,646,878,986,9,17,399,548,597,612,737,769,828,928,12,19,210,228,261,436,483,509,513,663,732,916,937
11,12,21,61,284,299,347,441,532,606,708,740,786,951,12,226,285,295,392,516,522,552,643,644,663,685,710,15,62,64,98,165,183,267,309,599,641,674,733,769,834,910,920,17,91,123,131,414,461,516,538,561,622,696,708,743,748,751,758,816,866,12,61,116,490,569,622,736,775,798,802,827,872,966,3,331,469,711,16,45,52,79,190,235,381,457,538,557,564,674,687,818,848,913,942,12,133,163,190,193,234,310,361,440,522,643,715,731,11,27,91,126,278,288,312,514,528,731,870,942,8,39,167,210,466,509,711,883,884,11,6,23,29,45,163,497,517,569,662,681,991
4,4,158,302,455,827,6,62,276,289,549,842,920,7,67,116,288,304,424,432,942,6,17,45,188,299,720,991
14,11,17,269,359,448,513,528,592,620,641,941,986,10,27,89,108,177,214,328,514,797,903,921,9,1,27,118,211,303,515,799,884,989,11,26,39,63,147,179,189,216,288,311,401,986,12,365,383,402,442,555,578,623,714,748,827,893,982,10,272,315,413,492,602,626,710,753,784,938,14,43,149,188,226,376,394,466,498,522,664,672,810,814,991,13,13,276,432,491,506,513,696,711,788,827,921,934,941,10,345,466,476,550,608,672,797,830,877,893,11,67,137,154,285,318,440,528,561,562,703,949,11,193,265,304,372,460,522,640,737,784,962,983,7,27,167,470,556,748,758,883,11,69,91,149,194,451,551,677,710,730,861,883,11,265,288,398,448,513,607,611,786,827,828,836
7,8,67,192,193,225,317,606,797,866,17,45,113,118,140,183,242,243,257,363,367,492,647,723,890,915,937,968,13,23,219,292,510,608,639,646,674,765,767,872,884,913,11,24,158,167,265,341,414,696,827,863,924,998,10,150,265,285,397,424,540,601,839,873,878,6,90,580,710,866,893,983,13,70,91,167,180,226,242,257,285,448,585,617,804,845
8,7,27,154,214,257,273,284,852,8,8,44,176,189,227,614,647,864,14,26,170,193,285,374,395,397,554,624,634,763,764,784,896,11,17,327,343,375,397,447,456,513,571,666,883,16,129,180,295,312,368,447,497,500,652,669,681,774,818,890,903,963,11,107,190,194,242,447,580,583,779,844,866,908,14,45,138,148,303,304,356,397,433,512,517,818,829,866,959,9,62,243,265,422,753,884,896,920,966
12,16,27,45,139,149,183,188,196,216,436,611,698,775,859,872,885,924,6,226,246,277,295,548,738,13,189,237,284,307,367,381,394,401,433,457,767,786,935,11,395,472,512,568,587,625,732,784,855,878,892,11,201,472,491,569,585,587,611,731,775,839,959,16,94,161,180,271,277,440,459,548,663,687,743,753,827,877,899,946,6,44,210,647,663,753,913,9,24,91,128,176,180,625,731,757,760,13,134,344,376,402,528,582,694,733,775,827,864,884,930,11,31,71,91,129,285,303,381,390,551,663,930,8,125,295,312,479,737,816,852,913,8,8,164,304,364,365,771,781,784
14,15,46,181,188,310,378,472,481,498,513,537,681,827,833,885,955,12,90,222,273,277,318,347,399,465,490,568,893,978,13,52,147,183,216,257,284,401,473,611,626,885,902,989,11,32,42,320,492,723,767,769,770,884,899,966,14,67,140,316,367,433,437,457,505,538,539,716,760,794,811,8,118,140,242,261,485,519,538,546,9,35,381,478,517,528,537,808,827,898,14,61,62,170,227,257,272,339,506,548,710,775,924,941,950,13,181,246,397,498,522,542,627,681,751,877,884,915,960,12,62,154,192,261,394,540,548,560,576,686,777,959,11,189,195,227,242,284,465,667,753,783,865,946,7,145,154,265,303,385,540,705,13,8,17,193,275,284,295,366,606,611,629,731,804,920,14,23,56,125,303,304,336,466,561,723,775,788,828,968,986
6,13,67,260,318,480,539,669,723,761,771,799,877,904,966,13,62,228,288,318,388,392,432,476,516,528,554,643,960,12,44,224,228,273,395,537,539,585,674,864,866,960,12,147,216,243,401,407,455,551,622,639,789,959,969,12,5,90,127,257,306,310,428,554,690,727,863,904,14,24,45,194,251,363,394,460,517,617,770,839,863,864,866
10,5,78,261,386,515,764,7,154,188,284,425,568,712,792,7,62,131,196,281,644,864,920,13,363,385,397,436,510,539,723,732,763,827,890,964,966,12,27,45,181,486,549,551,775,801,818,825,921,986,10,20,176,231,309,375,402,462,604,643,908,10,88,150,320,324,422,575,581,611,633,669,9,190,294,316,476,779,830,913,960,962,9,260,356,388,423,486,517,548,736,864,3,257,779,964
12,13,46,79,104,323,327,414,464,467,485,509,520,673,899,12,61,220,222,233,473,644,703,710,769,864,873,950,10,44,87,118,549,585,620,808,836,935,996,13,39,61,116,118,148,303,387,538,540,549,615,687,870,12,42,149,173,190,226,426,542,877,905,915,960,994,13,176,272,285,288,357,466,546,649,688,711,735,959,986,14,41,70,107,113,176,193,195,220,242,328,592,878,884,960,13,17,22,33,107,255,295,366,385,447,525,615,643,763,11,45,272,290,411,476,641,649,754,767,964,986,9,147,440,512,568,573,797,827,857,935,12,45,163,207,226,420,429,550,562,606,795,818,921,19,98,108,124,140,165,177,192,225,226,395,472,486,522,663,688,721,922,959,986
9,21,29,61,67,143,193,226,272,278,281,311,334,341,348,414,512,602,639,649,669,920,959,18,3,61,127,163,199,255,259,261,274,401,516,521,624,663,754,893,950,996,16,17,22,63,79,135,150,198,221,242,288,391,448,723,775,924,947,20,219,299,303,492,509,510,537,594,626,673,687,766,767,775,825,862,899,913,941,946,10,24,82,269,284,312,473,548,754,797,884,17,67,187,188,201,227,229,269,399,441,538,633,721,733,788,887,947,982,19,32,220,297,304,343,349,457,466,477,531,540,616,673,767,849,866,920,935,986,12,70,127,289,366,428,568,619,754,861,878,893,937,13,2,41,289,297,304,365,512,537,754,803,816,910,922
9,6,289,490,534,591,808,908,8,299,385,395,428,613,645,893,927,9,2,104,125,145,276,463,506,510,761,7,20,70,267,328,674,735,777,7,27,91,538,708,772,830,913,3,497,548,767,5,189,193,276,373,388,9,70,135,216,361,364,392,548,667,968,10,45,140,242,261,398,572,678,703,877,959
6,5,185,398,515,539,803,1,228,2,421,592,1,727,5,29,66,90,455,887,6,17,204,261,476,522,978
11,12,91,311,375,381,431,538,539,549,803,814,847,986,9,26,89,221,414,422,521,538,771,816,8,209,376,513,698,791,847,901,902,9,8,82,146,272,276,284,592,811,829,5,294,478,539,656,764,8,140,424,565,721,799,825,849,873,10,66,142,269,472,483,602,731,779,784,943,7,66,110,302,304,538,775,884,6,63,90,422,447,760,816,10,107,127,128,154,192,222,646,753,866,900,6,33,227,538,604,781,903
