10,12,7,27,34,45,50,61,70,72,75,81,91,93,13,1,2,5,8,19,20,23,45,54,62,73,91,94,14,2,10,17,24,27,34,46,59,61,62,70,78,91,97,10,4,34,54,66,69,79,89,91,95,97,12,1,2,8,17,22,27,41,45,56,57,59,61,12,5,6,27,29,33,34,45,52,70,79,91,98,10,4,5,20,22,33,64,67,70,75,76,7,17,27,52,63,66,70,72,14,5,8,14,20,27,32,49,54,57,63,75,90,91,98,14,3,5,8,25,27,35,42,45,68,70,79,84,89,91
10,7,33,34,59,77,82,89,91,7,8,22,29,33,52,84,90,7,22,45,57,69,70,72,87,9,2,8,14,22,24,32,34,61,66,9,5,20,32,42,49,54,61,84,89,5,1,2,3,10,20,7,5,20,29,59,65,68,91,10,1,15,17,35,42,44,45,61,72,91,4,1,59,61,90,5,20,27,52,61,75
6,11,1,2,5,23,41,45,52,59,61,75,90,17,5,8,11,17,21,35,44,50,57,61,67,72,87,90,91,94,97,11,20,34,45,56,57,61,66,70,78,93,95,13,2,3,5,6,23,25,32,35,45,70,89,90,98,9,1,27,29,45,59,67,78,79,91,13,1,8,19,22,27,35,42,44,45,79,83,86,91
4,2,8,92,6,5,22,33,63,91,93,3,70,79,89,3,17,26,70
10,14,4,5,26,32,33,42,49,52,62,70,81,91,93,95,13,3,5,8,19,41,45,52,54,59,61,66,70,75,13,0,5,25,34,36,39,52,61,62,66,70,91,97,12,8,27,33,39,42,54,57,61,67,87,91,99,11,8,25,33,34,45,54,63,64,75,81,91,13,20,27,34,39,45,46,56,67,84,91,94,97,98,13,1,8,18,28,36,45,54,61,68,79,84,91,97,9,0,5,10,19,29,33,35,91,98,13,5,8,17,27,35,56,57,59,61,79,87,90,91,14,1,2,23,27,32,34,39,48,49,50,61,66,69,79
8,9,0,8,28,49,56,61,70,75,90,13,19,26,44,50,52,54,56,67,71,84,87,91,98,10,2,20,27,54,56,70,71,72,76,79,11,2,4,5,17,27,28,40,52,54,59,61,13,5,8,13,35,39,54,59,61,66,67,76,84,91,14,2,3,16,17,19,29,45,54,56,68,70,84,90,91,17,2,5,8,11,19,22,29,33,35,42,43,46,61,68,70,84,91,14,0,2,7,26,29,32,34,50,57,62,71,72,90,91
7,11,1,2,3,23,30,33,35,44,61,62,89,12,1,5,8,19,20,27,69,70,78,81,90,91,13,8,32,35,38,43,45,50,54,61,65,82,87,93,14,5,20,22,29,39,42,46,54,59,61,70,72,88,93,15,0,2,5,8,27,34,41,42,44,45,52,62,70,90,91,13,17,24,33,35,45,52,56,66,72,79,84,91,93,12,0,2,23,27,29,32,33,34,48,52,72,73
11,8,13,28,29,35,54,59,70,76,11,0,2,5,8,14,24,70,84,86,94,97,8,2,6,13,20,23,39,70,93,5,22,28,52,61,99,10,7,8,11,17,19,28,29,45,69,89,11,10,19,26,34,52,57,69,70,79,91,97,8,17,26,32,34,52,84,89,91,11,3,7,8,27,28,45,70,79,83,91,93,10,17,27,35,44,52,61,78,91,93,98,11,0,5,13,29,33,50,56,72,77,81,89,10,8,20,42,45,46,50,59,79,91,98
8,7,2,3,17,29,56,72,89,7,17,28,33,45,61,62,91,9,3,5,8,29,52,59,70,89,91,4,7,16,45,91,9,3,8,22,27,57,63,77,84,97,9,3,5,22,38,52,62,72,75,89,8,5,10,18,24,61,63,65,89,6,5,14,17,61,82,98
4,7,0,7,17,61,67,69,70,6,17,28,42,45,66,67,7,23,34,42,46,70,91,93,6,31,35,45,54,70,91
10,11,20,28,29,32,33,34,50,56,69,90,91,12,1,3,9,34,35,42,45,75,76,84,90,91,14,1,2,5,8,27,28,29,33,34,46,54,69,70,72,14,2,22,24,32,34,41,52,55,57,59,70,71,80,85,13,4,8,22,23,24,27,32,45,46,52,56,70,72,13,2,26,42,45,54,61,62,67,70,72,82,91,93,16,0,1,10,14,45,46,52,53,57,61,70,72,75,79,91,94,11,2,3,17,19,27,33,39,44,69,75,89,13,17,26,33,35,61,78,79,83,84,90,91,94,99,15,1,2,3,5,8,27,33,34,41,42,49,61,62,91,98
5,8,27,30,32,53,61,65,70,71,6,10,28,45,50,57,70,5,5,17,46,70,91,5,1,25,44,71,91,4,2,59,84,89
9,18,3,5,8,13,19,20,33,38,39,44,64,68,70,78,84,92,94,97,18,0,3,8,10,14,17,20,22,24,26,27,32,45,61,67,69,72,91,23,1,2,3,6,17,28,29,32,34,35,42,46,48,61,63,70,72,83,86,87,91,94,98,18,2,4,10,11,27,30,34,37,42,46,61,67,70,78,79,91,94,95,18,5,8,10,22,23,27,29,34,42,45,46,68,69,72,76,88,91,94,15,4,7,27,34,42,44,46,60,61,70,79,80,84,90,91,18,1,2,20,23,27,28,32,33,45,56,64,66,70,73,76,84,91,92,18,0,1,2,8,17,20,21,23,29,30,32,34,46,70,72,84,90,91,14,1,2,3,7,29,33,42,48,55,56,57,66,79,91
8,9,6,10,28,29,61,67,75,91,95,13,3,7,11,19,26,27,29,45,61,70,90,91,93,11,2,5,23,27,29,33,45,61,87,91,98,12,32,34,39,45,52,57,61,70,75,90,93,94,13,8,11,20,23,28,34,41,46,52,63,67,84,91,14,0,9,17,20,23,28,34,45,46,61,70,72,87,98,12,26,30,35,41,45,46,52,54,61,65,94,98,11,1,5,17,20,32,33,44,61,70,80,84
11,15,4,8,17,29,34,41,42,52,56,61,66,69,70,91,92,13,2,19,27,33,34,35,42,54,63,67,84,90,91,10,2,5,7,50,52,69,75,81,91,94,12,20,25,33,37,43,45,46,52,70,72,73,84,10,26,27,45,60,64,66,68,70,91,99,8,22,34,76,87,88,94,97,98,10,2,17,20,21,56,65,70,72,85,98,12,1,2,5,7,44,45,52,69,70,77,84,87,10,17,22,26,39,42,45,54,67,70,91,12,2,3,8,17,18,23,27,50,52,61,63,70,12,0,5,8,24,27,34,42,49,52,68,91,93
8,9,2,28,29,45,52,61,70,87,91,12,0,4,17,19,24,27,29,57,66,70,78,91,12,5,8,44,45,49,66,68,69,70,71,75,90,9,8,20,22,44,49,54,75,91,99,10,4,8,25,28,29,30,52,79,83,91,11,3,5,8,20,21,42,45,59,70,89,94,10,3,27,28,45,46,65,69,70,79,91,11,2,3,17,29,32,44,54,66,67,70,91
11,13,6,23,34,54,59,61,62,66,72,79,91,93,98,14,0,2,20,23,27,33,39,45,52,62,72,81,86,91,11,2,8,17,32,33,49,56,61,63,91,98,9,2,33,41,45,49,65,69,72,81,12,1,23,29,42,45,50,52,70,79,84,91,99,9,8,28,42,45,46,52,61,91,94,12,2,17,27,32,33,44,45,54,70,84,92,98,12,8,10,18,34,45,50,52,61,67,69,70,93,11,2,5,19,33,41,46,70,72,81,87,90,11,24,27,35,46,49,57,59,70,71,95,98,9,17,22,28,29,45,62,73,85,91
4,1,27,1,61,1,91,1,91
14,8,2,8,20,22,27,33,91,97,10,17,27,33,45,61,62,64,76,87,90,15,1,3,19,20,23,27,29,61,79,81,85,89,90,91,99,9,19,22,33,41,42,61,65,72,91,12,1,2,27,29,34,35,42,67,70,76,90,91,11,17,27,32,42,70,75,78,79,84,85,90,11,2,8,27,32,36,42,52,70,84,91,98,10,10,11,22,34,61,63,70,75,91,93,13,17,23,28,29,42,49,52,69,70,79,88,90,91,12,8,17,20,23,24,27,44,45,56,61,75,88,8,2,5,6,24,27,78,91,97,14,2,3,17,20,27,32,42,45,52,56,59,79,90,91,12,2,29,34,35,44,45,52,62,64,91,94,97,11,4,22,27,29,45,50,52,61,62,71,91
7,12,19,23,28,35,40,46,52,68,70,76,78,91,11,3,11,26,28,42,59,61,78,88,90,98,10,5,19,20,27,56,67,70,71,78,91,13,8,17,22,29,35,37,41,42,45,46,63,70,91,9,2,8,19,31,38,45,72,73,91,11,2,14,33,34,49,54,67,70,85,90,94,8,1,22,32,69,72,84,89,91
8,11,17,19,23,28,49,52,68,70,75,89,97,16,3,16,17,19,23,27,39,42,45,54,61,79,91,92,94,98,8,39,42,45,49,61,68,70,91,9,19,22,24,27,42,56,69,70,94,15,7,8,22,28,33,45,49,54,69,70,72,77,79,91,97,12,3,26,27,32,45,56,61,72,86,91,94,95,14,3,5,7,8,22,27,29,31,53,57,75,79,83,94,11,5,17,20,27,28,42,56,61,70,72,78
12,10,20,27,33,46,59,62,78,86,87,90,15,1,2,27,38,45,46,48,52,56,59,61,75,81,91,95,13,12,23,27,33,46,52,56,70,76,79,83,84,91,11,6,11,17,29,35,45,48,54,80,86,91,11,2,4,5,27,34,50,61,72,88,90,98,13,2,4,8,27,33,39,56,62,63,78,90,95,98,11,2,6,16,35,44,52,56,61,70,88,91,12,8,17,27,34,44,50,59,61,65,79,87,98,10,8,27,28,45,50,56,61,63,90,93,8,6,7,27,33,56,65,66,90,15,3,20,22,24,27,34,41,45,49,50,59,61,75,91,93,6,28,54,61,66,89,90
14,17,2,5,19,20,27,31,33,45,46,52,59,62,69,70,75,78,91,10,2,17,33,56,66,70,75,80,90,97,17,4,5,7,17,21,25,28,33,39,44,52,61,70,86,90,91,94,13,4,22,28,29,33,42,43,44,70,75,90,94,97,12,8,23,27,29,33,39,44,46,65,66,70,92,13,4,8,17,34,39,42,44,82,86,90,91,92,98,14,3,32,33,36,45,52,59,69,70,78,79,84,95,97,10,8,34,45,56,57,61,62,69,91,95,10,3,44,52,55,67,78,84,91,98,99,8,2,6,17,20,32,44,57,79,7,2,33,42,45,61,66,80,10,17,20,25,27,35,44,45,59,72,79,13,3,11,16,17,22,34,45,52,61,81,90,91,98,14,1,4,27,32,33,39,44,45,46,49,56,61,70,91
6,12,2,3,17,22,41,46,52,56,77,87,90,91,15,2,4,8,17,24,42,45,52,54,69,83,90,91,94,98,13,2,8,17,18,20,25,29,32,45,52,70,91,95,15,1,8,17,20,23,27,29,35,56,57,66,70,90,91,95,8,5,22,27,54,68,72,89,99,8,2,16,22,27,45,59,62,70
10,11,0,23,27,29,32,45,61,62,76,78,84,8,4,17,33,34,42,65,70,94,6,23,27,49,62,78,79,8,34,46,54,61,69,79,90,91,8,10,17,22,27,32,45,54,91,8,20,22,27,41,68,90,91,98,8,2,28,56,64,69,81,89,91,6,2,5,8,29,54,72,8,28,32,34,52,83,92,94,98,7,2,29,45,66,70,76,91
12,13,3,5,6,23,36,49,55,56,61,75,83,90,99,13,0,5,27,29,42,45,50,52,54,61,78,91,94,13,8,20,22,27,34,37,39,45,46,52,66,69,91,14,2,5,8,13,14,15,24,28,32,45,61,70,87,91,14,2,6,7,20,30,41,42,46,52,67,70,78,91,93,13,1,2,5,14,22,23,41,44,52,70,79,91,99,12,5,8,10,17,27,28,34,52,54,61,72,94,14,5,6,10,27,33,34,35,42,45,52,54,70,79,91,12,6,12,23,27,54,66,70,78,87,91,94,98,9,0,2,3,5,24,45,69,91,98,19,5,8,13,23,29,35,37,42,45,52,54,61,70,72,76,81,83,91,95,14,3,8,20,23,35,42,44,52,54,59,61,66,72,90
9,13,0,8,27,29,39,45,52,65,69,84,87,89,91,21,5,11,13,19,22,27,28,33,37,38,42,44,45,57,68,71,75,78,89,91,98,18,1,2,5,19,24,29,46,47,56,61,66,67,70,73,78,84,87,98,17,1,2,5,8,17,22,28,30,34,46,66,75,78,79,84,89,90,14,1,3,10,18,19,30,33,34,70,80,82,89,91,98,15,5,27,42,45,46,52,59,61,70,71,81,82,84,91,94,16,2,3,5,8,17,20,24,25,30,41,70,76,89,91,97,98,16,4,8,24,28,32,37,44,45,46,49,70,72,79,83,84,91,11,2,6,10,14,27,39,52,61,70,79,91
9,6,0,23,70,81,91,93,9,5,17,29,34,49,76,91,93,94,9,8,17,29,44,46,61,70,72,90,6,7,24,27,35,42,61,3,2,23,59,5,7,20,22,34,44,7,17,56,61,67,70,78,90,6,1,2,5,42,45,91,3,70,91,98
6,8,3,5,39,41,70,72,84,91,13,2,3,22,23,27,29,32,39,46,67,69,70,83,11,10,23,27,28,32,61,78,79,84,93,98,7,5,20,32,42,53,82,91,8,27,34,42,50,61,79,90,91,12,5,7,13,24,44,45,49,57,61,79,83,91
11,9,6,17,45,52,70,72,80,93,98,7,23,34,54,70,82,86,91,5,5,35,45,61,99,11,3,8,17,24,29,67,70,78,79,84,91,8,2,17,22,37,42,43,61,91,8,2,3,8,23,62,64,77,79,8,8,27,29,42,49,76,84,91,9,20,22,28,45,50,54,83,90,91,9,0,20,29,33,45,46,48,50,97,9,1,2,6,15,28,29,43,59,87,7,0,11,20,27,52,70,91
