10,12,93,242,260,335,457,592,713,733,760,799,893,941,12,14,27,71,128,183,188,219,455,528,615,755,885,15,44,135,176,228,269,473,555,585,616,619,723,774,775,878,966,10,61,209,244,646,676,779,783,895,930,959,12,127,150,155,341,395,460,466,551,564,578,853,964,8,70,261,265,294,316,354,514,788,12,61,71,90,196,311,387,432,633,649,694,761,765,8,143,150,251,513,530,548,624,709,11,70,107,242,306,483,492,625,678,764,920,986,14,57,69,132,188,233,375,456,686,710,711,780,845,912,930
10,8,192,193,538,539,548,591,769,847,5,131,646,695,753,754,7,194,209,309,447,550,865,921,6,212,335,440,600,645,674,5,29,46,200,432,448,10,8,34,71,118,487,555,592,715,760,764,7,8,128,189,265,369,532,817,5,153,370,399,430,988,7,145,177,290,311,362,663,765,10,61,257,294,385,521,585,611,638,814,872
6,14,13,31,70,131,143,290,311,441,447,483,510,558,656,799,15,214,294,302,354,408,538,550,626,646,852,865,902,923,936,966,13,32,136,193,252,304,542,600,737,769,775,792,845,968,12,46,91,207,233,279,309,456,558,562,655,663,779,13,27,62,118,341,447,500,522,555,753,764,781,830,883,13,17,189,192,285,375,399,576,585,863,865,887,913,916
4,7,139,149,226,386,610,859,962,8,46,189,194,375,473,656,751,770,8,176,222,365,604,647,716,808,873,9,71,90,206,316,402,548,591,658,930
4,6,62,116,210,493,933,941,6,321,551,624,852,893,937,4,5,455,732,781,4,61,176,237,711
10,13,315,327,345,414,515,534,567,608,681,797,902,911,959,15,68,235,237,513,623,643,715,764,873,884,921,940,964,966,996,11,271,309,395,451,490,532,572,692,811,878,923,14,104,131,375,385,402,522,539,548,646,788,830,897,968,988,16,2,61,71,150,233,312,362,388,463,524,538,570,797,817,893,898,14,17,230,257,385,388,469,624,633,649,656,711,764,779,916,13,128,135,266,364,448,547,568,576,585,591,781,895,952,15,5,35,70,71,108,132,140,185,298,436,538,572,809,866,964,9,1,70,153,261,285,297,436,731,827,15,88,220,265,327,328,345,348,375,468,549,663,666,849,885,916
8,12,3,105,181,188,281,490,540,562,602,681,767,814,14,285,295,298,432,516,545,548,562,643,765,859,902,908,912,13,27,95,265,284,419,500,663,678,740,743,754,816,829,13,19,25,61,63,180,295,390,397,538,647,716,762,816,13,79,121,142,148,158,260,309,375,538,548,572,649,751,13,34,56,140,165,241,312,367,488,652,684,781,820,988,13,34,105,297,312,343,414,470,524,580,710,861,864,924,14,35,62,153,210,239,285,374,385,512,617,619,739,811,871
7,16,13,29,49,188,242,302,329,374,378,427,500,591,608,616,634,685,15,4,6,17,41,113,183,698,800,804,814,830,833,864,903,937,13,81,130,261,299,374,385,461,487,612,646,695,786,872,12,19,174,303,306,326,341,408,414,538,634,731,840,12,1,116,196,273,285,382,395,441,446,617,781,892,8,70,336,375,500,505,548,748,764,17,27,102,228,271,295,310,340,463,468,470,482,512,547,748,757,825,940
11,10,5,180,226,251,363,381,457,492,797,941,11,87,94,138,277,459,529,663,708,730,827,966,6,163,195,284,483,913,991,9,27,66,89,91,214,472,512,769,941,8,69,176,295,492,522,816,937,983,9,125,140,237,283,514,544,732,937,938,10,32,83,140,180,214,430,687,723,852,968,10,1,299,457,498,548,593,663,775,799,816,11,188,362,395,528,551,568,576,784,786,842,878,10,223,271,284,348,435,506,611,746,769,779,13,17,63,102,265,290,311,363,470,509,510,640,673,899
8,9,2,150,289,555,708,767,843,878,974,4,140,432,561,758,11,90,201,226,268,320,385,625,647,814,905,967,9,87,512,520,554,769,795,864,866,986,9,42,131,138,179,622,626,640,774,801,7,303,347,575,723,727,761,974,7,70,125,145,242,284,583,606,4,72,138,447,888
4,7,54,148,151,288,843,849,921,7,45,69,130,268,548,616,996,6,87,540,554,753,855,918,6,125,135,163,436,619,801
10,10,79,176,440,546,666,688,694,753,760,865,12,150,185,281,327,510,539,540,602,608,753,764,820,11,127,163,283,295,304,674,733,743,749,883,902,16,2,21,105,149,284,371,414,440,468,539,554,656,674,715,716,873,13,2,33,49,94,277,281,309,435,436,538,622,748,767,11,91,105,207,228,285,341,522,753,792,931,942,12,45,167,210,381,390,429,476,522,585,662,694,935,11,23,45,243,397,547,622,647,726,732,746,864,13,0,8,70,135,143,187,303,312,354,365,407,716,936,14,29,45,216,284,375,395,467,593,597,647,735,916,945,950
5,3,134,281,860,3,8,45,294,3,61,131,226,1,550,2,235,711
9,18,131,183,227,288,302,305,328,341,497,634,663,666,669,760,826,829,927,959,15,59,135,154,195,201,246,299,327,367,522,549,685,698,740,955,19,5,67,70,113,138,389,397,440,460,492,538,539,568,601,634,748,753,903,924,18,23,161,188,374,377,447,472,479,600,681,731,751,800,827,880,930,937,959,13,5,17,143,251,316,385,408,433,492,604,698,840,910,17,27,138,174,235,312,326,344,354,424,473,510,513,611,716,760,864,884,17,8,29,138,183,193,214,237,265,294,340,398,766,863,864,879,956,996,18,3,29,42,91,271,425,538,548,594,602,612,638,775,788,855,864,872,951,19,125,154,155,261,304,316,482,529,564,673,740,758,769,776,805,849,915,941,968
8,15,28,35,45,83,125,145,195,237,414,422,557,663,770,935,947,12,22,190,246,378,649,711,737,775,911,913,946,966,13,70,91,274,304,359,611,660,663,698,721,779,908,946,4,187,196,284,285,13,136,194,210,341,359,441,472,483,587,731,748,806,986,13,2,6,8,188,235,299,311,435,646,666,672,678,884,11,220,304,309,548,663,666,816,821,886,920,927,13,27,57,61,187,280,297,312,594,633,781,810,872,916
11,7,22,139,552,617,705,753,859,11,88,237,244,309,516,731,857,890,921,940,950,13,54,95,138,140,277,295,435,456,890,902,904,928,988,12,55,61,192,389,435,440,582,667,674,829,873,959,13,91,180,221,289,302,376,522,634,703,711,818,932,937,6,306,341,764,885,886,935,10,27,219,302,321,432,510,626,649,684,982,10,207,242,304,373,390,583,830,859,955,982,13,134,188,189,222,304,362,441,448,611,711,716,764,790,12,2,133,150,190,348,365,468,470,569,647,678,716,13,134,150,237,265,276,381,433,525,550,586,640,816,950
8,14,8,53,116,326,428,458,544,611,612,663,751,760,927,933,10,176,269,345,367,608,624,816,838,893,925,8,42,183,283,376,632,649,754,830,7,23,75,155,448,732,746,904,14,0,108,163,176,177,196,237,242,359,405,432,513,627,663,8,70,185,193,237,336,646,878,986,9,17,399,548,597,612,737,769,828,928,12,19,210,228,261,436,483,509,513,663,732,916,937
11,12,21,61,284,299,347,441,532,606,708,740,786,951,12,226,285,295,392,516,522,552,643,644,663,685,710,15,62,64,98,165,183,267,309,599,641,674,733,769,834,910,920,17,91,123,131,414,461,516,538,561,622,696,708,743,748,751,758,816,866,12,61,116,490,569,622,736,775,798,802,827,872,966,3,331,469,711,16,45,52,79,190,235,381,457,538,557,564,674,687,818,848,913,942,12,133,163,190,193,234,310,361,440,522,643,715,731,11,27,91,126,278,288,312,514,528,731,870,942,8,39,167,210,466,509,711,883,884,11,6,23,29,45,163,497,517,569,662,681,991
4,4,158,302,455,827,6,62,276,289,549,842,920,7,67,116,288,304,424,432,942,6,17,45,188,299,720,991
14,11,17,269,359,448,513,528,592,620,641,941,986,10,27,89,108,177,214,328,514,797,903,921,9,1,27,118,211,303,515,799,884,989,11,26,39,63,147,179,189,216,288,311,401,986,12,365,383,402,442,555,578,623,714,748,827,893,982,10,272,315,413,492,602,626,710,753,784,938,14,43,149,188,226,376,394,466,498,522,664,672,810,814,991,13,13,276,432,491,506,513,696,711,788,827,921,934,941,10,345,466,476,550,608,672,797,830,877,893,11,67,137,154,285,318,440,528,561,562,703,949,11,193,265,304,372,460,522,640,737,784,962,983,7,27,167,470,556,748,758,883,11,69,91,149,194,451,551,677,710,730,861,883,11,265,288,398,448,513,607,611,786,827,828,836
7,8,67,192,193,225,317,606,797,866,17,45,113,118,140,183,242,243,257,363,367,492,647,723,890,915,937,968,13,23,219,292,510,608,639,646,674,765,767,872,884,913,11,24,158,167,265,341,414,696,827,863,924,998,10,150,265,285,397,424,540,601,839,873,878,6,90,580,710,866,893,983,13,70,91,167,180,226,242,257,285,448,585,617,804,845
8,7,27,154,214,257,273,284,852,8,8,44,176,189,227,614,647,864,14,26,170,193,285,374,395,397,554,624,634,763,764,784,896,11,17,327,343,375,397,447,456,513,571,666,883,16,129,180,295,312,368,447,497,500,652,669,681,774,818,890,903,963,11,107,190,194,242,447,580,583,779,844,866,908,14,45,138,148,303,304,356,397,433,512,517,818,829,866,959,9,62,243,265,422,753,884,896,920,966
12,16,27,45,139,149,183,188,196,216,436,611,698,775,859,872,885,924,6,226,246,277,295,548,738,13,189,237,284,307,367,381,394,401,433,457,767,786,935,11,395,472,512,568,587,625,732,784,855,878,892,11,201,472,491,569,585,587,611,731,775,839,959,16,94,161,180,271,277,440,459,548,663,687,743,753,827,877,899,946,6,44,210,647,663,753,913,9,24,91,128,176,180,625,731,757,760,13,134,344,376,402,528,582,694,733,775,827,864,884,930,11,31,71,91,129,285,303,381,390,551,663,930,8,125,295,312,479,737,816,852,913,8,8,164,304,364,365,771,781,784
14,15,46,181,188,310,378,472,481,498,513,537,681,827,833,885,955,12,90,222,273,277,318,347,399,465,490,568,893,978,13,52,147,183,216,257,284,401,473,611,626,885,902,989,11,32,42,320,492,723,767,769,770,884,899,966,14,67,140,316,367,433,437,457,505,538,539,716,760,794,811,8,118,140,242,261,485,519,538,546,9,35,381,478,517,528,537,808,827,898,14,61,62,170,227,257,272,339,506,548,710,775,924,941,950,13,181,246,397,498,522,542,627,681,751,877,884,915,960,12,62,154,192,261,394,540,548,560,576,686,777,959,11,189,195,227,242,284,465,667,753,783,865,946,7,145,154,265,303,385,540,705,13,8,17,193,275,284,295,366,606,611,629,731,804,920,14,23,56,125,303,304,336,466,561,723,775,788,828,968,986
6,13,67,260,318,480,539,669,723,761,771,799,877,904,966,13,62,228,288,318,388,392,432,476,516,528,554,643,960,12,44,224,228,273,395,537,539,585,674,864,866,960,12,147,216,243,401,407,455,551,622,639,789,959,969,12,5,90,127,257,306,310,428,554,690,727,863,904,14,24,45,194,251,363,394,460,517,617,770,839,863,864,866
10,5,78,261,386,515,764,7,154,188,284,425,568,712,792,7,62,131,196,281,644,864,920,13,363,385,397,436,510,539,723,732,763,827,890,964,966,12,27,45,181,486,549,551,775,801,818,825,921,986,10,20,176,231,309,375,402,462,604,643,908,10,88,150,320,324,422,575,581,611,633,669,9,190,294,316,476,779,830,913,960,962,9,260,356,388,423,486,517,548,736,864,3,257,779,964
12,13,46,79,104,323,327,414,464,467,485,509,520,673,899,12,61,220,222,233,473,644,703,710,769,864,873,950,10,44,87,118,549,585,620,808,836,935,996,13,39,61,116,118,148,303,387,538,540,549,615,687,870,12,42,149,173,190,226,426,542,877,905,915,960,994,13,176,272,285,288,357,466,546,649,688,711,735,959,986,14,41,70,107,113,176,193,195,220,242,328,592,878,884,960,13,17,22,33,107,255,295,366,385,447,525,615,643,763,11,45,272,290,411,476,641,649,754,767,964,986,9,147,440,512,568,573,797,827,857,935,12,45,163,207,226,420,429,550,562,606,795,818,921,19,98,108,124,140,165,177,192,225,226,395,472,486,522,663,688,721,922,959,986
9,21,29,61,67,143,193,226,272,278,281,311,334,341,348,414,512,602,639,649,669,920,959,18,3,61,127,163,199,255,259,261,274,401,516,521,624,663,754,893,950,996,16,17,22,63,79,135,150,198,221,242,288,391,448,723,775,924,947,20,219,299,303,492,509,510,537,594,626,673,687,766,767,775,825,862,899,913,941,946,10,24,82,269,284,312,473,548,754,797,884,17,67,187,188,201,227,229,269,399,441,538,633,721,733,788,887,947,982,19,32,220,297,304,343,349,457,466,477,531,540,616,673,767,849,866,920,935,986,12,70,127,289,366,428,568,619,754,861,878,893,937,13,2,41,289,297,304,365,512,537,754,803,816,910,922
9,6,289,490,534,591,808,908,8,299,385,395,428,613,645,893,927,9,2,104,125,145,276,463,506,510,761,7,20,70,267,328,674,735,777,7,27,91,538,708,772,830,913,3,497,548,767,5,189,193,276,373,388,9,70,135,216,361,364,392,548,667,968,10,45,140,242,261,398,572,678,703,877,959
6,5,185,398,515,539,803,1,228,2,421,592,1,727,5,29,66,90,455,887,6,17,204,261,476,522,978
11,12,91,311,375,381,431,538,539,549,803,814,847,986,9,26,89,221,414,422,521,538,771,816,8,209,376,513,698,791,847,901,902,9,8,82,146,272,276,284,592,811,829,5,294,478,539,656,764,8,140,424,565,721,799,825,849,873,10,66,142,269,472,483,602,731,779,784,943,7,66,110,302,304,538,775,884,6,63,90,422,447,760,816,10,107,127,128,154,192,222,646,753,866,900,6,33,227,538,604,781,903
9,14,44,117,289,344,376,414,740,764,767,827,835,864,884,920,19,17,35,45,102,119,151,178,212,226,255,269,309,388,466,522,672,695,811,911,21,68,83,105,228,276,294,344,401,455,468,478,639,643,647,716,801,820,864,920,924,988,15,50,125,153,154,252,363,580,585,647,658,663,742,761,845,893,21,2,5,22,70,176,189,228,277,291,302,402,441,606,608,619,690,717,737,776,873,882,17,26,28,79,181,289,393,447,455,470,686,709,748,806,835,864,882,921,17,56,71,261,277,343,422,460,512,641,680,687,712,758,844,921,987,989,18,45,62,136,138,179,207,210,228,233,242,259,549,689,820,913,920,964,973,16,8,42,70,78,118,132,192,309,388,407,466,515,710,751,903,913
9,7,143,222,261,394,732,775,969,6,261,388,548,738,795,797,11,0,45,83,188,299,366,548,600,669,775,779,5,83,351,426,804,820,6,302,303,402,588,788,818,7,192,264,408,585,781,842,920,3,32,135,336,9,91,94,186,188,222,286,397,547,873,8,17,235,387,414,558,784,860,865
15,9,28,61,176,387,573,663,753,792,996,8,19,90,113,284,455,473,510,827,10,113,221,255,369,424,516,525,680,811,913,8,236,278,328,500,694,775,937,986,10,150,359,414,455,573,656,737,811,924,937,8,70,226,397,414,497,753,801,902,6,281,301,309,820,942,959,10,42,70,187,226,302,461,466,601,717,904,8,146,189,457,497,777,829,872,885,8,8,195,288,522,528,803,878,896,6,50,212,377,801,863,870,7,19,90,127,488,616,804,867,8,268,277,295,416,513,568,769,925,10,7,45,284,347,460,476,512,587,721,811,7,22,45,192,237,371,633,758
10,10,63,210,244,281,304,318,385,513,770,816,13,71,140,180,190,242,424,458,550,723,777,884,893,959,13,27,43,128,131,276,394,433,479,556,766,814,818,959,15,29,39,104,189,214,266,309,344,376,516,864,902,916,935,945,11,27,29,32,34,147,266,273,447,687,744,861,11,8,78,88,154,285,288,299,539,548,751,913,11,41,239,294,365,381,401,436,459,617,678,964,7,17,28,194,364,461,550,687,11,212,389,414,542,587,646,678,821,884,899,989,13,70,82,127,272,297,395,422,472,602,748,805,896,902
13,14,150,312,376,397,432,455,515,610,647,669,731,955,966,969,15,2,61,71,149,158,165,242,467,495,513,549,674,698,715,880,18,68,150,284,359,446,455,513,516,547,591,608,679,688,751,814,892,950,960,21,22,54,56,189,414,424,440,463,472,491,492,510,512,674,731,775,849,862,893,913,941,16,209,220,242,375,395,397,433,469,472,506,546,779,795,849,864,970,20,24,69,154,291,419,436,472,482,492,506,539,582,625,672,775,885,890,923,937,964,9,140,408,600,643,647,873,884,930,968,17,45,233,241,242,253,261,299,364,530,604,616,695,753,769,810,855,889,12,8,46,61,269,466,522,646,753,769,777,866,901,13,125,127,147,216,226,401,429,460,521,655,731,744,779,18,116,135,143,226,388,396,411,421,440,448,548,619,649,727,781,893,911,991,15,117,126,163,222,316,327,463,512,591,647,751,781,811,925,927,17,27,28,45,88,97,143,268,387,444,513,516,522,554,688,759,889,953
5,6,117,140,435,712,736,737,3,79,165,962,2,829,922,6,176,185,498,629,737,880,5,185,214,548,592,593
11,9,138,438,490,510,538,539,581,686,847,4,250,568,811,901,8,158,183,226,304,473,539,639,920,9,78,193,376,430,634,716,731,830,964,8,8,455,516,550,760,779,781,811,9,128,271,304,465,538,572,821,925,938,4,163,227,393,709,9,22,147,193,200,214,604,760,942,950,9,22,128,148,260,375,631,672,827,864,8,1,5,17,108,435,571,856,862,9,210,330,363,365,465,604,687,811,959
16,12,39,70,81,131,132,389,472,711,731,753,811,816,9,127,278,373,480,562,617,764,788,803,8,125,364,529,539,677,730,765,915,8,318,443,462,496,619,748,788,937,6,424,489,490,550,652,672,6,0,24,276,611,770,884,7,0,4,23,42,59,127,401,7,226,432,448,456,766,870,928,5,61,236,633,760,767,8,221,269,646,779,902,904,941,960,12,5,70,131,163,207,395,473,522,606,616,913,921,9,72,318,343,347,395,414,497,820,866,10,88,117,183,185,460,549,550,763,788,937,7,70,132,301,388,761,959,996,5,244,625,681,761,779,7,3,183,255,571,643,856,882
11,8,7,131,151,176,209,281,466,941,6,71,145,194,209,455,539,7,163,473,549,612,663,733,822,6,61,104,320,559,620,921,6,117,441,516,762,950,996,3,440,604,873,6,7,42,66,183,538,634,6,29,49,148,260,758,904,6,45,165,381,467,717,748,6,143,193,335,414,814,950,9,70,97,276,306,381,522,688,896,986
11,4,219,311,431,510,7,281,376,513,602,616,626,810,6,136,188,221,302,329,959,7,146,226,498,805,829,830,935,6,34,167,663,757,786,825,7,216,228,389,612,714,760,779,7,66,78,196,753,784,884,962,6,90,548,703,805,866,988,3,70,336,646,6,70,104,496,580,779,827,6,285,509,516,538,760,986
10,10,20,83,154,188,205,375,575,634,658,856,8,56,201,265,318,440,666,710,942,14,91,128,131,139,192,261,418,422,515,619,825,903,979,989,13,27,138,163,227,243,285,329,374,397,529,761,904,941,10,56,66,87,116,140,154,201,221,440,472,15,105,192,255,273,341,422,509,510,515,554,556,581,626,721,989,11,3,269,273,281,375,455,602,672,711,790,968,7,2,185,253,414,610,866,986,9,78,154,235,482,535,619,674,711,861,13,123,147,216,271,283,348,425,626,631,663,884,922,938
7,22,49,105,236,309,320,368,478,529,531,548,562,592,594,678,713,779,795,806,880,955,960,966,14,0,127,277,295,344,373,397,414,472,674,733,781,797,864,13,66,414,472,557,740,797,818,872,873,930,941,959,988,16,25,27,29,163,295,390,414,460,477,612,822,879,913,920,959,964,10,42,79,168,246,266,431,477,490,538,884,17,29,168,278,290,311,349,367,401,440,510,550,776,811,821,890,932,974,13,45,145,190,239,316,363,518,522,550,678,702,779,941
7,7,26,261,285,451,538,824,913,7,39,389,466,506,512,753,935,7,52,163,188,479,681,790,873,8,235,284,349,443,692,810,834,966,7,165,227,235,831,858,895,947,8,45,226,276,375,821,889,916,991,10,46,149,162,479,483,497,554,687,723,786
8,2,211,760,10,45,61,93,540,548,576,617,708,760,779,6,91,264,290,705,941,996,6,267,335,345,705,817,904,7,61,131,142,367,383,401,714,6,309,587,612,625,649,743,6,91,387,432,437,448,996,8,108,177,255,259,272,466,542,902
13,10,22,27,291,313,538,570,771,804,937,941,13,45,54,66,150,155,209,313,371,625,643,732,901,905,14,155,158,187,211,281,309,328,360,433,479,497,521,808,955,9,45,61,71,183,253,592,795,892,942,13,8,29,104,131,237,334,364,365,456,514,528,549,804,10,54,67,107,155,236,242,381,395,767,853,9,54,70,78,138,150,212,269,765,902,8,163,179,226,298,540,569,656,912,9,17,211,212,284,328,547,624,845,931,7,61,113,235,359,721,765,931,11,0,27,146,189,285,298,549,633,638,744,916,6,79,117,384,401,480,647,7,153,414,652,687,739,813,916
12,18,72,84,127,158,163,344,510,548,586,591,614,615,633,715,738,764,864,979,9,261,347,372,512,639,694,711,826,864,11,188,192,225,350,414,532,678,688,757,790,857,17,24,42,117,341,378,405,436,455,586,663,721,751,887,920,925,927,988,13,35,49,248,261,399,413,440,445,549,804,884,925,986,11,70,154,374,378,393,530,569,709,761,829,864,11,110,192,237,257,309,562,571,711,781,873,964,12,91,116,131,285,369,424,464,616,663,679,695,764,11,349,440,479,507,592,663,801,825,833,876,924,13,3,27,44,63,135,367,393,631,641,709,752,760,784,11,54,190,192,222,226,506,555,779,797,911,931,5,365,487,651,663,705
8,13,5,24,54,173,226,455,727,731,902,927,959,962,964,14,176,188,193,201,229,341,367,375,378,457,530,754,790,801,13,23,98,140,143,271,278,299,372,530,615,755,833,866,12,1,492,510,539,594,616,655,754,774,829,897,966,15,17,113,117,143,155,304,368,388,513,551,612,667,803,830,921,8,33,165,302,467,487,788,835,857,14,50,140,143,237,255,261,284,399,462,537,698,748,866,995,13,70,127,311,538,612,643,649,673,703,718,746,849,860
6,10,27,71,128,360,379,398,414,490,797,998,10,3,43,303,389,473,760,849,905,950,959,13,17,69,136,395,477,492,548,569,600,814,937,960,991,10,168,265,295,306,606,640,685,726,855,986,9,131,151,269,375,473,532,572,585,928,11,7,61,180,188,383,468,500,538,550,646,731
9,3,154,396,943,5,140,145,430,522,538,4,183,495,816,838,4,228,423,541,830,4,72,834,904,941,4,5,294,816,930,3,455,784,864,2,555,684,4,71,125,606,930
10,3,132,375,959,9,105,213,226,374,431,472,582,663,905,6,45,69,284,447,548,902,8,116,431,624,673,816,849,920,933,8,261,424,473,610,614,711,764,974,10,79,118,176,242,269,327,336,397,678,968,11,1,61,126,176,237,524,625,716,760,777,974,5,177,440,690,805,866,6,186,304,746,927,930,986,11,8,176,261,265,269,285,365,399,646,767,809
7,12,20,110,140,158,181,183,188,285,367,681,875,959,6,27,70,154,375,397,941,8,56,309,445,496,751,801,827,960,9,45,140,155,260,285,449,611,647,688,6,173,299,373,455,604,876,11,42,45,135,285,492,611,617,632,733,808,927,8,187,348,506,514,555,779,884,904
17,5,78,355,433,687,913,10,116,131,154,264,347,391,538,539,847,921,8,63,108,177,181,196,198,281,811,8,130,257,269,285,365,432,669,920,8,361,669,674,858,866,884,920,992,6,42,180,336,365,739,979,7,118,176,188,219,236,281,510,1,8,7,235,246,336,633,760,904,920,6,91,226,276,304,441,817,7,71,276,285,395,473,592,593,7,41,136,402,585,760,835,842,6,45,222,260,494,647,930,7,70,128,687,727,731,797,960,7,497,516,542,604,721,834,866,5,78,278,465,911,964,8,145,155,268,365,513,538,569,600
6,13,153,505,509,557,673,678,740,753,767,792,818,883,899,6,42,84,194,220,428,771,7,50,54,497,548,616,626,767,9,226,288,366,397,473,646,663,709,737,12,44,115,181,274,302,616,753,771,804,845,864,959,4,5,272,519,791
4,3,42,105,284,4,302,397,727,763,2,470,818,3,272,432,908
11,5,694,712,870,898,987,10,189,193,295,414,680,702,790,827,964,986,6,8,257,355,622,657,789,8,57,146,292,375,414,513,802,913,8,265,376,402,431,539,633,897,930,7,344,435,472,480,539,866,903,3,42,601,920,9,155,192,242,524,775,873,884,909,927,6,66,180,568,777,783,950,6,90,246,269,292,540,749,6,177,192,643,862,864,991
11,5,306,388,602,635,685,4,45,800,862,937,7,54,61,330,494,585,592,609,3,138,284,737,7,35,290,385,397,763,827,947,6,45,179,557,626,811,818,8,174,290,326,402,804,818,845,862,7,91,140,624,672,744,803,908,8,89,94,193,266,663,705,805,902,7,35,91,359,432,457,633,960,4,78,228,340,753
14,9,189,279,288,336,362,397,594,611,655,12,28,242,251,269,288,369,387,388,684,716,764,912,11,89,154,214,244,306,320,445,496,538,818,854,9,3,35,163,188,460,496,711,744,754,6,104,305,521,544,770,775,10,155,220,281,394,492,647,658,688,927,978,6,26,35,276,399,473,513,8,8,127,257,401,455,624,904,905,7,472,538,646,804,879,882,884,5,155,449,549,652,921,6,61,188,440,801,918,924,7,108,264,385,440,804,809,963,11,181,482,538,549,622,721,748,862,930,968,985,8,5,184,299,432,540,649,721,860
7,13,72,78,82,272,276,395,579,594,646,698,762,890,927,13,147,150,154,189,261,270,284,288,367,388,775,795,825,14,23,165,201,269,365,402,467,472,473,647,770,864,901,930,8,401,466,513,530,614,658,769,864,14,1,155,237,394,401,440,472,512,622,646,711,731,904,940,12,0,8,52,108,136,138,194,211,288,302,451,612,14,126,220,273,279,341,414,455,466,479,483,655,765,851,884
8,15,94,176,183,212,226,228,235,261,302,339,655,680,834,877,883,12,79,163,209,295,378,399,440,549,550,585,749,830,8,45,260,261,311,362,604,763,801,13,1,17,62,117,192,315,349,375,388,401,855,877,982,13,27,148,383,483,594,633,646,764,774,827,864,916,985,16,105,155,193,261,399,447,490,492,537,538,740,789,799,866,877,983,14,27,29,194,278,285,414,455,473,494,737,751,762,937,959,11,5,90,116,273,376,465,522,617,748,924,937
10,12,2,143,158,312,368,492,530,652,686,788,818,941,12,56,198,210,220,362,374,376,434,547,583,786,902,11,70,138,179,212,309,440,538,539,646,674,847,11,8,304,309,397,638,656,746,798,811,864,964,8,46,171,304,354,385,538,754,936,10,45,110,153,259,312,401,447,760,842,942,7,192,193,261,299,413,554,908,7,283,304,655,687,902,930,937,9,128,289,306,397,414,690,770,811,986,11,70,260,548,554,604,633,646,689,790,864,957
13,5,131,193,426,795,827,6,33,276,303,712,866,987,8,34,50,71,592,634,667,770,919,8,145,274,320,591,647,804,909,966,4,376,402,460,884,5,117,143,252,646,703,5,45,242,279,632,655,6,127,198,394,646,775,988,5,194,277,285,539,930,3,188,723,870,4,8,547,639,791,4,269,721,878,901,5,41,176,226,835,863
4,2,592,663,1,919,2,34,390,4,647,760,864,941
6,10,45,69,116,231,251,663,698,857,916,933,11,168,176,284,313,538,678,680,684,794,893,902,9,150,414,472,588,613,731,732,811,959,5,61,176,233,237,884,6,4,237,395,530,816,986,2,260,904
6,14,271,331,395,485,548,561,617,673,690,715,764,771,849,943,15,70,88,149,330,436,456,494,532,542,616,788,834,928,950,989,12,33,98,222,468,524,550,556,709,711,718,988,989,15,5,140,221,257,294,385,424,594,616,687,769,816,913,934,964,12,1,22,45,62,207,228,455,560,663,731,821,950,17,70,125,163,193,226,265,385,429,455,468,472,550,633,718,786,805,989
12,10,55,119,192,196,401,487,802,808,890,956,8,165,211,216,255,551,663,864,884,4,3,91,226,611,14,1,20,71,75,155,500,512,516,592,604,639,643,873,901,9,302,376,522,611,619,633,692,765,790,9,90,102,312,330,347,476,617,711,830,13,125,145,187,378,408,498,538,591,646,757,880,888,955,6,69,579,623,820,833,986,5,19,187,433,895,913,9,153,302,343,711,739,746,772,827,930,7,0,196,375,464,476,830,916,14,105,210,276,286,427,479,483,487,497,667,727,764,870,921
18,10,5,17,33,131,183,391,813,816,836,902,9,3,131,163,269,462,496,744,937,950,9,97,196,391,522,569,688,753,964,991,5,327,470,616,804,924,9,70,149,235,284,292,306,479,764,873,12,8,13,113,255,261,354,423,611,709,814,817,858,10,177,188,422,435,460,476,534,712,748,935,10,39,69,113,150,185,195,274,381,492,937,5,255,271,276,302,643,8,94,226,228,328,639,732,771,827,10,148,163,228,260,288,339,548,592,767,884,16,115,125,274,473,633,649,663,687,752,770,797,884,921,937,950,959,10,27,223,228,318,343,440,509,837,866,872,11,17,70,363,463,513,530,611,753,757,862,986,10,27,210,242,602,646,681,683,877,896,959,13,98,207,225,234,460,486,619,638,639,687,751,896,964,10,8,255,304,327,432,555,643,738,811,960,8,66,68,399,440,564,611,817,849
7,7,348,451,834,849,872,890,964,9,341,414,466,516,866,899,921,925,996,8,64,158,235,492,681,711,830,924,11,210,289,349,397,462,534,708,786,788,923,934,11,226,227,331,455,489,549,561,643,715,727,982,9,45,326,447,568,673,849,870,968,991,11,23,49,139,261,328,347,687,711,789,866,883
7,4,46,373,698,986,9,138,143,181,299,395,483,612,681,809,8,71,154,284,408,414,525,583,842,8,438,455,472,573,663,731,829,920,10,32,80,189,303,361,367,586,727,946,998,10,71,91,287,318,388,397,703,806,884,952,5,17,267,816,865,941
12,13,2,61,222,233,261,395,669,708,753,783,920,941,956,11,20,33,195,242,414,520,555,689,748,762,902,11,188,222,284,306,407,467,581,681,911,926,969,10,61,250,291,373,385,402,512,577,630,940,7,209,455,644,775,776,814,950,11,199,228,376,414,431,432,438,491,517,709,932,14,45,59,83,104,211,227,447,528,641,753,820,864,924,952,11,9,22,125,127,212,236,243,299,470,814,986,10,91,375,516,634,696,705,731,758,830,994,12,185,193,285,385,512,647,674,676,827,884,956,968,12,46,91,126,242,467,492,647,795,821,842,847,851,7,61,261,299,335,602,811,883
11,14,45,61,70,285,295,299,378,464,486,551,690,695,829,902,10,154,189,299,313,435,634,663,695,811,816,15,33,35,67,284,341,427,496,516,522,633,705,765,903,947,986,12,28,188,257,273,377,387,522,622,733,761,814,991,14,2,24,90,177,269,311,362,390,465,473,663,711,799,816,13,7,224,435,538,614,616,709,711,767,862,883,920,950,11,3,52,193,211,284,395,517,626,805,842,893,13,34,67,226,242,269,335,397,432,730,748,820,840,862,11,3,61,145,155,512,617,633,764,784,801,949,16,7,131,214,242,281,416,455,531,554,588,608,690,736,783,815,950,11,8,127,235,269,278,372,493,542,746,783,797
8,7,46,198,455,647,827,865,955,10,29,46,61,211,242,382,506,834,941,955,10,54,128,506,510,611,721,830,862,935,941,10,163,212,235,284,303,611,625,775,818,925,11,3,164,228,242,425,460,466,513,667,784,864,9,62,91,255,411,609,667,753,963,985,10,17,180,198,524,639,760,827,852,925,966,10,46,78,212,448,494,644,759,763,804,968
7,10,49,82,108,396,529,656,765,863,864,987,11,66,131,290,472,500,548,622,647,663,703,865,11,49,154,187,228,470,503,663,775,910,964,988,12,13,289,290,311,351,426,468,510,564,615,755,853,11,90,158,163,310,359,464,530,537,647,723,821,11,194,225,242,255,288,414,457,751,771,873,912,8,125,143,188,554,588,649,830,880
8,7,188,515,520,537,652,843,902,6,71,127,495,551,569,902,8,3,163,210,376,385,446,612,919,9,104,158,267,291,353,421,491,769,921,9,161,242,266,309,437,662,753,797,996,7,62,268,496,723,804,901,942,9,82,87,113,201,316,327,568,696,760,8,265,299,593,687,801,838,968,986
9,10,237,347,497,562,568,731,788,864,921,940,10,94,242,378,432,476,753,770,872,900,941,12,5,108,177,206,407,512,600,666,716,902,964,969,14,24,272,363,401,447,497,510,539,662,686,770,849,916,952,12,148,228,267,354,359,394,422,423,436,472,753,830,11,29,135,193,295,478,479,687,732,743,748,937,12,22,116,260,284,313,373,508,593,638,652,680,959,13,183,226,261,371,373,385,447,473,764,891,915,941,986,12,1,154,348,413,443,468,647,655,717,803,905,930
11,5,242,328,557,681,818,6,261,495,551,612,822,924,6,110,341,394,396,413,562,7,91,98,294,663,666,730,771,5,66,318,341,781,852,6,61,226,414,492,554,930,7,35,140,382,633,646,723,788,2,490,876,3,288,802,941,5,78,135,257,673,849,9,309,349,431,506,538,611,731,740,779
9,15,35,76,116,194,211,261,265,312,354,516,921,933,936,947,986,20,30,97,255,278,388,390,436,495,550,551,568,622,624,663,746,779,783,816,885,893,17,56,91,186,228,269,306,378,381,498,549,562,663,687,688,744,814,952,13,45,52,209,309,364,435,515,540,633,732,753,764,820,15,8,13,56,125,229,257,299,384,470,585,666,760,767,982,986,17,27,155,176,237,304,316,383,440,549,562,633,714,730,760,864,910,913,17,14,17,134,210,226,440,451,466,666,765,775,830,883,884,910,973,992,20,55,75,90,187,192,221,284,299,309,399,432,465,473,503,512,571,573,690,779,901,19,27,34,42,116,187,226,228,343,476,510,528,538,561,752,830,870,877,930,973
15,19,13,26,32,102,105,255,374,539,540,561,591,616,687,764,797,805,863,893,996,15,28,91,143,253,414,455,530,558,559,646,703,740,748,864,946,15,8,69,84,228,316,414,432,492,498,503,509,634,771,852,937,9,139,150,188,269,594,681,859,899,946,11,50,303,321,513,569,647,818,830,974,986,988,10,17,181,295,440,513,514,746,886,918,964,10,226,304,341,430,436,575,617,685,746,924,8,188,294,376,466,479,625,775,928,13,281,302,303,361,402,522,540,646,655,674,748,853,924,13,2,116,389,517,556,633,731,754,760,764,769,920,986,10,2,8,241,284,303,516,821,830,921,988,12,192,225,311,362,401,506,737,784,802,913,955,996,12,29,113,310,467,522,525,548,569,593,612,842,864,10,35,117,123,188,473,497,631,864,947,991,12,44,136,216,309,436,591,610,827,859,864,876,911
12,5,86,269,448,688,861,10,143,237,242,530,585,587,625,652,667,753,6,69,222,285,614,827,959,3,187,223,678,8,168,180,322,458,585,612,678,695,5,228,469,539,540,817,7,42,161,168,255,302,309,551,3,723,863,931,6,235,292,529,803,873,913,8,419,513,593,723,760,767,902,930,7,82,155,506,631,771,779,955,4,5,276,419,764
4,5,209,457,473,795,882,4,42,67,767,839,5,155,392,799,879,950,3,341,513,721
10,7,512,538,673,696,767,821,933,6,98,392,643,663,709,727,10,35,39,69,492,616,774,798,910,937,947,3,45,220,261,3,70,397,551,7,54,176,309,600,810,883,937,6,70,167,261,331,518,617,4,381,457,652,849,8,145,311,414,466,525,556,649,875,6,70,163,310,457,712,930
6,6,63,235,312,639,873,921,6,46,302,309,547,764,955,9,188,190,416,440,568,611,674,760,847,6,189,460,667,748,775,864,8,46,432,436,550,740,804,905,964,8,27,68,291,294,383,403,655,774
11,9,214,411,478,639,649,749,820,915,930,10,35,42,367,473,512,756,767,835,902,904,8,29,148,210,341,378,726,784,806,11,72,267,382,383,385,425,569,660,820,839,950,7,65,299,407,528,564,810,928,8,177,284,331,434,510,711,827,849,12,88,127,165,256,414,591,695,727,788,921,930,950,9,93,258,270,522,575,611,633,647,770,10,57,70,89,195,214,440,488,614,983,995,15,27,168,335,376,383,402,414,421,447,492,549,663,733,884,959,7,42,150,388,594,761,804,924
15,14,43,50,158,183,219,236,309,368,510,620,678,783,955,986,11,39,237,389,466,490,594,715,753,764,792,924,9,23,42,87,398,498,532,539,753,920,13,56,94,151,228,498,538,658,764,803,805,912,950,964,10,257,353,374,394,395,554,602,752,771,827,7,14,227,388,413,424,801,924,12,17,130,149,183,278,368,495,562,569,599,810,896,11,167,188,251,265,497,570,587,610,633,687,915,6,27,457,522,524,827,988,11,70,157,265,275,512,652,687,799,803,827,920,7,158,210,388,663,902,904,950,17,8,38,72,126,135,288,389,425,503,509,610,619,752,811,820,883,941,7,2,140,277,367,506,712,865,14,88,91,135,143,193,364,588,625,666,687,767,788,872,937,12,57,66,150,303,335,385,512,548,752,795,910,959
11,9,45,52,236,302,368,678,788,849,872,7,63,67,125,193,295,723,902,4,26,460,723,731,8,67,113,214,550,602,643,663,834,8,104,235,266,311,712,784,930,987,7,17,131,151,163,257,414,466,4,149,183,312,347,9,61,183,239,416,551,644,687,828,937,7,34,349,364,447,646,687,893,6,8,117,295,363,538,680,10,45,176,401,472,548,780,882,884,896,941
14,12,67,177,185,242,264,291,309,328,478,666,959,986,14,242,261,315,431,437,455,490,521,674,733,753,834,850,960,11,105,237,270,295,363,538,602,760,921,928,940,11,70,261,302,363,381,401,440,512,573,810,924,11,45,138,190,288,312,457,540,646,694,779,827,11,17,28,79,91,273,424,554,624,877,930,964,13,127,183,235,285,336,366,473,541,779,932,956,959,996,5,189,284,468,510,842,10,23,163,212,305,388,509,666,705,904,920,11,45,69,261,278,299,374,490,542,740,753,904,12,140,235,236,284,368,376,397,510,513,557,678,818,11,29,45,181,347,350,361,487,681,803,864,884,11,146,193,227,235,277,497,538,614,711,731,829,12,114,261,334,366,367,576,686,695,721,752,803,941
13,12,22,27,34,233,310,401,584,626,643,753,775,952,12,34,171,183,320,399,492,538,617,835,864,885,913,11,5,24,45,136,242,285,374,673,788,814,849,15,5,68,228,456,492,616,672,681,771,827,892,928,966,988,991,8,167,209,408,436,522,539,700,753,11,181,277,303,341,347,375,424,466,616,686,885,13,0,78,140,151,538,669,753,764,766,799,817,898,959,8,26,154,221,226,432,703,893,912,11,61,136,207,232,378,423,478,749,899,904,921,7,42,107,246,522,550,762,791,15,91,186,190,284,305,331,401,561,611,644,689,702,775,779,916,15,2,304,322,356,436,466,517,522,546,672,761,791,792,853,910,15,5,62,72,142,167,184,302,367,489,695,714,804,862,920,930
12,11,35,211,224,242,264,303,470,512,515,586,833,13,83,188,540,541,550,591,646,669,721,767,790,887,920,7,135,235,829,864,872,950,966,8,45,69,257,447,516,760,921,924,12,2,176,226,442,506,678,722,765,808,908,912,947,7,27,257,365,432,576,592,761,10,63,104,118,236,260,277,461,546,548,986,16,46,131,189,236,243,272,310,340,373,575,627,646,652,702,775,886,8,61,138,235,260,466,550,872,952,11,45,49,165,233,295,436,684,685,754,790,916,12,2,79,125,416,497,564,653,663,686,703,864,877,9,27,147,165,304,372,600,738,955,996
5,7,140,242,261,295,461,513,641,11,56,188,303,405,528,586,612,663,873,908,927,10,94,113,147,167,692,760,765,775,804,893,12,54,153,155,194,372,594,632,641,676,739,753,895,13,23,114,125,237,283,375,387,499,737,916,938,964,968
10,9,154,257,274,284,422,515,748,790,989,7,70,235,327,515,602,617,753,6,26,154,395,397,525,760,6,155,220,284,578,666,731,5,436,472,646,777,937,6,397,723,763,786,827,891,10,29,70,381,427,492,530,693,763,818,921,7,98,288,312,462,539,685,908,8,27,299,600,633,683,779,786,858,5,91,646,655,904,913
10,3,116,230,908,9,27,71,178,593,672,827,968,982,991,6,109,442,522,608,873,937,5,19,61,165,585,916,3,108,538,814,2,261,435,6,2,167,266,455,470,786,4,140,367,538,866,5,102,436,470,655,964,3,70,246,702
9,12,17,131,142,235,269,304,315,539,548,608,797,885,14,69,211,303,411,482,492,503,570,608,649,721,804,937,966,12,2,149,187,425,509,570,585,673,674,715,743,899,11,82,108,224,235,514,538,585,647,864,885,988,11,59,66,108,261,262,430,490,538,740,913,956,11,38,113,154,220,257,285,479,709,850,878,908,12,45,107,135,265,285,347,366,522,764,838,885,988,11,45,161,167,178,220,271,548,593,896,908,946,12,8,63,94,179,285,451,548,625,764,803,847,896
10,7,67,143,151,242,573,711,937,9,70,89,214,292,382,398,594,601,681,10,67,253,261,384,473,606,732,864,883,896,12,14,142,188,237,356,411,457,578,649,921,940,956,11,41,150,284,389,450,538,554,585,611,776,872,8,61,163,272,303,631,639,684,767,6,52,135,371,447,548,619,11,1,110,243,312,347,425,539,622,689,799,916,10,1,102,212,243,463,470,779,908,941,946,10,250,506,681,847,855,861,884,904,920,921
3,7,117,188,284,377,465,549,597,4,192,234,303,925,5,114,138,284,710,872
12,11,8,56,264,440,516,585,674,702,711,720,862,8,142,145,466,539,816,896,950,996,14,119,235,269,278,284,428,522,534,561,646,684,720,753,857,11,226,345,398,419,483,503,535,647,663,837,955,6,34,211,261,655,786,886,9,70,123,395,428,522,597,616,878,893,9,49,189,273,489,510,548,634,644,865,12,212,265,283,374,388,546,562,611,678,714,763,827,11,465,466,470,478,522,548,641,658,672,841,921,7,325,425,633,731,777,830,996,8,17,265,297,506,663,784,827,996,12,2,118,150,176,285,369,407,473,521,708,873,934
10,4,102,222,513,528,9,19,27,261,304,611,733,862,864,956,10,45,127,378,401,433,585,609,827,830,974,8,61,201,381,434,464,678,737,811,12,101,117,261,265,336,363,402,626,703,705,893,946,9,45,193,295,326,374,397,680,805,811,8,8,126,131,143,355,503,795,904,10,163,243,433,440,632,749,754,873,878,955,10,2,78,252,277,285,457,542,585,760,862,8,46,178,187,434,548,779,799,827
