36,3,93,754,764,2,196,872,1,188,1,775,2,260,799,3,128,242,761,2,528,713,3,723,956,966,4,592,616,774,941,2,44,585,1,219,1,548,3,71,183,885,1,624,1,176,2,135,619,3,269,395,912,1,473,3,242,578,930,2,71,228,2,392,788,3,551,714,959,4,312,711,779,930,2,71,261,5,127,150,257,548,626,1,127,2,272,902,3,61,251,625,1,513,4,311,646,649,895,4,69,492,710,764,2,579,633,2,845,921,2,375,780,1,564,4,57,70,498,757
30,4,192,317,753,865,2,131,193,1,771,2,209,492,2,209,817,4,311,362,487,550,2,8,695,5,441,553,589,795,856,3,155,440,674,4,136,447,503,921,3,457,548,600,3,140,550,749,1,46,4,118,335,532,611,6,212,294,302,341,514,865,2,128,646,4,265,853,964,988,4,150,290,339,883,3,61,143,530,3,39,90,189,6,70,78,192,663,686,903,2,71,592,3,385,387,432,5,29,145,200,399,842,2,801,924,3,70,265,645,2,267,554,3,8,34,765,3,188,294,872,5,257,514,585,591,761
38,4,13,70,131,226,3,139,830,859,4,143,558,753,786,4,193,386,610,646,3,31,447,558,1,714,3,189,408,966,2,312,550,3,537,548,923,2,375,604,3,483,542,737,1,902,6,5,32,455,500,769,779,4,321,540,827,937,4,62,91,210,656,1,149,2,207,538,4,341,753,770,792,3,852,863,887,3,214,309,852,3,17,62,304,4,27,182,447,962,1,176,4,354,775,884,936,4,252,264,285,432,2,46,61,3,316,591,600,2,462,716,4,226,279,655,781,2,411,864,3,46,576,779,3,375,781,916,1,711,4,375,555,585,658,2,808,959,4,88,399,441,959,1,425,5,13,72,206,617,921
32,2,71,402,1,490,2,572,817,3,116,878,933,1,873,2,68,576,1,61,2,532,916,6,237,692,902,921,923,940,1,623,1,811,1,266,2,388,968,2,315,681,2,624,893,1,779,3,375,436,788,1,663,2,388,732,3,70,385,633,1,362,4,128,150,436,964,6,176,237,312,451,781,898,3,309,375,916,3,35,348,468,2,88,986,3,265,297,399,2,1,113,1,228,1,666,3,5,180,185,2,327,849
19,4,320,375,608,711,2,345,681,2,570,893,2,327,515,2,395,908,4,17,539,897,911,2,585,643,2,71,649,1,257,1,568,2,71,253,2,108,538,5,180,414,535,538,797,4,285,298,463,809,3,108,177,469,3,45,70,220,2,535,952,3,261,548,625,2,328,885
28,1,66,1,45,1,102,1,3,3,419,743,829,1,121,1,656,1,864,1,547,1,814,2,490,912,1,297,2,549,619,1,79,1,63,1,298,1,572,1,165,1,864,1,414,1,862,1,538,1,244,1,820,1,663,1,343,1,374,2,309,751
24,3,500,562,588,4,105,375,516,663,4,612,767,814,816,2,548,902,3,158,181,681,4,285,432,740,786,3,27,142,512,4,220,284,643,859,3,35,188,295,3,61,385,397,4,79,549,762,903,3,56,647,833,2,872,881,4,2,19,180,821,2,440,765,3,102,312,470,2,440,487,4,241,652,908,988,1,446,2,678,781,4,22,414,524,861,2,188,239,3,34,105,694,4,140,367,470,684
17,2,17,183,1,81,1,616,2,130,427,3,612,698,864,1,748,1,306,4,228,414,547,634,1,617,1,285,2,757,825,1,397,1,496,1,26,2,310,731,1,8,1,457
18,1,379,1,608,1,41,1,892,2,800,937,1,385,3,6,554,721,3,19,174,326,2,303,830,1,395,1,4,1,781,1,764,2,196,375,1,468,2,27,116,1,340,1,509
21,1,5,1,29,2,529,797,1,163,3,66,251,472,1,804,1,192,2,669,727,1,514,1,483,1,524,1,449,1,341,4,1,271,382,441,1,430,2,512,528,1,373,1,500,1,890,1,290,2,17,67
