9,1,27,2,23,54,4,2,24,61,97,4,66,79,91,95,1,8,1,22,1,27,3,49,75,91,5,25,45,70,89,91
9,3,5,17,70,3,59,70,91,1,61,4,7,46,63,79,3,4,19,91,3,4,8,27,2,41,50,3,27,63,84,5,5,33,59,70,91
6,1,91,3,20,75,91,3,8,17,78,3,41,69,71,2,5,18,2,34,94
1,2,2,45
2,2,62,73,1,27
6,1,1,2,34,91,1,57,1,17,1,49,1,35
8,3,33,45,64,3,50,72,75,3,14,54,94,3,34,38,75,3,27,42,56,7,6,27,70,79,89,91,97,2,5,70,2,4,61
4,1,78,1,22,2,57,90,1,18
6,2,70,75,1,54,2,45,91,1,98,2,68,75,2,29,91
5,2,5,61,1,56,1,34,1,27,1,23
3,1,22,1,70,2,2,22
7,1,32,3,54,55,89,3,33,34,84,2,32,89,2,61,75,1,8,1,61
9,1,45,3,72,82,91,4,10,22,57,72,5,45,49,61,69,91,1,1,3,17,35,44,1,1,3,45,61,84,3,27,45,61
8,7,23,29,30,49,87,89,90,2,54,87,5,34,45,66,78,80,3,32,42,91,4,2,32,72,77,5,7,29,62,72,90,5,1,5,56,90,91,4,0,22,27,61
10,3,5,59,90,2,1,44,3,27,91,97,1,57,3,21,59,61,2,59,67,4,3,34,93,98,3,2,45,59,4,29,42,79,94,7,28,35,44,50,59,67,91
6,4,11,52,75,90,2,20,35,3,23,35,66,2,25,45,2,17,91,1,45
11,4,5,17,22,61,2,72,78,2,23,61,3,57,79,83,1,70,1,70,2,22,56,3,27,86,91,2,45,94,2,33,61,2,5,29
4,3,8,33,92,2,63,91,1,70,1,79
14,5,5,26,62,91,93,3,4,45,91,1,39,2,52,70,2,52,66,2,34,91,2,8,98,1,79,3,17,20,79,3,45,64,98,2,6,68,2,2,39,2,0,19,1,1
7,3,42,49,91,1,84,3,8,61,70,2,39,91,2,10,35,4,5,8,35,91,3,48,49,50
3,2,19,29,1,8,1,27
6,1,5,1,91,1,27,1,59,1,39,2,45,97
14,3,34,61,91,4,36,41,70,91,3,45,97,99,4,5,33,52,61,2,61,70,3,8,18,91,2,8,54,3,45,54,66,4,13,54,81,90,4,5,27,79,94,2,28,59,3,0,25,66,4,23,33,91,98,3,3,25,63
5,1,95,1,54,1,19,2,46,97,2,1,27
10,5,5,17,56,68,91,5,0,2,54,59,84,7,8,16,39,44,71,75,87,5,2,3,5,29,91,4,4,8,35,62,6,27,29,43,54,56,70,4,3,46,56,84,3,34,45,57,4,17,29,35,56,6,8,17,42,57,71,84
12,3,8,28,90,2,33,49,3,29,56,91,3,19,71,84,5,2,40,50,61,91,1,7,3,0,5,52,6,29,33,45,54,76,90,4,26,67,91,98,1,66,2,2,91,2,19,70
9,1,38,3,54,72,84,1,61,1,49,2,79,91,3,23,27,45,3,52,84,93,1,54,1,27
9,2,1,61,3,8,44,90,5,3,33,35,62,91,2,8,35,4,32,42,61,88,3,45,66,91,4,24,27,42,56,6,5,28,45,50,56,62,3,72,73,84
6,5,33,38,61,70,91,3,32,82,93,4,39,41,50,87,4,1,17,22,33,5,5,29,34,35,70,3,0,8,79
11,3,1,19,70,4,54,69,70,81,2,27,45,5,5,17,46,49,83,4,20,52,54,77,1,19,4,8,44,78,79,6,0,27,52,69,84,91,5,5,23,29,33,52,3,2,50,91,5,27,29,33,45,61
3,2,2,93,1,11,1,98
8,2,6,23,1,5,1,99,3,42,59,98,3,5,39,45,2,56,91,2,89,90,1,17
15,6,2,13,24,29,70,91,3,0,17,70,2,35,98,9,28,34,59,61,86,89,90,91,98,4,20,23,24,79,1,26,3,34,57,79,4,27,52,66,91,3,26,76,94,2,70,91,4,2,8,52,61,3,17,27,61,6,8,23,45,72,82,84,1,61,9,22,27,45,50,70,79,89,91,98
6,1,17,1,2,1,77,1,42,2,59,62,1,10
13,5,17,33,57,72,89,5,8,29,59,62,91,3,8,70,89,3,3,17,45,5,27,56,63,91,97,5,17,28,45,52,75,5,7,63,65,72,84,5,10,24,62,92,99,5,3,5,61,70,89,4,3,38,56,84,2,18,98,6,5,14,22,29,45,61,5,45,52,66,79,82
5,3,7,8,75,3,17,61,66,4,28,42,70,91,1,72,3,0,23,70
5,3,17,75,84,1,45,3,28,61,67,5,28,31,34,70,93,5,2,35,42,91,94
11,2,28,59,3,69,70,90,3,2,28,71,1,57,1,91,6,2,20,54,62,72,91,3,3,32,76,3,38,55,94,3,17,29,53,1,91,4,8,20,44,90
16,2,29,91,2,27,45,1,34,3,54,69,84,1,90,1,24,3,27,52,55,2,41,42,2,70,80,2,22,94,3,2,24,46,5,4,8,10,23,91,1,79,2,33,61,2,45,91,1,75
11,1,69,1,59,2,28,67,3,3,9,50,1,34,1,29,2,23,72,1,65,4,2,8,70,98,2,27,70,1,56
11,2,29,70,1,22,1,91,3,35,82,93,2,2,70,2,39,52,1,26,2,17,33,2,33,61,2,49,91,1,34
10,5,1,33,34,69,85,3,10,61,75,4,33,45,49,72,2,45,91,3,5,52,79,3,10,20,61,4,1,19,78,91,3,61,94,99,4,33,44,69,89,5,23,33,66,70,75
7,1,30,2,57,70,3,5,28,45,2,46,70,1,25,2,2,91,3,2,19,84
7,3,64,68,94,2,42,91,2,35,91,2,42,88,2,2,27,1,56,4,1,33,48,91
1,1,22
13,4,13,21,70,87,4,17,29,33,84,3,17,24,56,3,8,10,19,3,72,86,94,1,95,5,20,27,37,39,48,2,6,27,5,23,27,46,76,94,4,23,27,44,61,6,11,29,54,67,76,95,3,0,60,61,4,23,55,70,73
12,2,38,70,3,64,70,92,4,8,14,70,97,1,44,5,28,67,78,91,94,5,10,32,55,71,91,2,46,61,6,8,20,34,67,78,79,5,3,27,33,34,80,5,20,22,23,91,94,4,1,20,83,91,4,30,67,84,91
8,4,5,22,72,94,2,1,46,3,2,72,84,5,7,8,17,46,61,1,28,1,33,1,1,1,1
6,2,59,98,3,2,26,39,2,3,29,2,63,69,3,10,32,46,2,2,28
4,1,72,1,28,1,7,1,70
10,6,10,26,70,90,91,93,4,2,52,70,94,6,6,62,87,91,93,95,2,4,61,5,17,33,34,45,91,5,19,23,32,39,46,5,22,27,46,61,84,8,1,2,9,17,20,28,41,57,7,34,45,46,54,61,65,70,6,5,9,17,44,70,75
7,2,27,70,1,11,1,87,2,30,98,1,69,4,32,75,80,91,2,39,42
16,3,28,61,91,1,67,1,52,1,8,3,29,45,91,1,29,1,7,1,52,2,2,45,2,45,59,4,20,34,46,90,1,41,2,61,70,2,20,91,3,0,33,52,4,28,45,67,75
3,1,20,2,35,66,1,67
11,4,8,33,75,92,5,3,45,61,70,91,5,56,61,72,87,88,7,1,5,35,44,45,61,69,9,2,4,17,19,22,27,28,42,45,7,2,17,26,34,56,61,91,4,17,68,72,91,3,52,77,91,9,0,5,22,26,34,42,45,63,98,4,2,42,45,61,6,23,27,52,61,68,71
9,2,34,84,1,69,2,17,98,1,67,3,2,37,45,1,0,1,66,2,8,18,1,72
14,6,27,52,61,75,79,84,7,32,34,41,45,70,87,94,6,7,20,42,65,70,90,5,8,25,69,70,76,3,65,70,73,4,8,60,85,89,7,4,59,70,81,82,84,91,4,2,43,52,70,6,5,7,34,70,91,97,3,52,69,70,5,1,8,46,60,99,5,2,3,7,21,70,5,45,52,67,84,87,4,33,34,50,54
7,5,29,70,75,90,91,4,4,8,27,61,5,19,20,46,78,91,3,54,62,72,7,24,28,29,49,54,57,93,5,25,46,52,62,70,3,3,45,91
5,3,66,68,70,1,71,1,91,1,44,1,21
10,3,4,91,94,2,45,52,4,8,30,44,66,2,3,29,1,5,1,45,3,20,27,56,2,45,61,1,91,3,27,45,79
8,5,2,27,30,87,89,9,0,4,16,28,29,32,57,70,91,2,27,65,4,5,8,44,99,3,1,59,83,4,2,3,8,70,4,1,28,69,70,2,66,67
13,2,23,34,1,62,3,5,19,33,3,8,32,33,2,41,69,1,52,1,34,1,61,2,33,79,3,52,95,98,1,62,4,5,17,70,73,1,79
6,3,23,54,72,4,20,27,62,70,5,2,17,45,52,69,3,32,37,70,3,5,61,72,2,17,45
6,3,2,39,72,1,56,2,6,23,1,84,1,61,1,91
12,4,33,52,59,72,4,27,61,70,98,6,20,65,79,85,93,98,4,29,33,45,49,4,27,52,65,86,7,16,23,42,50,81,90,93,2,28,70,3,2,22,54,4,2,70,92,98,2,10,57,3,42,67,91,5,23,44,46,59,87
17,1,33,1,45,3,8,18,49,3,45,69,98,1,61,3,34,66,91,2,63,94,3,27,35,50,1,35,1,87,1,6,1,24,1,29,2,41,79,1,27,2,27,61,1,70
7,4,17,22,33,87,2,27,66,3,29,85,91,1,27,1,61,2,56,91,1,19
7,3,19,20,91,2,61,93,4,2,65,70,79,4,2,23,52,91,2,45,88,2,5,17,3,44,83,89
8,5,8,11,35,42,97,1,42,1,99,2,3,90,2,24,45,4,2,17,45,52,3,6,29,62,2,20,23
9,3,20,33,87,1,33,4,22,41,61,91,3,27,78,81,7,8,27,32,42,45,84,85,1,64,4,50,62,70,94,4,17,35,56,59,2,16,91
8,3,2,17,76,4,2,19,22,90,2,27,29,4,1,10,29,36,3,1,24,69,4,63,70,75,89,4,8,34,45,52,4,27,42,45,50
7,2,17,28,1,17,1,84,4,23,70,89,91,3,64,78,79,2,90,97,3,8,42,97
8,3,3,42,47,1,70,6,26,28,61,63,79,91,3,20,34,90,5,2,6,27,46,70,3,61,62,91,3,29,70,71,5,2,29,34,84,91
7,6,11,35,42,59,76,90,3,46,61,88,2,5,78,2,2,94,2,70,78,2,8,67,4,8,37,38,42
7,5,22,23,28,78,91,4,3,45,70,98,5,6,28,41,49,70,7,19,29,35,40,45,68,72,6,19,20,22,72,73,94,5,1,2,33,85,90,5,20,31,69,72,91
6,1,17,1,61,1,70,1,7,3,17,72,91,1,72
10,2,45,91,2,23,92,4,3,24,68,79,2,50,70,2,56,70,2,79,89,2,22,72,3,47,91,94,2,29,75,3,3,8,27
8,5,3,19,20,70,94,3,17,49,61,3,54,68,69,3,15,23,39,3,49,79,83,2,32,70,3,19,27,70,3,22,31,70
10,1,97,2,28,32,2,27,42,1,27,2,3,98,1,91,1,24,1,27,1,49,1,72
12,3,46,54,56,4,50,70,75,93,1,33,3,17,42,52,2,34,48,6,32,34,44,61,91,98,2,5,52,4,2,8,27,54,3,3,17,59,3,56,91,95,5,22,27,42,90,91,2,28,59
4,3,4,34,38,4,6,45,86,88,4,28,50,63,93,4,28,33,56,98
10,2,27,91,3,46,52,91,1,80,2,45,87,2,2,35,2,4,45,2,8,50,1,65,2,24,79,2,7,66
6,5,12,27,59,78,84,5,41,46,54,61,91,3,39,76,91,3,2,11,35,3,29,66,70,3,1,56,61
11,6,24,45,46,48,56,91,3,62,75,91,5,23,42,56,90,98,5,5,6,24,27,62,2,33,95,4,52,59,65,95,4,27,55,59,65,6,2,27,54,69,78,90,3,6,88,89,3,1,24,41,3,3,22,28
15,3,5,33,70,4,41,66,78,90,3,25,29,70,3,42,44,70,5,52,57,59,78,95,3,29,36,39,2,79,90,3,32,69,91,1,45,3,20,70,79,3,34,45,52,1,24,3,1,44,90,2,34,90,3,32,57,70
11,3,23,28,44,7,4,56,59,75,86,91,97,5,8,19,42,44,75,4,17,22,39,91,3,7,39,70,8,3,4,20,39,44,66,78,84,5,27,33,45,56,97,5,2,32,33,39,91,4,17,25,42,64,3,23,61,67,2,91,97
14,2,62,80,5,33,46,70,75,95,3,4,52,94,2,66,90,4,5,27,49,86,6,1,2,5,8,50,91,4,8,46,57,98,2,6,44,3,45,46,87,1,62,3,17,23,32,3,17,61,81,3,46,70,90,3,17,79,84
7,1,5,2,4,70,1,92,2,29,34,1,61,1,59,1,17
11,2,17,39,4,43,57,62,90,2,44,57,1,5,3,31,70,75,3,21,23,33,2,65,92,1,79,2,44,91,2,24,45,4,20,23,44,45
5,2,3,52,3,17,61,83,3,25,70,97,2,29,80,3,54,98,99
10,2,2,91,5,22,41,46,49,91,3,8,45,95,2,23,29,3,8,54,67,5,4,8,56,91,95,2,2,94,3,22,27,70,5,20,22,42,84,90,2,17,70
10,5,0,50,52,56,87,2,46,91,4,17,24,42,91,4,2,17,77,91,5,2,8,20,57,70,5,8,20,35,45,46,3,1,29,70,4,27,66,89,91,3,5,45,68,1,70
9,5,2,23,52,69,91,3,17,32,49,3,30,33,67,3,41,54,93,2,27,64,5,23,32,90,92,98,2,22,35,2,2,91,3,27,84,91
10,2,27,61,3,4,28,65,3,33,78,84,3,46,61,91,4,5,45,76,91,3,20,45,72,4,2,28,52,94,3,29,34,43,2,54,72,2,29,76
9,4,0,42,62,94,2,34,45,2,17,70,1,54,2,56,81,1,93,2,22,34,1,32,5,5,8,42,45,62
10,3,3,52,70,4,1,2,70,94,2,5,27,3,54,66,94,2,27,52,3,10,70,91,5,24,28,34,46,91,2,23,76,1,42,3,52,59,72
9,2,2,99,3,22,52,94,4,20,23,45,69,1,5,3,3,5,67,2,41,91,3,8,70,91,2,39,91,2,0,29
14,6,14,54,66,75,91,99,2,39,61,4,29,54,61,83,3,5,62,90,4,28,30,42,91,2,54,70,3,5,44,91,6,5,33,52,61,72,79,4,56,69,70,87,7,8,14,23,37,45,69,98,3,2,27,78,2,8,28,1,91,4,7,70,81,94
9,3,5,42,78,4,20,22,52,61,1,70,1,83,1,27,2,27,90,4,5,27,42,44,3,6,91,98,4,70,83,95,98
4,1,24,1,56,1,2,1,66
6,1,45,2,37,52,2,15,87,1,91,2,5,79,1,6
10,4,54,55,78,89,1,91,2,83,84,2,6,32,2,61,75,3,2,8,54,3,5,44,45,1,8,2,61,90,2,35,49
10,4,33,38,70,98,3,28,56,67,3,70,78,80,4,27,29,59,91,2,30,98,4,46,75,84,94,2,33,84,4,11,46,70,84,3,5,89,91,5,2,44,61,70,84
2,1,47,2,34,90
6,1,75,3,28,46,65,1,61,3,17,45,79,2,5,91,2,34,97
6,1,42,1,0,1,73,2,8,75,2,10,19,2,70,91
8,2,87,91,4,3,18,29,65,4,5,24,75,98,5,5,27,34,66,84,2,2,84,5,5,28,61,82,91,4,3,30,45,70,7,37,41,52,61,70,83,91
9,4,8,76,87,91,5,2,33,37,39,70,5,17,45,66,67,82,5,10,20,29,72,91,3,25,26,71,6,1,2,5,7,78,91,6,3,4,34,52,70,91,5,24,45,52,71,91,6,1,2,8,22,45,90
6,2,91,93,2,23,29,2,17,67,3,22,24,91,5,1,5,42,45,70,2,70,98
6,6,23,29,35,59,61,81,6,5,29,30,49,90,93,4,34,52,79,94,5,20,27,44,61,78,5,39,44,56,61,95,1,42
7,1,14,2,56,71,2,35,80,1,2,2,0,61,2,7,20,2,1,90
6,4,5,39,41,84,6,3,22,46,61,67,70,4,5,20,27,79,6,10,23,29,79,89,91,4,34,38,42,90,4,7,13,27,42
10,3,2,8,70,1,91,2,45,91,2,4,44,2,32,83,2,32,84,1,53,2,32,61,5,5,23,61,79,91,2,23,90
4,2,2,39,1,46,1,82,1,49
14,4,54,67,70,91,2,42,84,1,42,3,45,78,91,1,23,3,43,61,98,1,72,2,28,52,3,2,20,29,1,28,1,20,2,1,50,1,83,1,84
5,3,8,86,93,2,2,35,2,2,49,3,17,22,46,3,2,20,22
5,1,26,1,17,2,34,64,1,91,2,37,77
9,6,23,52,61,93,94,99,4,33,68,70,79,5,3,8,70,83,91,2,30,94,4,29,82,90,91,3,3,8,79,5,28,29,48,54,73,3,70,72,90,6,1,10,26,28,34,72
10,3,27,29,84,2,8,76,2,84,91,1,91,1,2,1,27,1,50,5,0,17,28,34,61,3,30,70,94,2,45,52
8,2,5,27,4,11,57,70,84,2,5,57,5,8,20,23,78,91,3,2,26,27,5,35,41,45,56,97,3,29,70,91,3,2,5,83
9,4,19,44,52,79,6,16,23,32,45,52,84,3,37,91,95,6,2,20,47,62,66,91,4,22,29,44,45,4,28,32,34,90,2,2,94,4,2,26,42,45,3,45,49,92
7,3,5,28,91,3,3,59,84,3,30,72,91,2,27,34,3,2,70,71,5,39,56,72,84,91,2,46,72
6,2,39,45,2,27,35,1,27,1,29,1,42,2,61,90
9,3,69,70,97,4,2,42,70,91,2,5,69,4,5,33,42,50,2,90,91,6,6,17,42,56,90,98,4,44,45,52,99,8,2,16,23,24,33,42,45,79,4,22,30,79,86
12,2,46,70,1,28,2,45,69,2,46,70,1,91,2,61,91,3,17,27,45,2,41,84,2,8,79,2,3,46,3,2,39,42,4,9,17,28,91
14,3,52,61,66,3,41,45,91,4,33,46,72,95,5,45,56,72,91,97,9,23,45,50,56,67,69,70,79,98,3,52,90,94,2,3,45,4,33,50,61,67,4,35,44,49,52,4,24,27,72,84,3,3,54,91,6,7,52,59,66,84,91,4,8,42,65,66,2,59,79
5,2,2,27,4,17,27,45,62,3,45,63,78,4,0,22,42,52,3,54,56,91
8,4,35,46,61,80,3,17,91,98,2,2,3,2,27,43,2,44,70,1,61,1,34,2,13,45
11,2,52,61,3,4,11,90,2,17,46,2,13,91,6,23,42,61,68,84,91,2,29,70,2,70,91,3,5,17,93,2,1,8,3,52,66,67,4,2,3,56,70
8,1,37,1,23,2,17,89,1,34,1,91,1,29,3,25,26,77,2,5,45
6,1,17,1,59,1,91,1,50,1,19,2,52,91
11,4,5,8,11,45,2,34,94,1,3,1,50,3,70,71,89,2,23,27,3,61,87,91,3,2,50,61,1,63,1,56,2,0,42
9,1,52,3,54,55,89,1,65,3,5,84,95,1,32,1,75,3,8,41,70,2,61,64,2,35,69
6,5,37,46,49,79,97,4,1,21,55,70,3,1,45,70,3,0,61,71,2,16,95,4,28,70,90,91
9,1,91,3,45,59,69,4,2,19,23,54,3,57,61,91,3,64,70,87,1,27,2,27,93,2,2,36,1,90
10,5,10,54,55,89,94,5,20,26,57,70,84,1,32,5,17,27,69,79,91,2,2,52,3,8,45,75,4,8,16,17,45,3,35,61,94,1,22,2,69,90
13,4,2,26,35,70,6,5,8,45,75,79,82,5,0,35,54,59,70,2,20,91,3,49,69,94,4,2,3,27,62,3,45,50,93,3,42,62,91,4,8,46,48,57,7,1,45,52,61,64,84,85,5,19,26,27,52,93,2,33,34,4,30,33,45,94
11,5,5,8,33,70,79,3,28,62,72,3,2,45,91,4,23,24,57,84,2,75,93,1,90,3,61,75,91,3,34,61,90,3,5,8,22,3,1,52,57,3,19,42,61
13,4,2,39,72,84,2,54,56,3,2,31,46,3,45,76,91,3,50,69,70,6,4,44,49,69,70,99,2,28,78,2,41,67,1,57,6,0,8,21,27,79,94,3,2,26,39,1,79,1,45
8,7,8,17,22,46,54,91,94,6,14,22,45,69,75,91,8,2,5,8,16,17,19,57,84,4,22,28,45,91,6,3,8,33,52,68,94,7,6,22,27,61,62,64,79,5,2,39,42,43,94,4,14,39,72,91
9,3,33,45,72,3,61,84,87,3,5,22,75,3,46,61,73,2,45,56,3,17,46,49,3,10,34,91,3,2,27,93,4,5,27,52,84
13,5,20,23,27,50,52,3,23,54,62,3,23,30,33,2,50,83,3,50,79,83,3,5,17,70,5,8,56,57,73,84,1,44,2,24,91,2,39,50,3,72,86,91,2,90,98,2,5,61
13,2,45,52,4,28,37,52,61,4,7,10,15,87,6,8,10,11,27,63,91,4,5,70,79,95,3,2,6,75,5,17,22,42,70,92,2,24,33,7,20,42,43,62,66,79,91,3,44,59,70,3,22,52,94,2,2,69,4,8,45,54,75
10,1,54,6,11,26,62,64,70,90,4,21,27,52,98,3,5,17,35,4,3,16,34,45,6,42,44,52,65,88,98,5,27,44,52,69,98,4,20,29,33,52,4,17,20,56,93,4,17,48,63,68
9,1,45,1,17,3,22,23,90,5,6,10,27,54,93,4,27,28,34,61,2,94,98,3,25,62,90,3,0,62,91,3,26,34,52
5,1,33,2,36,70,1,27,1,98,1,90
7,4,28,42,81,97,5,2,61,67,80,94,3,0,8,79,4,29,46,49,83,3,17,59,98,6,8,28,61,69,79,84,4,8,24,52,91
4,1,46,1,29,4,14,33,35,79,1,66
11,2,32,95,3,8,54,61,5,28,42,46,81,93,2,91,97,4,2,54,91,94,3,3,17,57,3,46,59,91,2,34,45,1,52,3,17,84,91,3,20,52,57
9,1,94,2,23,42,1,91,2,2,91,2,70,91,1,2,2,27,33,1,42,1,76
10,4,43,69,70,91,3,3,59,63,4,8,29,34,90,2,59,84,2,3,71,2,35,70,3,2,40,91,3,2,5,45,3,42,54,90,1,26
11,2,2,54,3,28,45,91,2,45,87,5,25,47,56,70,91,6,17,34,45,70,90,92,2,24,91,5,28,35,78,91,99,1,70,2,50,91,3,3,19,91,5,48,49,50,70,79
10,3,27,28,84,4,17,20,75,80,3,25,52,99,2,3,29,4,45,84,94,97,4,17,70,84,87,3,28,42,84,4,6,8,18,72,1,24,5,27,39,70,90,91
7,1,7,2,35,84,1,91,1,45,1,13,1,29,2,44,61
8,3,23,56,83,3,34,61,80,1,27,2,4,6,4,8,27,54,75,5,27,32,42,46,49,5,27,29,39,45,91,1,20
3,1,76,1,32,2,17,71
7,1,61,1,63,2,19,50,2,41,62,1,23,3,25,34,66,2,64,71
5,2,26,52,1,87,2,5,91,1,45,1,65
9,1,22,3,33,83,99,4,17,23,33,66,2,48,57,3,4,5,94,3,17,19,27,2,35,91,4,1,17,30,89,6,2,26,29,39,52,56
6,3,33,70,91,2,23,33,3,3,4,91,1,29,1,8,1,91
3,2,8,29,1,76,1,23
13,3,54,70,93,3,2,35,93,4,3,8,11,80,5,0,1,8,17,83,4,8,34,72,98,5,34,42,45,67,91,2,27,56,3,2,34,45,3,8,27,75,2,10,76,1,28,3,24,79,84,2,43,61
9,2,3,52,3,43,70,91,5,33,59,87,91,97,2,27,54,2,2,70,2,20,61,2,5,27,2,63,67,2,27,62
7,1,62,1,57,1,34,1,35,4,45,46,75,91,1,84,2,24,91
7,3,5,27,90,5,2,8,35,56,71,4,2,24,28,62,3,0,45,54,3,20,91,98,2,10,68,3,39,50,79
4,1,34,2,2,73,4,8,44,82,91,3,35,41,70
9,4,18,20,80,91,2,17,38,2,34,45,2,5,87,2,70,84,4,10,17,61,68,2,47,70,3,27,51,65,3,20,75,90
6,1,52,1,65,1,5,1,91,2,41,70,1,64
7,1,61,2,69,70,1,85,1,70,1,42,1,79,4,6,8,66,72
10,3,13,54,90,2,7,13,3,0,80,91,2,35,45,2,2,35,2,52,87,2,26,32,2,5,61,2,14,54,1,49
5,2,20,80,3,70,91,97,2,3,91,1,17,2,8,90
5,6,22,24,34,62,71,73,7,23,28,49,62,67,78,95,4,17,57,79,87,5,1,27,69,89,91,4,28,30,33,67
12,3,1,29,45,1,75,2,17,97,4,2,35,46,90,3,70,72,99,3,7,52,70,7,2,5,8,18,56,66,91,3,13,61,72,2,22,72,3,28,45,54,3,8,29,39,3,66,69,87
5,1,38,1,1,1,41,1,91,2,17,39
5,3,8,17,46,2,1,56,2,45,94,2,5,54,1,4
10,1,94,1,34,2,75,89,2,95,99,2,10,29,5,5,49,60,93,99,2,2,89,3,27,29,54,3,39,61,70,2,56,61
6,3,5,42,81,2,46,94,2,46,84,1,56,4,17,32,50,98,3,57,61,66
7,2,2,49,2,8,70,4,24,42,61,87,2,0,90,3,1,45,91,1,20,1,90
5,2,42,94,3,17,29,87,5,1,7,50,54,84,2,19,50,4,45,59,70,91
9,3,23,32,88,5,24,46,52,75,91,2,28,46,2,27,70,2,4,98,2,44,53,3,39,79,91,3,17,56,68,4,20,27,91,94
7,2,35,61,2,45,69,2,17,28,2,84,91,3,62,70,79,3,18,26,27,3,27,57,70
7,2,8,45,3,35,56,91,1,71,3,44,75,98,1,5,2,8,97,2,26,91
10,3,22,27,89,3,52,70,75,3,8,45,91,2,63,91,2,32,94,3,46,61,70,2,17,26,6,17,45,70,83,90,98,3,27,28,42,3,24,45,79
10,1,8,2,28,42,3,11,35,91,3,19,82,91,2,10,61,3,17,50,79,4,3,49,91,97,2,17,45,3,52,61,70,1,29
11,4,27,29,91,94,3,2,3,93,5,27,32,35,84,95,1,35,5,8,17,26,28,41,2,25,94,4,19,20,70,91,3,3,23,67,3,35,95,98,5,27,34,87,91,97,4,3,42,50,59
7,6,28,41,54,55,61,89,3,22,84,90,4,8,28,61,64,3,17,27,91,5,5,59,61,75,81,4,15,56,90,91,4,52,61,70,97
5,1,27,1,69,2,69,91,3,1,60,82,1,71
5,3,8,17,19,5,29,45,70,87,91,4,2,19,93,99,6,2,16,20,23,28,52,4,10,45,46,89
14,1,20,4,5,59,71,84,4,5,34,45,78,7,3,22,30,45,69,75,91,4,5,76,90,91,5,4,24,48,70,71,3,6,8,18,7,2,27,35,50,56,76,90,4,24,27,42,52,2,52,70,3,50,80,91,1,29,3,39,52,78,4,27,45,61,94
7,2,14,52,1,3,2,22,44,2,23,72,1,62,1,90,1,1
9,7,1,17,19,28,30,63,70,4,10,42,66,75,2,29,84,1,91,1,68,1,19,2,52,70,2,64,83,1,80
11,2,35,70,3,2,8,20,5,1,67,70,79,91,2,30,46,2,64,91,1,79,2,27,91,2,5,45,1,18,1,91,2,27,66
6,4,22,29,70,87,4,27,34,37,42,3,29,72,91,4,3,27,82,90,3,20,61,94,4,48,56,78,91
8,2,70,98,3,20,52,91,4,29,32,62,91,5,34,43,45,90,91,3,43,56,91,4,17,29,45,54,3,27,59,79,4,2,66,90,99
10,1,84,1,61,1,62,2,27,91,2,2,27,1,42,1,3,1,34,2,29,72,1,6
10,1,28,2,42,75,1,84,1,86,2,3,91,1,71,1,29,1,6,1,64,1,91
4,1,70,2,82,93,1,39,1,34
12,5,1,19,39,65,90,2,61,98,3,10,32,61,3,7,90,91,1,63,2,2,94,3,22,67,83,2,7,13,3,5,45,78,1,91,2,3,4,1,2
8,3,29,59,84,4,45,50,83,89,3,54,66,70,3,45,48,70,3,8,46,91,1,30,2,32,39,2,34,98
9,1,84,2,27,52,2,52,70,2,2,61,1,91,1,83,2,45,54,2,70,75,1,98
7,2,28,67,4,2,17,45,50,2,57,91,1,27,2,27,98,2,28,75,1,91
5,1,42,1,39,1,91,1,8,1,56
15,4,27,34,45,70,2,20,29,3,5,48,71,3,32,35,91,3,6,23,67,4,2,39,50,75,1,28,1,83,3,27,42,89,4,8,46,72,90,2,2,82,6,45,54,56,62,72,91,5,1,19,20,49,91,4,17,45,67,97,3,48,75,83
8,5,5,16,61,75,91,4,35,46,62,66,3,2,29,39,3,0,42,52,3,8,22,90,3,23,26,91,3,27,48,80,3,0,42,84
12,1,41,1,5,2,17,61,1,34,1,91,1,54,1,77,1,28,1,66,1,10,1,27,3,46,67,70
3,1,27,1,70,1,23
6,1,91,2,11,90,3,17,20,78,3,17,35,66,1,30,1,67
8,4,19,25,29,61,3,45,52,72,5,27,78,84,87,98,4,28,42,45,75,3,17,82,93,3,26,42,70,1,46,2,42,45
6,1,30,1,72,1,57,1,5,1,1,2,2,90
3,1,82,1,17,1,2
6,3,23,33,34,2,0,42,1,17,1,91,2,8,39,2,54,91
8,2,7,34,2,42,61,2,27,61,2,36,90,2,42,66,1,45,2,22,27,2,52,93
6,7,8,25,27,30,38,70,91,4,3,42,46,75,9,2,27,28,39,49,54,78,79,91,3,21,75,98,2,28,94,4,1,6,45,71
11,2,24,67,3,17,23,87,2,57,79,2,32,91,3,33,62,87,2,19,29,1,27,1,98,3,8,50,98,2,70,93,3,39,50,91
4,1,17,1,3,1,84,2,37,45
14,3,32,35,67,8,0,49,54,55,70,78,89,93,5,1,32,61,67,84,5,14,27,32,54,71,5,5,17,32,42,65,4,3,42,75,79,4,8,23,42,99,4,59,61,90,91,2,34,93,3,27,72,81,6,10,19,28,30,42,94,5,5,43,56,70,94,1,29,3,8,21,64
8,3,33,34,61,3,54,56,95,2,45,69,3,8,33,90,3,3,20,27,2,32,67,2,84,98,3,27,59,79
9,1,80,1,31,1,64,1,91,3,3,13,27,1,22,2,28,67,1,20,1,56
9,1,85,1,78,3,3,22,90,1,41,2,2,66,3,1,64,91,3,2,65,69,4,8,66,78,97,2,80,90
6,3,42,44,94,2,28,91,1,45,3,14,42,91,1,98,1,22
11,4,28,61,67,68,3,27,33,79,2,61,91,2,27,41,1,2,2,62,80,3,66,91,93,1,59,2,24,91,2,8,56,2,29,98
9,3,8,90,92,4,28,63,91,94,2,46,70,1,70,2,4,70,3,17,42,91,3,17,26,91,2,23,98,3,22,42,84
10,6,17,27,55,70,72,84,3,25,27,80,2,0,91,3,1,50,91,4,0,33,70,94,4,3,5,34,54,3,25,61,62,2,17,84,1,43,3,3,27,70
8,4,3,5,17,62,1,94,2,54,87,4,17,46,70,98,4,22,42,45,83,1,8,2,5,45,2,29,44
8,1,94,3,54,69,70,4,23,27,70,91,2,92,97,2,39,45,2,3,59,2,27,44,2,11,61
7,3,34,62,70,3,56,70,75,2,54,78,3,33,50,98,4,2,54,57,59,1,39,3,0,61,91
9,1,5,1,62,4,45,56,59,91,2,33,70,2,22,34,2,27,79,2,23,57,3,7,75,84,2,46,66
11,6,8,23,27,50,57,87,3,4,6,68,4,2,49,52,64,2,52,65,9,5,17,29,46,52,70,71,87,91,4,61,65,70,79,4,20,62,91,94,1,13,1,52,3,69,70,87,3,39,70,91
11,4,0,52,83,94,7,5,27,52,61,65,90,91,5,6,8,14,24,42,5,2,3,20,23,34,4,30,33,91,98,2,33,42,4,5,70,75,78,6,17,30,37,61,66,91,4,28,30,61,72,3,45,46,87,2,0,83
13,9,1,19,27,45,46,70,76,91,92,4,0,8,34,41,9,7,44,52,62,66,71,84,87,88,8,1,5,24,27,45,50,75,93,7,24,38,39,44,46,70,91,6,2,20,25,28,64,94,7,2,8,19,45,61,66,84,7,17,27,34,44,54,72,78,7,23,62,66,70,72,81,87,6,24,33,34,49,84,90,4,27,33,91,97,4,34,45,71,91,10,8,27,35,39,50,54,59,66,73,94
5,1,87,2,2,17,2,8,52,5,18,27,34,35,66,4,22,27,45,70
9,3,8,27,84,3,2,30,32,1,24,2,23,78,3,23,28,90,3,39,84,95,3,2,5,42,2,5,52,4,10,52,65,98
11,2,78,91,1,33,2,29,70,1,70,2,1,72,2,20,73,3,17,32,91,2,54,65,2,0,56,2,1,32,2,45,89
11,6,0,2,17,27,71,91,2,34,87,2,3,49,3,42,61,90,3,25,72,83,3,65,70,79,3,45,72,98,1,91,4,69,75,89,91,2,5,70,3,70,91,98
9,1,91,2,89,99,2,34,91,2,17,70,1,91,3,5,54,79,2,45,57,3,3,42,87,2,23,59
11,3,45,64,83,5,19,27,45,70,91,1,17,2,52,98,3,10,68,70,3,29,70,92,3,24,34,70,3,24,45,49,3,33,70,99,5,11,33,42,70,90,3,70,95,98
10,1,34,4,29,35,49,61,1,42,2,61,89,2,39,61,1,99,2,2,61,1,29,4,1,5,90,94,1,62
11,5,23,34,70,72,83,7,3,13,27,32,70,78,99,6,29,41,42,61,69,91,2,28,79,4,45,46,70,83,3,35,45,52,4,5,42,50,54,4,27,87,91,94,7,5,20,23,27,29,32,84,3,79,87,91,7,33,57,61,66,70,84,94
10,4,39,41,42,98,3,35,78,79,2,20,91,3,2,8,22,4,8,30,42,84,3,3,8,26,2,21,39,4,34,46,62,70,2,43,70,3,4,7,70
9,3,5,80,84,1,61,3,45,66,94,3,65,90,91,6,0,25,27,64,70,87,4,23,70,75,98,3,0,52,89,4,26,42,49,52,2,4,24
7,2,52,91,1,91,2,28,91,1,91,1,52,1,35,2,70,98
5,1,75,1,46,2,52,93,1,23,2,8,89
11,2,5,75,1,70,4,2,11,35,94,1,67,1,44,1,72,3,2,23,70,3,5,66,71,5,34,45,46,54,91,2,4,23,1,45
9,3,3,33,34,4,2,29,69,70,3,17,28,75,3,62,84,94,3,0,27,89,3,54,62,70,5,4,26,27,43,54,5,27,42,46,84,90,3,70,82,84
10,4,17,29,76,91,3,20,37,64,3,27,52,57,3,5,49,76,1,70,2,61,91,5,0,5,27,52,88,3,23,70,98,2,8,75,2,4,52
10,3,20,29,38,1,59,7,27,28,33,61,81,87,98,4,3,62,70,84,6,45,72,84,91,98,99,5,1,2,17,73,90,6,34,45,52,62,64,79,5,6,18,41,70,72,5,34,35,62,70,91,7,1,2,6,33,45,54,61
7,1,90,2,2,34,2,45,52,2,32,84,3,50,52,93,2,0,65,2,5,28
10,4,3,27,33,94,3,23,61,90,3,23,39,69,3,44,54,91,1,86,3,27,66,90,3,22,42,83,2,70,91,3,34,50,73,2,8,27
7,1,22,1,61,2,3,69,1,17,1,17,2,5,6,2,75,83
12,1,45,2,4,92,3,3,67,70,3,24,79,87,2,8,76,1,72,2,75,97,2,59,97,2,23,93,2,27,91,2,2,98,2,50,91
5,1,8,1,54,2,5,46,1,0,4,19,29,33,52
10,3,8,90,98,1,98,4,14,50,59,67,2,17,24,1,59,1,17,2,45,68,1,29,2,27,98,1,91
7,2,23,62,2,5,29,1,78,3,34,44,70,1,91,1,27,2,27,61
6,7,3,29,42,46,67,75,90,7,8,22,29,45,54,57,70,8,17,20,29,32,50,66,89,91,7,1,23,27,42,50,68,72,4,17,20,67,88,8,34,39,44,61,78,84,87,94
7,3,20,89,91,4,0,17,28,87,3,17,32,83,3,3,8,27,3,27,75,98,3,5,23,91,4,8,34,44,82
7,1,54,1,91,1,91,1,77,1,45,2,5,27,1,27
11,4,34,52,78,91,6,27,45,46,50,52,55,4,24,45,46,91,5,1,49,50,52,66,1,7,6,41,42,50,57,60,98,2,2,78,4,27,46,67,72,6,8,10,33,39,70,91,4,22,33,35,61,5,6,50,65,67,91
8,4,8,18,69,91,3,42,75,89,2,50,79,4,2,16,34,91,3,35,45,65,3,11,31,71,7,27,45,70,75,90,93,94,4,35,42,83,84
11,1,45,1,27,1,29,1,47,2,72,93,1,35,1,59,1,94,1,35,1,67,1,8
6,2,78,90,4,26,39,91,97,5,2,27,28,44,72,3,21,34,61,5,30,34,46,52,95,4,24,84,91,93
8,3,61,84,91,1,28,3,5,61,79,1,49,1,45,1,49,1,6,1,66
9,3,33,59,84,6,8,42,45,50,61,89,3,33,57,59,1,69,6,2,23,39,59,70,91,3,45,71,93,3,32,79,91,2,69,89,3,34,41,54
4,2,4,91,2,13,41,1,85,1,70
6,3,7,29,70,1,28,3,52,66,89,3,10,27,64,4,1,50,70,79,2,34,97
9,1,27,2,7,68,3,5,22,91,2,39,70,1,33,1,29,2,61,82,1,27,2,2,29
6,3,27,59,75,3,2,3,64,4,3,35,39,70,3,1,91,94,3,20,50,99,4,8,23,55,59
3,2,34,93,2,39,91,1,45
8,3,23,32,33,4,27,28,72,79,2,50,84,4,22,32,38,69,5,1,8,25,39,91,3,79,90,98,1,70,3,34,45,91
11,3,2,20,94,1,98,3,56,62,75,2,89,91,2,6,45,1,46,1,17,3,67,76,84,4,1,45,57,91,3,32,61,72,4,3,6,64,91
9,4,24,27,52,71,3,26,72,87,3,70,76,98,4,2,23,46,87,2,59,70,2,8,32,2,2,69,2,29,32,3,2,20,91
10,3,8,91,92,5,22,24,38,63,91,4,3,5,49,93,4,2,5,57,78,4,17,26,27,98,1,84,4,3,20,56,61,3,34,61,98,5,9,21,64,75,90,4,6,24,45,67
3,2,26,61,2,75,91,2,8,61
9,1,45,2,71,99,5,5,45,54,66,78,2,20,29,2,20,23,2,3,91,2,71,91,2,27,79,2,0,72
8,6,2,14,54,61,70,91,3,70,75,89,4,3,69,89,91,7,1,32,42,61,84,97,99,3,77,90,98,7,24,28,43,46,50,65,94,3,32,45,91,5,30,45,59,79,87
12,3,1,8,27,2,22,59,6,17,33,34,73,87,98,3,2,52,94,2,2,7,4,27,28,42,91,4,32,78,89,90,3,10,26,52,4,2,42,52,82,3,8,20,61,2,50,91,2,28,29
5,3,8,35,67,3,17,62,71,2,27,98,3,69,72,90,2,37,59
6,4,2,62,70,99,2,24,94,4,11,20,59,90,3,8,39,91,5,30,50,52,66,98,6,0,5,8,61,64,91
12,2,61,69,4,23,27,35,67,4,17,45,75,84,4,20,23,28,93,5,26,45,52,61,90,4,27,56,75,91,2,30,47,6,5,14,27,33,54,57,4,1,33,39,91,5,1,28,45,50,70,7,5,17,29,33,46,63,91,4,28,67,91,94
6,1,95,1,19,2,46,84,1,83,1,76,1,1
12,1,70,2,61,63,2,45,80,1,56,3,2,62,90,3,5,61,70,4,34,44,45,83,2,25,91,4,27,43,54,94,3,24,56,75,3,22,91,98,2,44,72
6,2,46,91,1,76,2,41,90,3,5,52,88,2,14,91,2,70,75
9,5,32,54,62,75,89,4,59,69,76,92,5,2,7,62,70,73,5,2,5,62,78,84,3,5,19,23,5,5,49,52,57,93,4,27,34,45,91,6,17,33,59,67,70,91,7,3,17,39,42,45,61,94
7,1,1,1,54,1,61,1,3,2,32,80,1,91,1,5
14,3,1,33,65,2,32,56,5,20,45,69,75,78,3,5,71,90,1,3,2,3,94,4,2,39,67,78,1,84,2,20,61,2,44,52,4,11,45,69,97,3,46,70,89,2,59,83,2,29,66
6,3,5,24,34,4,28,30,52,75,1,87,3,27,52,59,3,70,83,84,2,61,89
14,3,35,76,79,1,91,1,34,3,23,27,70,5,2,42,46,61,88,2,8,94,2,45,67,2,37,42,1,45,1,27,2,5,84,2,6,79,1,2,1,17
4,1,83,1,70,2,30,91,3,17,27,39
7,1,84,1,39,2,23,91,1,61,2,42,94,1,64,1,61
5,2,2,38,1,70,2,59,67,2,3,27,1,94
14,3,2,39,72,3,56,91,94,1,91,6,16,23,28,42,52,67,3,54,62,70,3,61,65,67,2,39,52,3,5,75,82,2,61,78,3,45,49,70,5,2,19,22,44,61,4,5,91,94,98,2,7,57,2,19,49
6,4,2,17,39,72,1,56,2,42,72,1,3,1,45,1,91
5,1,27,1,61,2,1,5,2,0,50,2,42,54
10,3,3,41,80,4,17,62,90,98,2,8,59,2,35,49,2,2,17,3,34,61,70,1,84,3,5,52,56,5,10,27,62,70,93,3,22,39,61
7,4,17,20,64,94,2,14,26,3,39,45,61,2,70,91,3,7,19,85,3,52,72,91,4,8,17,65,80
6,3,23,45,52,4,50,54,83,91,3,17,34,94,3,8,32,44,3,39,75,82,4,10,35,91,94
8,2,34,39,2,7,91,1,78,4,39,41,82,91,2,23,76,2,5,45,2,85,94,3,5,22,31
2,1,72,1,28
14,4,2,8,42,50,2,29,79,3,70,75,91,4,19,24,54,87,3,61,97,98,3,2,35,61,6,1,27,59,67,68,94,5,2,3,5,24,84,3,17,20,27,2,45,54,3,34,39,94,4,6,29,63,79,6,33,69,72,81,91,98,4,3,8,45,65
8,4,5,33,70,89,8,8,17,30,46,57,66,87,91,5,8,25,34,57,79,3,17,42,66,4,2,5,17,70,2,1,91,4,2,19,27,62,3,1,8,34
7,3,42,79,91,4,5,70,73,98,4,8,72,79,91,7,4,45,46,57,61,66,70,4,23,45,70,93,3,3,29,79,2,25,35
11,2,29,91,1,70,3,1,8,69,2,20,79,3,17,49,91,3,33,54,67,4,14,27,54,87,1,39,2,19,70,4,22,27,70,91,4,2,70,94,95
