10,12,93,242,260,335,457,592,713,733,760,799,893,941,12,14,27,71,128,183,188,219,455,528,615,755,885,15,44,135,176,228,269,473,555,585,616,619,723,774,775,878,966,10,61,209,244,646,676,779,783,895,930,959,12,127,150,155,341,395,460,466,551,564,578,853,964,8,70,261,265,294,316,354,514,788,12,61,71,90,196,311,387,432,633,649,694,761,765,8,143,150,251,513,530,548,624,709,11,70,107,242,306,483,492,625,678,764,920,986,14,57,69,132,188,233,375,456,686,710,711,780,845,912,930
10,8,192,193,538,539,548,591,769,847,5,131,646,695,753,754,7,194,209,309,447,550,865,921,6,212,335,440,600,645,674,5,29,46,200,432,448,10,8,34,71,118,487,555,592,715,760,764,7,8,128,189,265,369,532,817,5,153,370,399,430,988,7,145,177,290,311,362,663,765,10,61,257,294,385,521,585,611,638,814,872
6,14,13,31,70,131,143,290,311,441,447,483,510,558,656,799,15,214,294,302,354,408,538,550,626,646,852,865,902,923,936,966,13,32,136,193,252,304,542,600,737,769,775,792,845,968,12,46,91,207,233,279,309,456,558,562,655,663,779,13,27,62,118,341,447,500,522,555,753,764,781,830,883,13,17,189,192,285,375,399,576,585,863,865,887,913,916
4,7,139,149,226,386,610,859,962,8,46,189,194,375,473,656,751,770,8,176,222,365,604,647,716,808,873,9,71,90,206,316,402,548,591,658,930
4,6,62,116,210,493,933,941,6,321,551,624,852,893,937,4,5,455,732,781,4,61,176,237,711
10,13,315,327,345,414,515,534,567,608,681,797,902,911,959,15,68,235,237,513,623,643,715,764,873,884,921,940,964,966,996,11,271,309,395,451,490,532,572,692,811,878,923,14,104,131,375,385,402,522,539,548,646,788,830,897,968,988,16,2,61,71,150,233,312,362,388,463,524,538,570,797,817,893,898,14,17,230,257,385,388,469,624,633,649,656,711,764,779,916,13,128,135,266,364,448,547,568,576,585,591,781,895,952,15,5,35,70,71,108,132,140,185,298,436,538,572,809,866,964,9,1,70,153,261,285,297,436,731,827,15,88,220,265,327,328,345,348,375,468,549,663,666,849,885,916
8,12,3,105,181,188,281,490,540,562,602,681,767,814,14,285,295,298,432,516,545,548,562,643,765,859,902,908,912,13,27,95,265,284,419,500,663,678,740,743,754,816,829,13,19,25,61,63,180,295,390,397,538,647,716,762,816,13,79,121,142,148,158,260,309,375,538,548,572,649,751,13,34,56,140,165,241,312,367,488,652,684,781,820,988,13,34,105,297,312,343,414,470,524,580,710,861,864,924,14,35,62,153,210,239,285,374,385,512,617,619,739,811,871
7,16,13,29,49,188,242,302,329,374,378,427,500,591,608,616,634,685,15,4,6,17,41,113,183,698,800,804,814,830,833,864,903,937,13,81,130,261,299,374,385,461,487,612,646,695,786,872,12,19,174,303,306,326,341,408,414,538,634,731,840,12,1,116,196,273,285,382,395,441,446,617,781,892,8,70,336,375,500,505,548,748,764,17,27,102,228,271,295,310,340,463,468,470,482,512,547,748,757,825,940
11,10,5,180,226,251,363,381,457,492,797,941,11,87,94,138,277,459,529,663,708,730,827,966,6,163,195,284,483,913,991,9,27,66,89,91,214,472,512,769,941,8,69,176,295,492,522,816,937,983,9,125,140,237,283,514,544,732,937,938,10,32,83,140,180,214,430,687,723,852,968,10,1,299,457,498,548,593,663,775,799,816,11,188,362,395,528,551,568,576,784,786,842,878,10,223,271,284,348,435,506,611,746,769,779,13,17,63,102,265,290,311,363,470,509,510,640,673,899
8,9,2,150,289,555,708,767,843,878,974,4,140,432,561,758,11,90,201,226,268,320,385,625,647,814,905,967,9,87,512,520,554,769,795,864,866,986,9,42,131,138,179,622,626,640,774,801,7,303,347,575,723,727,761,974,7,70,125,145,242,284,583,606,4,72,138,447,888
