36,3,7,72,75,2,22,91,1,20,1,78,2,27,81,3,8,27,75,3,54,70,75,3,70,94,97,4,61,62,78,93,2,2,61,1,23,1,57,3,5,19,91,1,63,1,17,2,10,62,3,27,41,91,1,46,3,27,61,91,2,5,24,2,41,79,3,57,70,95,4,33,70,79,91,2,5,27,5,8,17,27,56,63,1,8,2,27,91,3,4,27,63,1,52,4,33,66,67,91,4,5,49,70,75,1,61,2,89,91,2,35,79,1,59,4,3,5,50,73
30,4,20,33,72,90,2,8,22,1,78,2,22,49,2,22,84,4,33,34,49,57,2,1,70,5,45,57,61,80,90,3,17,45,69,4,10,45,50,91,3,45,56,61,3,11,57,72,1,3,4,8,34,54,61,6,23,29,30,34,52,90,2,8,66,4,27,89,97,98,4,17,29,34,91,3,4,14,54,3,2,6,20,5,5,20,68,70,91,2,5,61,2,39,45,5,2,15,22,42,89,2,82,91,3,5,27,66,2,27,59,3,1,2,75,3,20,29,91,4,27,52,61,75
40,3,3,41,72,5,22,46,49,67,90,3,25,45,59,2,44,54,3,5,14,59,3,35,57,91,2,50,94,2,57,66,3,52,75,89,3,1,35,61,4,22,42,67,79,1,72,4,2,17,19,45,4,5,22,45,59,1,79,3,34,87,93,5,1,24,45,61,91,3,3,97,98,3,4,8,79,2,5,8,3,21,78,80,4,23,32,72,89,6,2,29,33,35,52,91,2,7,94,1,89,3,44,59,95,2,70,91,3,1,27,90,3,17,42,78,4,61,67,70,79,2,5,6,3,45,56,62,1,90,1,27,3,34,45,79,1,56,3,6,29,86,1,54,4,1,22,29,91,2,59,61
29,3,5,42,61,2,4,91,2,52,84,1,91,3,5,61,62,3,8,39,92,3,63,70,91,3,19,29,91,2,52,66,1,84,2,70,98,3,17,26,91,3,59,64,87,1,79,1,98,2,27,68,1,39,6,33,36,39,42,79,91,4,10,34,35,39,2,0,45,4,8,24,54,79,2,35,91,2,34,46,2,6,17,1,32,2,27,52,2,1,2,2,33,89,2,19,69
22,3,5,91,97,2,33,52,2,0,25,2,70,91,1,41,1,36,3,27,62,91,3,2,5,67,3,1,25,66,2,45,99,3,3,27,54,2,8,54,4,5,59,67,91,1,27,2,39,56,3,13,45,90,2,57,79,2,54,81,4,29,61,66,84,1,5,2,5,94,2,56,98
23,1,13,1,2,1,91,1,35,1,91,2,8,49,2,0,42,2,17,84,1,54,2,61,70,1,5,1,54,1,76,2,70,84,1,70,2,4,68,2,46,61,3,11,34,35,1,8,1,70,2,43,62,1,27,3,29,35,56
26,3,8,28,61,4,8,52,56,91,5,3,19,35,64,84,5,1,7,19,50,76,2,35,87,1,71,3,2,40,66,1,59,2,7,66,4,2,28,42,88,1,49,2,29,61,3,2,5,27,3,5,45,90,2,70,91,4,19,27,66,91,3,33,42,49,3,52,56,90,2,45,91,2,20,48,4,50,54,75,90,3,19,26,39,2,17,79,3,2,20,91,3,3,42,91,3,45,57,70
21,1,38,2,44,62,1,70,1,90,1,45,1,70,1,50,2,72,87,1,41,1,61,1,1,2,82,93,1,22,1,8,3,5,34,39,1,1,4,17,33,62,70,1,45,1,34,1,85,1,46
21,1,2,1,81,1,70,2,17,83,1,54,1,20,3,5,49,93,2,69,70,1,27,1,2,1,79,1,0,2,34,50,1,52,3,39,45,52,3,5,46,91,2,29,44,3,2,5,79,1,35,1,75,2,2,91
20,2,5,19,3,28,39,45,2,2,93,1,29,1,10,1,11,1,7,2,42,59,1,78,1,98,1,19,1,27,1,33,1,77,1,13,2,20,45,2,34,72,1,84,1,50,1,61
