36,3,7,72,75,2,22,91,1,20,1,78,2,27,81,3,8,27,75,3,54,70,75,3,70,94,97,4,61,62,78,93,2,2,61,1,23,1,57,3,5,19,91,1,63,1,17,2,10,62,3,27,41,91,1,46,3,27,61,91,2,5,24,2,41,79,3,57,70,95,4,33,70,79,91,2,5,27,5,8,17,27,56,63,1,8,2,27,91,3,4,27,63,1,52,4,33,66,67,91,4,5,49,70,75,1,61,2,89,91,2,35,79,1,59,4,3,5,50,73
30,4,20,33,72,90,2,8,22,1,78,2,22,49,2,22,84,4,33,34,49,57,2,1,70,5,45,57,61,80,90,3,17,45,69,4,10,45,50,91,3,45,56,61,3,11,57,72,1,3,4,8,34,54,61,6,23,29,30,34,52,90,2,8,66,4,27,89,97,98,4,17,29,34,91,3,4,14,54,3,2,6,20,5,5,20,68,70,91,2,5,61,2,39,45,5,2,15,22,42,89,2,82,91,3,5,27,66,2,27,59,3,1,2,75,3,20,29,91,4,27,52,61,75
40,3,3,41,72,5,22,46,49,67,90,3,25,45,59,2,44,54,3,5,14,59,3,35,57,91,2,50,94,2,57,66,3,52,75,89,3,1,35,61,4,22,42,67,79,1,72,4,2,17,19,45,4,5,22,45,59,1,79,3,34,87,93,5,1,24,45,61,91,3,3,97,98,3,4,8,79,2,5,8,3,21,78,80,4,23,32,72,89,6,2,29,33,35,52,91,2,7,94,1,89,3,44,59,95,2,70,91,3,1,27,90,3,17,42,78,4,61,67,70,79,2,5,6,3,45,56,62,1,90,1,27,3,34,45,79,1,56,3,6,29,86,1,54,4,1,22,29,91,2,59,61
29,3,5,42,61,2,4,91,2,52,84,1,91,3,5,61,62,3,8,39,92,3,63,70,91,3,19,29,91,2,52,66,1,84,2,70,98,3,17,26,91,3,59,64,87,1,79,1,98,2,27,68,1,39,6,33,36,39,42,79,91,4,10,34,35,39,2,0,45,4,8,24,54,79,2,35,91,2,34,46,2,6,17,1,32,2,27,52,2,1,2,2,33,89,2,19,69
22,3,5,91,97,2,33,52,2,0,25,2,70,91,1,41,1,36,3,27,62,91,3,2,5,67,3,1,25,66,2,45,99,3,3,27,54,2,8,54,4,5,59,67,91,1,27,2,39,56,3,13,45,90,2,57,79,2,54,81,4,29,61,66,84,1,5,2,5,94,2,56,98
23,1,13,1,2,1,91,1,35,1,91,2,8,49,2,0,42,2,17,84,1,54,2,61,70,1,5,1,54,1,76,2,70,84,1,70,2,4,68,2,46,61,3,11,34,35,1,8,1,70,2,43,62,1,27,3,29,35,56
26,3,8,28,61,4,8,52,56,91,5,3,19,35,64,84,5,1,7,19,50,76,2,35,87,1,71,3,2,40,66,1,59,2,7,66,4,2,28,42,88,1,49,2,29,61,3,2,5,27,3,5,45,90,2,70,91,4,19,27,66,91,3,33,42,49,3,52,56,90,2,45,91,2,20,48,4,50,54,75,90,3,19,26,39,2,17,79,3,2,20,91,3,3,42,91,3,45,57,70
21,1,38,2,44,62,1,70,1,90,1,45,1,70,1,50,2,72,87,1,41,1,61,1,1,2,82,93,1,22,1,8,3,5,34,39,1,1,4,17,33,62,70,1,45,1,34,1,85,1,46
21,1,2,1,81,1,70,2,17,83,1,54,1,20,3,5,49,93,2,69,70,1,27,1,2,1,79,1,0,2,34,50,1,52,3,39,45,52,3,5,46,91,2,29,44,3,2,5,79,1,35,1,75,2,2,91
20,2,5,19,3,28,39,45,2,2,93,1,29,1,10,1,11,1,7,2,42,59,1,78,1,98,1,19,1,27,1,33,1,77,1,13,2,20,45,2,34,72,1,84,1,50,1,61
26,2,24,35,2,3,17,1,22,2,26,76,1,86,4,2,70,93,99,5,20,23,34,57,79,2,89,91,3,6,23,89,4,5,26,52,61,4,17,28,93,98,4,5,28,56,61,1,26,2,27,91,1,91,2,27,77,2,27,65,2,8,45,1,70,2,0,81,2,52,61,1,83,2,8,46,2,82,90,2,1,50,3,29,35,61
26,3,8,70,89,1,16,2,29,54,2,0,42,1,29,1,75,4,13,17,59,91,1,45,2,63,97,2,2,59,1,91,2,5,61,2,28,45,2,52,77,1,2,2,27,76,3,57,70,79,1,61,3,23,72,73,3,5,90,98,3,10,17,19,6,8,14,32,34,62,66,5,4,27,59,61,84,2,70,78,2,28,67,2,61,98
26,2,3,72,1,75,1,28,1,17,2,17,72,3,17,22,56,4,45,66,67,91,2,59,72,1,3,2,3,38,1,7,2,46,61,3,28,42,84,2,72,99,4,10,45,62,79,1,92,1,14,2,56,66,4,4,5,23,27,1,93,4,27,45,54,65,2,17,70,1,61,1,91,2,24,70,3,42,61,70
29,2,50,69,2,9,90,3,34,57,69,2,57,69,2,28,56,4,33,71,84,94,1,34,1,54,2,59,80,3,17,75,84,4,27,32,42,91,1,35,3,27,28,70,4,3,70,84,91,2,45,67,4,2,3,44,76,5,8,46,70,75,90,4,27,29,59,72,3,17,33,70,3,24,29,46,1,2,3,8,24,70,6,5,23,32,38,42,70,2,33,53,2,22,85,2,61,72,4,1,5,42,45,3,31,41,70,5,2,20,56,79,94
34,1,70,4,46,64,75,91,4,5,8,30,32,5,17,29,33,61,69,2,22,61,5,3,35,45,71,91,1,94,2,1,33,6,19,29,34,45,50,70,4,10,20,71,84,4,10,22,72,86,5,5,13,20,37,52,3,28,39,91,4,1,35,49,72,5,2,45,72,94,95,3,24,68,70,2,27,57,6,10,23,27,61,79,91,5,5,33,69,76,89,4,27,42,45,90,3,23,25,91,5,8,29,78,90,91,2,52,90,4,6,46,70,87,7,0,2,70,89,91,94,99,5,26,60,61,91,95,2,19,44,4,2,17,91,93,5,11,54,56,67,73,5,1,14,48,59,69,5,33,55,69,79,83,2,27,33,5,2,19,59,61,84,4,2,7,49,91
29,2,5,70,2,22,46,3,2,8,14,2,42,78,1,70,3,10,55,61,2,38,68,4,3,70,91,94,7,8,17,27,46,67,91,94,4,32,78,91,94,1,20,1,70,2,64,68,3,28,34,67,4,22,46,49,61,4,2,34,44,94,4,27,61,79,84,5,0,1,26,45,69,2,22,72,3,71,79,83,1,30,3,1,91,92,1,69,4,33,66,72,91,4,23,27,32,80,3,46,56,91,6,3,4,7,45,46,67,3,34,44,84,3,56,67,91
34,3,2,62,72,2,3,20,4,30,37,45,98,4,26,70,91,93,2,45,98,2,27,61,2,34,95,2,59,87,1,93,4,4,45,70,91,3,10,39,63,1,91,4,10,33,46,84,2,26,34,2,61,70,1,20,2,23,52,3,23,34,46,3,22,70,94,1,1,1,69,1,32,3,2,29,65,2,28,57,1,28,3,7,70,84,2,17,42,1,17,2,5,46,8,2,9,17,20,28,32,61,92,2,26,75,1,66,5,2,3,5,27,65,2,70,72
25,4,11,29,90,91,2,27,70,1,91,2,45,57,3,45,52,67,1,11,3,27,28,61,3,7,23,61,2,69,91,3,45,61,90,1,2,4,32,52,70,75,2,34,91,1,20,2,39,69,2,33,35,1,87,3,30,41,98,1,91,1,70,1,52,4,28,32,67,80,1,94,1,42,2,45,75
24,4,3,45,61,91,1,45,1,87,1,33,1,91,1,22,1,75,2,5,17,3,5,17,35,2,52,91,1,98,1,61,1,42,1,28,2,2,91,1,0,2,27,61,1,52,1,26,1,70,1,52,1,61,1,77,1,45
31,3,4,42,61,3,2,8,92,3,2,19,84,2,8,87,2,63,85,4,34,42,84,90,2,25,59,1,88,1,91,5,8,17,37,70,72,1,82,2,45,56,2,63,91,2,7,70,1,91,1,45,3,17,26,39,1,98,2,42,68,1,22,1,66,2,20,67,2,20,69,2,24,52,1,64,1,52,2,45,87,2,2,71,4,60,84,93,99,2,68,70,2,1,2
26,3,32,61,90,2,34,45,5,4,20,43,52,70,1,97,4,24,41,57,66,2,5,54,3,27,69,70,4,29,52,65,94,3,8,45,72,2,7,70,1,52,2,75,81,1,89,2,17,54,4,2,34,52,62,2,2,76,1,70,2,17,87,2,29,70,2,33,60,1,34,3,27,70,94,2,21,67,2,45,49,2,32,93,2,71,91
15,1,75,1,71,1,28,1,91,1,91,1,44,4,46,75,79,91,2,21,46,1,94,1,54,3,25,52,54,1,23,1,17,1,70,1,27
20,2,30,89,1,45,1,52,1,17,1,29,4,0,8,45,70,1,5,2,94,99,3,1,4,91,1,2,3,3,29,32,1,28,3,5,8,30,2,65,91,1,3,1,20,1,66,3,1,61,70,2,45,52,1,45
32,2,62,98,3,61,72,93,3,6,23,61,2,2,17,1,91,2,29,52,5,1,34,52,70,91,3,56,69,92,3,16,23,42,3,2,17,33,3,42,45,52,3,2,8,32,4,41,45,52,69,4,70,79,84,93,4,45,52,91,98,3,2,33,91,2,52,61,2,23,86,3,32,34,70,2,16,91,4,5,49,70,71,3,50,72,93,2,57,70,2,28,85,2,45,59,3,5,69,70,2,17,81,5,5,19,22,33,70,3,20,84,99,3,62,95,98,3,2,17,73,4,22,61,79,91
25,1,8,3,5,90,98,2,27,94,3,49,59,72,2,45,91,1,65,2,45,91,2,27,61,2,20,57,1,91,2,8,18,3,35,44,63,3,24,50,87,1,41,5,45,49,52,61,70,2,45,54,2,66,91,4,2,6,46,52,2,27,61,1,2,2,70,79,1,67,2,7,27,1,23,4,27,28,41,59
36,4,17,27,52,79,1,61,6,33,34,42,67,70,91,7,19,26,34,42,49,52,91,7,2,17,33,61,63,76,91,5,17,35,42,46,67,7,2,6,17,22,29,87,91,5,3,8,24,27,97,7,2,3,23,27,70,89,91,2,70,78,3,29,71,90,7,17,29,47,63,75,81,91,7,19,20,27,33,61,79,88,5,29,45,61,69,91,5,27,28,36,65,78,7,34,61,69,75,90,91,98,7,1,28,32,42,61,64,84,7,2,17,20,64,70,94,99,5,4,45,46,70,72,8,3,8,17,32,45,50,52,90,3,62,70,91,5,27,32,34,61,66,5,44,83,89,90,91,7,27,79,84,85,87,91,93,10,22,27,34,37,42,45,52,71,85,89,3,23,52,61,6,2,5,34,88,91,97,4,2,19,29,45,3,45,90,91,3,27,29,91,5,20,23,27,42,61,3,24,35,45,3,27,56,70,3,8,29,62,5,5,6,23,56,90,3,85,89,91
40,2,49,54,2,28,54,6,19,23,56,70,78,91,4,40,46,50,68,6,3,17,23,29,49,94,3,32,39,45,1,68,3,23,28,70,6,8,22,54,70,75,79,1,57,6,6,19,56,77,91,95,2,61,70,3,45,79,91,4,22,27,56,89,3,19,70,79,3,5,47,92,1,61,5,20,32,42,59,86,1,22,4,17,19,29,63,3,20,22,61,5,42,45,73,90,94,4,7,42,69,94,5,17,27,45,91,94,3,15,24,35,2,56,71,1,78,5,8,31,38,72,94,3,17,33,94,4,31,72,83,91,1,78,2,72,91,5,8,27,53,61,72,2,41,70,4,2,17,31,72,4,1,32,72,85,4,27,33,45,78,4,20,22,49,56,6,20,27,28,61,69,91,5,14,42,67,89,90
34,3,20,27,59,1,38,3,48,52,78,1,91,1,46,1,98,5,6,41,45,50,90,3,46,52,54,2,2,35,2,2,91,2,33,84,1,52,2,70,72,1,17,3,17,63,80,2,4,34,1,94,3,50,70,93,1,61,4,8,28,39,63,1,91,1,33,3,45,50,65,2,78,91,2,24,67,4,28,45,54,98,1,29,2,59,87,1,61,1,28,4,7,66,79,91,4,8,34,61,91,1,59,3,3,45,87
32,6,27,33,34,70,81,91,3,24,28,97,3,45,46,90,2,2,70,4,24,41,66,78,2,25,70,5,33,52,59,90,95,5,23,44,70,75,90,4,6,27,44,62,5,42,57,65,75,79,2,20,29,3,34,54,86,4,4,27,42,91,6,2,36,45,61,78,90,3,8,44,65,2,39,95,6,20,27,42,45,79,98,5,3,8,48,56,91,4,33,34,52,59,3,23,27,56,3,1,17,91,3,41,57,91,5,2,5,27,55,78,5,27,32,54,69,79,6,3,22,49,57,62,75,2,33,90,4,16,23,42,79,5,29,33,45,88,89,4,17,28,50,73,4,33,34,64,91,5,1,27,44,56,61,4,6,24,52,90
29,6,5,22,52,69,91,94,1,62,1,57,7,8,33,34,44,56,75,95,4,25,39,43,70,7,39,56,57,62,66,82,92,5,45,52,55,80,99,4,2,17,52,99,4,2,59,75,90,4,31,42,62,70,4,7,61,78,84,2,39,61,4,17,61,70,86,4,4,45,52,94,2,27,70,5,8,21,33,49,59,4,17,23,97,98,6,1,6,8,44,50,91,4,5,17,23,61,4,3,32,92,98,5,8,18,46,79,87,4,17,22,72,95,5,5,35,61,84,91,1,90,5,3,27,72,79,91,4,17,61,75,84,4,2,39,45,52,4,23,32,70,97,1,65
25,3,23,94,98,6,17,33,34,46,67,91,4,24,56,67,90,4,8,54,64,77,6,16,20,23,42,49,57,5,2,3,4,8,87,5,1,20,56,91,95,4,32,45,83,92,3,46,70,91,4,8,35,45,91,4,8,17,29,91,4,22,23,27,52,1,2,4,8,30,90,91,1,42,3,2,90,98,5,17,27,54,66,67,4,62,68,84,90,4,29,32,89,94,1,29,4,33,45,69,89,7,7,16,45,49,59,90,91,4,27,59,62,70,4,2,70,76,93,5,22,24,27,41,57
21,2,27,61,2,27,65,1,32,1,78,1,34,1,46,1,45,1,43,1,91,1,20,1,54,4,28,56,81,94,1,22,1,2,2,52,72,1,27,1,29,1,91,3,5,34,42,2,22,33,1,98
27,2,0,62,1,49,2,8,94,1,91,1,27,2,5,41,4,5,13,45,54,2,22,93,3,22,34,69,4,17,54,94,99,2,42,94,2,76,94,2,2,72,1,5,1,52,4,10,29,35,91,1,70,1,61,3,32,34,46,5,13,20,23,52,56,4,45,62,66,91,1,8,2,8,19,2,28,93,3,29,32,54,5,0,3,59,72,91,3,54,61,87
39,3,13,27,45,6,0,50,52,54,55,89,5,14,29,52,83,99,6,5,27,28,56,70,84,4,2,44,45,54,3,37,52,66,3,15,23,87,3,5,78,91,3,5,54,79,5,22,32,62,75,91,2,6,36,4,6,27,28,44,2,75,84,2,6,20,4,5,7,70,91,3,5,28,66,4,30,42,52,91,3,23,55,70,2,33,91,4,5,11,42,90,6,2,3,5,39,46,61,8,6,22,61,70,83,84,91,95,2,54,89,1,2,5,8,54,70,87,98,4,2,8,14,70,3,61,70,78,6,5,34,46,69,70,91,4,12,23,27,72,4,27,52,78,91,4,8,44,45,83,8,5,17,23,28,50,56,76,79,2,34,35,4,8,37,45,81,6,27,42,56,66,72,88,6,2,8,20,35,44,91,3,5,23,45,2,75,98,2,49,61
30,4,42,45,52,69,1,80,1,78,1,28,1,78,2,30,98,3,33,38,98,1,57,1,61,1,29,1,65,2,68,91,2,46,75,1,94,1,47,2,84,91,1,89,2,5,91,1,2,1,1,4,24,59,81,97,2,20,91,1,34,1,6,1,2,1,33,1,49,1,62,1,46,1,61
25,7,1,18,27,29,34,42,87,5,5,45,78,91,93,3,27,32,84,5,2,17,19,37,75,6,8,20,45,75,76,91,7,2,8,17,19,72,75,90,6,3,7,29,61,89,91,6,34,46,66,67,82,91,7,5,8,23,42,46,70,89,5,2,33,70,83,91,5,0,5,24,61,98,5,5,17,20,28,91,7,8,17,22,24,67,73,84,4,27,42,52,71,5,1,52,70,91,98,6,5,24,41,66,70,84,6,2,22,25,26,28,90,7,2,8,27,37,45,89,91,4,10,45,70,72,9,1,3,5,10,17,19,42,45,98,5,2,45,46,82,91,4,30,70,91,98,2,45,87,5,4,8,39,52,91,2,45,52
31,6,5,39,41,70,84,90,8,22,27,46,56,67,71,78,98,7,5,20,23,27,70,81,91,3,5,61,72,3,2,8,79,3,29,42,61,4,2,10,27,39,3,23,29,91,3,2,27,61,4,29,32,91,93,3,34,78,79,5,34,35,42,44,52,4,20,27,44,90,2,42,46,7,3,5,7,30,61,69,91,3,32,83,84,3,32,56,61,3,35,59,89,1,82,2,79,91,3,7,28,52,3,28,45,91,6,24,35,49,57,62,80,2,13,20,1,50,3,45,83,95,3,38,90,91,2,23,90,3,26,78,84,2,29,44,2,42,61
31,3,6,76,98,3,54,70,98,2,8,52,1,84,4,34,45,67,86,4,29,42,50,93,4,2,67,70,91,1,17,1,45,5,24,45,49,68,79,4,2,26,37,91,3,22,27,90,3,23,78,84,2,73,94,5,6,20,70,72,91,1,33,2,3,35,5,30,43,61,91,94,2,64,70,6,8,20,29,45,50,91,4,3,79,90,91,1,46,2,2,77,5,0,17,42,62,84,3,3,27,52,2,45,70,3,29,34,45,4,20,26,43,59,5,30,45,52,70,91,3,1,2,91,2,29,33
34,3,16,78,94,1,5,4,5,28,42,57,4,41,70,84,91,5,27,30,39,52,91,5,11,29,57,66,91,1,5,2,1,45,1,5,1,70,3,20,23,84,4,2,26,42,67,1,56,4,5,8,27,91,1,42,4,2,37,91,92,4,2,44,59,90,2,45,91,4,22,24,45,91,3,70,84,91,3,2,3,84,3,2,62,94,3,19,56,72,3,70,71,95,3,17,27,35,1,98,3,20,72,91,3,5,28,83,3,29,35,44,4,2,26,29,45,4,2,45,91,97,5,27,29,49,56,61,7,6,22,33,42,45,86,91,4,34,41,62,98
28,2,70,72,2,33,95,3,61,70,91,2,27,45,1,61,1,56,2,45,69,1,90,3,41,45,72,4,3,46,50,91,1,67,1,84,3,3,42,84,2,8,91,1,46,1,69,3,24,49,91,1,48,3,54,66,94,2,39,79,2,4,59,2,41,91,2,8,66,3,8,46,84,3,33,79,91,4,42,56,79,98,1,59,5,2,39,45,65,79
20,1,45,2,20,78,4,17,45,97,98,7,0,2,3,17,52,69,70,1,17,3,23,67,70,1,89,3,34,45,90,2,2,70,1,62,2,52,91,2,42,54,1,45,3,2,57,91,1,27,7,5,35,49,52,56,91,93,2,66,73,4,8,22,26,61,2,8,27,2,13,45
30,3,17,23,42,4,4,34,71,91,3,13,17,71,2,17,46,1,52,1,23,6,42,61,68,70,84,91,1,1,4,19,29,70,91,2,17,52,2,59,89,1,66,6,10,25,26,27,62,91,2,2,91,2,3,93,2,50,52,1,77,2,27,52,2,1,22,2,23,56,1,5,2,11,90,2,5,52,1,42,3,29,67,70,2,8,56,1,17,1,8,1,45,2,45,79
31,2,52,70,4,37,45,79,97,2,26,70,6,8,49,55,65,70,84,3,52,59,87,4,10,23,45,46,4,5,16,23,54,5,20,54,55,57,89,9,3,17,26,35,45,63,69,70,95,3,1,54,57,2,70,84,3,11,32,84,6,2,19,27,45,70,93,5,61,64,69,70,87,5,2,13,36,61,91,5,17,45,75,90,91,1,91,3,0,16,94,4,5,17,20,21,4,2,32,84,94,6,28,56,61,68,84,91,3,6,17,22,4,0,41,70,91,3,50,71,85,1,90,3,2,8,27,4,23,27,70,94,5,35,61,64,69,90,2,2,20,5,27,30,61,70,95,2,8,45
26,2,20,70,2,28,62,3,45,50,93,2,72,79,2,61,91,4,45,61,64,91,1,2,2,5,8,1,27,2,3,61,2,45,57,1,45,1,24,3,26,75,76,3,23,33,34,2,26,52,1,0,3,2,35,59,2,22,45,4,1,24,27,52,3,45,62,93,3,27,66,84,3,49,66,91,4,5,8,19,46,3,0,57,75,4,27,34,63,90
34,2,45,46,2,8,69,3,4,5,8,2,54,99,2,79,84,3,57,67,69,2,35,76,1,27,2,66,91,2,0,2,2,45,75,2,46,95,1,84,3,1,79,94,1,68,1,22,1,91,4,5,17,56,84,2,26,61,2,42,45,2,72,75,2,62,84,4,28,45,78,90,2,1,52,2,41,76,2,0,57,3,42,43,61,2,2,39,1,19,2,23,91,1,79,1,50,2,30,90,1,21
13,1,17,1,54,2,17,94,1,16,1,99,1,43,1,8,3,27,28,91,2,3,5,1,94,2,3,38,1,14,1,5
24,3,23,56,75,4,23,30,33,94,4,10,61,84,92,4,5,23,52,70,4,45,50,83,93,7,5,17,28,61,68,79,87,4,24,29,63,70,6,2,4,7,56,59,79,5,1,28,49,70,86,4,2,22,45,52,3,39,46,70,4,22,27,72,91,2,24,61,4,8,29,73,84,4,41,70,72,84,3,10,84,91,4,5,73,79,84,3,5,8,50,4,22,32,34,98,6,5,6,8,33,34,52,5,42,72,79,84,91,3,5,10,52,3,54,68,98,4,17,54,75,84
37,6,5,26,32,70,90,95,8,2,21,27,36,54,70,90,93,7,3,22,34,45,49,64,83,4,5,20,61,90,7,3,17,35,42,45,81,93,5,2,44,52,67,98,4,0,8,17,84,2,16,34,4,27,79,84,91,3,8,25,46,2,35,61,1,42,6,28,43,46,61,65,93,5,23,29,33,79,94,4,54,62,93,94,2,10,46,7,22,27,29,44,52,90,98,1,33,3,22,46,52,1,27,3,24,69,79,2,35,91,4,17,34,91,97,5,20,45,69,91,98,4,8,11,80,94,3,56,69,91,4,26,52,62,90,5,61,62,63,84,91,4,2,27,52,91,4,5,42,91,98,4,8,27,45,52,4,6,8,10,64,7,2,17,23,27,28,91,93,1,8,2,0,87,4,2,42,44,79,4,28,37,63,70
12,2,69,70,2,8,43,1,23,4,20,59,84,91,3,5,46,90,2,2,91,2,2,91,2,2,3,1,70,3,33,34,45,1,76,4,29,33,52,99
29,2,52,54,3,27,28,91,3,45,84,92,5,3,34,56,84,91,4,45,47,50,84,3,17,70,91,3,2,29,70,2,25,70,2,24,45,3,34,42,91,3,56,71,87,4,2,3,40,91,3,3,45,99,2,24,79,4,8,18,29,45,3,20,28,80,3,5,6,97,1,27,2,32,87,2,2,27,4,28,78,90,91,2,3,25,2,17,98,1,91,7,2,27,34,42,45,90,99,3,35,90,91,3,17,28,72,2,70,79,3,19,89,91
17,1,7,2,70,93,1,91,1,35,2,39,70,1,34,1,23,2,42,84,1,45,1,13,1,61,1,46,1,64,1,29,2,39,45,1,27,3,5,70,91
23,3,17,61,93,4,5,19,29,52,7,3,27,32,33,41,80,83,8,5,33,35,61,70,71,76,87,8,3,17,28,45,54,71,83,91,5,8,26,30,34,39,4,3,17,27,63,6,23,33,52,54,57,99,2,1,5,4,4,26,67,83,3,3,27,91,7,3,5,17,29,45,66,99,5,8,23,62,66,94,2,48,50,4,19,27,34,91,9,1,10,11,23,24,35,70,76,91,3,56,65,98,2,75,97,3,48,56,89,7,1,2,4,23,25,34,57,5,29,49,56,70,72,5,1,29,30,39,84,7,5,20,32,64,70,76,91
24,5,3,35,56,70,71,1,34,1,72,2,26,52,4,34,59,91,97,3,2,33,43,2,70,91,5,2,5,63,79,90,2,75,76,2,62,89,1,54,3,0,27,87,4,20,27,34,45,1,35,2,70,75,2,57,62,7,8,35,46,70,75,79,91,2,37,45,2,8,61,2,5,17,2,24,91,1,72,2,45,91,2,8,67
21,2,91,98,1,8,2,32,61,1,73,5,8,44,61,70,75,1,18,1,34,2,28,70,4,42,61,68,91,1,17,5,10,17,35,54,90,1,2,2,27,70,1,3,3,45,70,98,5,23,24,59,82,91,1,68,5,39,41,63,70,97,1,68,2,8,99,1,51
20,1,45,1,84,1,52,1,5,1,38,1,85,3,65,69,70,1,87,1,42,2,20,80,1,47,1,72,2,78,79,2,49,67,1,91,1,79,3,3,10,17,1,34,1,90,2,64,75
17,3,38,70,91,4,13,27,54,90,1,70,2,54,70,1,82,2,7,87,2,80,91,1,35,1,35,2,0,2,2,45,52,1,49,1,50,1,26,3,8,61,87,1,5,3,13,42,90
29,4,13,45,62,73,9,5,20,27,28,29,34,75,80,81,6,2,8,17,49,70,94,4,2,49,87,94,6,1,7,14,42,50,84,7,22,32,56,62,78,83,89,3,1,56,97,3,42,72,88,7,8,17,35,46,62,95,97,6,1,20,71,79,87,91,8,1,5,49,57,75,91,93,95,5,27,45,61,70,94,4,29,46,63,66,8,0,2,5,42,50,54,66,69,5,5,22,44,53,61,7,0,13,39,41,52,84,94,4,10,27,35,79,3,19,90,99,6,8,17,45,54,56,91,8,2,5,35,54,56,69,89,91,9,29,32,33,61,67,70,72,89,98,6,5,7,28,46,70,90,8,4,45,52,59,61,66,70,91,6,8,39,46,54,57,90,7,3,8,17,18,29,39,90,4,28,61,66,67,6,29,39,61,68,70,94,6,5,17,27,66,72,87,5,17,28,30,45,98
17,1,69,3,8,17,28,2,24,91,2,27,70,2,46,84,2,45,61,4,4,34,91,98,3,42,62,70,3,17,35,91,3,0,8,97,2,27,91,3,18,35,44,2,23,78,3,32,70,84,2,27,66,2,1,76,2,29,72
34,8,2,3,5,19,29,32,93,95,6,3,8,35,54,55,89,5,8,19,35,70,92,3,19,27,34,4,17,61,70,89,6,27,41,45,50,56,91,7,2,5,27,45,61,75,94,6,17,32,63,69,91,94,3,27,35,70,5,15,42,69,75,91,5,8,34,75,82,99,3,20,61,94,6,17,70,72,75,84,86,9,8,11,17,26,56,61,64,66,70,4,28,35,61,71,7,5,8,17,26,46,89,94,6,11,23,25,28,35,67,8,1,2,17,27,45,64,71,98,6,2,3,22,27,40,81,4,52,61,83,91,2,17,70,3,3,10,95,7,8,17,33,45,46,50,91,5,3,46,49,61,91,6,45,52,63,69,83,87,3,5,61,70,3,29,59,61,3,30,32,46,3,45,54,90,5,10,28,29,62,90,2,59,97,2,26,42,5,50,55,90,91,97,5,24,27,28,75,91
23,5,34,59,71,84,91,3,2,45,76,5,8,18,28,50,63,2,70,87,7,5,22,44,52,69,78,91,8,20,28,34,35,46,52,66,93,5,3,24,46,72,90,5,4,62,80,89,98,7,5,6,8,23,26,52,84,2,42,91,6,30,62,69,71,75,91,7,5,35,45,48,52,70,91,3,42,45,78,8,1,16,30,52,67,79,83,89,7,2,27,28,33,62,64,94,5,10,27,52,91,94,3,64,79,91,2,1,27,5,3,17,27,61,70,3,2,27,91,5,5,18,30,39,68,7,5,27,45,50,56,80,91,1,91
15,2,16,82,4,37,42,48,56,2,29,70,1,79,1,34,1,27,1,72,1,3,2,29,91,2,27,46,2,59,61,1,91,1,90,2,20,78,1,94
32,2,28,86,1,32,1,90,2,82,93,4,2,91,94,98,2,20,91,3,29,32,39,4,17,27,33,91,2,19,83,4,29,45,62,84,2,45,70,2,29,61,2,65,67,2,56,91,2,45,91,2,62,64,2,39,54,2,6,90,2,1,84,2,2,91,1,52,2,17,59,1,34,3,6,43,91,2,2,66,3,27,91,98,2,2,27,3,20,72,85,1,99,2,2,27,2,7,79,2,6,91
28,4,29,34,39,90,6,2,8,29,39,48,70,5,2,19,45,50,61,4,34,42,61,70,4,39,46,54,70,2,61,75,4,28,45,67,82,2,10,27,3,17,28,90,4,49,63,78,83,3,1,32,71,4,27,42,89,91,4,20,56,72,91,5,22,70,83,90,98,5,8,17,20,27,84,4,50,52,90,98,1,7,4,5,13,63,78,6,2,4,5,17,45,70,3,45,56,70,4,20,30,39,91,8,0,27,28,41,66,70,83,91,3,23,57,91,4,42,45,75,97,6,23,34,48,54,62,72,2,91,98,4,1,59,84,98,4,70,71,83,89
26,3,3,17,66,4,5,45,61,78,2,46,70,3,27,41,91,2,1,75,2,28,91,3,16,54,77,1,62,1,22,2,22,62,5,0,5,27,28,42,2,8,35,2,17,29,2,2,10,1,66,1,91,1,52,3,17,70,91,2,27,48,2,23,46,2,52,93,2,23,26,1,30,2,42,84,3,49,69,91,3,27,29,49
30,2,8,72,1,30,3,7,72,82,4,33,34,45,91,2,34,61,1,27,3,0,42,61,3,78,84,85,1,61,2,8,90,2,28,90,3,11,66,90,1,27,1,17,3,20,22,46,3,35,66,93,1,42,1,23,3,17,82,90,2,2,67,2,1,45,1,2,2,27,91,2,37,45,1,22,1,45,4,26,27,43,72,1,72,3,10,36,54,2,54,91
30,4,24,61,67,79,4,5,27,45,56,3,17,32,78,7,23,27,45,54,81,87,95,3,70,84,93,7,3,23,27,30,46,66,70,2,0,91,5,17,23,33,39,87,3,2,39,78,3,45,59,94,2,38,59,2,17,20,3,21,32,91,3,45,61,79,5,3,49,54,71,91,5,1,32,49,57,98,7,45,54,55,71,75,89,91,4,21,71,84,91,5,3,10,19,29,70,7,22,35,42,50,62,94,98,4,1,19,29,75,4,8,17,37,42,4,27,61,90,98,1,91,5,8,35,64,66,91,5,6,7,45,50,91,4,5,39,45,75,1,99,4,8,28,33,42,4,23,64,78,91
18,1,80,1,33,1,56,2,70,98,1,31,1,90,1,87,1,27,1,64,1,3,2,61,83,3,27,67,91,1,13,2,22,84,1,20,2,32,70,2,3,59,2,28,67
24,3,61,68,78,2,70,91,6,2,22,42,44,67,94,3,3,90,91,4,41,61,85,87,5,8,41,68,90,92,4,28,63,69,91,4,2,66,91,93,4,14,37,42,70,1,27,2,1,66,7,17,45,67,75,90,91,98,4,8,28,59,70,6,26,28,62,66,78,80,3,46,65,70,2,17,91,4,8,17,26,42,4,5,61,80,98,5,22,33,42,79,91,3,56,61,91,4,8,15,70,84,4,8,29,52,90,2,22,24,3,64,69,79
25,2,3,5,5,17,70,72,87,94,1,94,2,80,98,2,34,70,2,27,41,2,0,17,3,7,70,84,3,1,43,50,1,27,4,16,25,59,62,1,27,3,46,70,98,2,0,45,1,61,2,70,91,1,42,2,17,55,4,1,42,44,84,2,24,61,2,3,70,1,45,1,11,1,8,2,5,23
26,2,50,62,4,4,6,70,79,1,62,2,5,54,1,59,2,45,91,2,13,49,2,70,75,2,23,91,2,77,78,3,33,34,50,4,45,57,62,65,2,22,56,3,5,56,57,2,61,91,4,2,34,54,57,1,27,2,54,59,2,46,98,1,23,1,91,4,0,33,59,68,1,17,1,72,3,7,45,52,4,27,62,64,75
22,3,83,87,91,4,0,3,20,52,4,2,27,30,57,5,8,27,49,90,91,1,52,4,3,24,34,68,2,6,33,3,6,42,82,4,8,14,42,54,3,5,52,91,5,37,66,70,75,91,2,52,70,4,23,30,76,91,4,29,33,70,78,2,2,91,1,61,5,20,22,45,49,98,5,0,22,46,56,87,3,39,87,91,4,28,35,62,91,4,8,56,70,91,3,48,49,50
25,3,1,19,44,1,91,2,38,46,2,61,66,4,34,44,71,87,4,7,52,70,84,1,62,2,8,19,1,90,3,61,87,91,2,22,28,4,5,24,66,92,2,24,34,1,94,2,29,72,3,8,27,94,1,54,2,1,25,2,66,75,1,90,2,49,62,3,88,91,97,3,27,75,91,4,45,59,70,84,3,50,61,73
26,6,1,5,45,50,84,93,3,29,45,70,2,48,91,2,20,30,2,17,94,2,64,78,1,91,4,8,27,84,87,2,60,99,3,2,8,65,2,7,56,2,20,54,2,66,70,4,17,24,52,65,5,5,23,45,49,93,3,8,16,52,5,5,32,33,34,66,3,45,67,90,2,18,52,4,27,45,66,98,3,22,27,65,7,8,23,27,34,44,46,70,1,54,6,23,46,67,72,91,93,3,7,42,49,3,1,32,64
25,3,34,87,91,5,14,42,64,87,90,3,22,52,70,5,25,29,61,91,99,4,25,45,89,98,4,0,17,42,45,3,10,17,49,5,2,34,83,91,97,5,33,45,68,72,79,9,1,3,35,54,65,69,70,75,89,4,29,70,92,98,2,34,83,4,27,32,79,91,2,49,91,6,7,27,33,59,70,91,2,0,91,4,39,45,61,79,2,1,90,3,24,34,70,6,5,24,27,33,71,99,5,23,57,90,98,99,3,3,61,98,2,41,98,4,42,70,72,85,6,26,34,59,61,66,70
28,5,27,34,41,43,70,3,45,78,79,1,2,3,29,42,61,2,4,70,2,45,63,2,35,72,1,99,3,3,8,50,3,42,61,83,2,69,91,1,52,1,28,6,28,46,69,70,91,94,3,71,79,87,2,7,66,2,45,91,1,83,2,26,69,1,20,4,5,29,39,54,2,3,42,2,5,91,2,23,27,2,61,84,3,3,70,79,2,34,91,1,84
28,4,2,22,23,94,2,70,91,4,22,59,70,72,2,41,66,2,5,84,6,20,27,42,72,93,98,2,8,84,3,64,70,87,1,46,2,11,35,3,42,61,91,6,2,34,52,78,84,93,1,23,4,0,25,27,35,3,45,49,84,1,91,4,21,39,54,66,2,4,45,2,46,80,2,26,52,4,8,46,52,89,3,4,89,98,3,29,42,89,3,24,61,94,4,38,46,70,94,4,7,23,70,84,2,45,52,1,29
24,4,2,5,39,75,3,33,34,54,4,5,49,76,91,2,46,70,1,52,7,23,28,29,52,57,70,91,6,2,4,44,84,89,94,5,5,23,29,70,71,4,8,62,70,81,3,20,37,82,1,61,4,49,54,64,75,3,0,8,41,4,2,26,27,50,3,27,59,94,4,27,62,67,70,1,91,2,43,45,3,1,76,91,1,98,4,22,25,27,83,1,0,2,27,54,2,2,98
35,4,8,29,91,98,5,8,39,45,67,76,6,20,22,23,70,81,90,7,27,29,38,52,62,79,84,4,2,27,33,91,4,2,52,67,86,4,24,33,59,98,5,8,34,35,50,93,5,28,32,84,90,99,6,45,54,62,84,92,97,4,46,52,63,78,3,27,45,70,6,3,14,34,59,78,94,7,3,45,61,65,70,73,87,4,5,17,23,45,3,17,32,98,5,4,29,46,62,64,4,42,61,87,89,5,2,70,84,87,91,3,24,54,61,5,3,45,69,71,72,8,0,1,6,27,45,59,90,91,5,17,45,50,83,93,6,0,17,22,35,50,98,3,19,23,34,3,52,66,72,6,28,41,50,64,73,91,7,28,61,63,70,75,91,97,8,27,44,59,62,70,79,91,94,4,2,23,33,94,6,1,8,27,52,68,83,5,5,27,61,89,98,6,3,5,6,20,91,98,8,27,50,70,72,75,79,86,91,4,22,26,35,50
27,4,0,5,17,89,1,68,1,59,1,45,1,88,2,67,91,1,61,1,83,2,17,61,1,20,3,8,17,32,1,29,1,97,1,50,1,91,2,1,66,1,27,1,90,1,17,1,8,1,42,2,22,78,1,5,1,87,1,81,2,39,98,1,82
26,2,70,91,2,54,91,2,34,52,1,50,4,52,55,81,99,2,7,70,3,41,67,70,2,27,50,1,27,1,45,1,46,2,66,70,3,1,49,91,4,27,57,60,72,1,77,3,10,38,50,1,22,1,45,1,35,3,5,42,98,4,2,27,67,78,4,39,42,90,91,2,33,70,4,8,33,65,67,1,91,3,50,59,61
28,2,78,91,3,8,18,89,2,79,97,6,2,28,45,57,72,93,8,22,26,27,59,70,84,91,93,3,69,84,90,3,52,71,79,2,2,42,5,35,44,59,72,91,3,27,45,91,3,21,42,70,3,75,91,94,2,61,87,2,50,62,3,29,38,52,3,11,33,70,3,34,44,61,6,16,34,46,70,93,95,3,24,35,65,3,27,28,35,3,8,45,65,2,83,91,1,31,3,30,75,90,2,0,6,2,27,84,1,17,5,42,45,46,71,84
13,2,4,91,1,33,1,27,1,50,2,13,70,1,49,1,59,1,69,2,70,91,1,91,3,32,42,85,2,34,54,3,17,22,66
30,5,8,34,40,68,93,5,5,22,50,52,70,2,23,27,6,28,32,39,72,79,91,3,20,45,64,3,7,29,45,5,28,39,70,75,90,3,3,27,57,4,2,33,45,89,3,5,16,84,1,91,1,70,3,38,69,91,4,10,17,22,82,3,3,10,91,2,50,64,3,3,8,35,1,91,4,50,59,61,79,2,27,99,3,1,25,39,5,1,33,45,59,98,3,2,70,79,2,23,70,3,20,50,69,3,29,34,49,2,34,69,3,2,29,97,4,52,91,94,98,3,1,27,45
18,4,22,24,70,71,2,27,57,4,3,24,26,87,2,5,46,6,2,23,32,61,84,94,3,6,61,84,4,52,69,78,98,1,98,5,9,64,67,76,98,4,21,45,57,89,4,2,20,70,91,6,6,45,46,59,62,87,4,8,32,45,91,4,2,67,72,91,1,2,3,2,45,63,3,17,46,91,5,44,52,75,79,90
32,3,2,70,99,1,61,3,8,71,92,2,5,78,1,56,1,14,2,45,61,1,91,3,63,72,91,3,3,69,94,2,81,89,4,5,49,93,98,4,8,66,75,91,2,52,75,2,20,71,2,24,50,2,2,29,1,87,3,30,44,61,1,45,2,8,99,2,26,32,4,2,42,46,90,3,0,45,61,2,32,61,3,54,61,72,3,23,30,91,2,24,34,3,27,70,79,3,20,23,91,2,23,90,1,50
28,7,27,33,34,52,59,70,71,5,27,35,45,83,90,3,27,62,84,3,7,8,67,4,1,59,61,99,4,1,2,47,59,4,35,67,70,89,3,17,32,89,4,1,28,61,63,5,52,66,90,94,98,8,20,46,52,56,64,75,87,98,6,1,17,43,52,65,73,5,8,70,72,90,91,4,50,52,61,72,4,22,37,46,91,3,26,42,56,3,42,62,82,2,52,67,1,2,4,50,62,75,84,4,8,17,20,27,2,33,91,5,2,5,32,94,99,2,52,91,4,59,78,90,91,4,2,28,29,45,6,0,1,28,46,50,93,6,8,10,30,54,59,61
27,5,45,46,90,91,95,3,5,88,89,2,75,76,4,19,61,63,70,3,35,56,91,4,26,27,61,69,8,5,22,27,41,54,66,70,72,3,5,41,69,5,2,44,45,52,86,4,5,8,23,45,3,28,52,80,2,62,69,5,27,46,57,70,84,6,14,20,23,33,61,70,4,5,17,26,90,5,24,42,56,75,83,5,2,27,28,70,75,5,33,34,67,91,98,5,34,54,76,81,91,5,17,29,72,82,91,5,5,14,17,54,92,3,27,45,59,4,2,43,76,91,4,52,61,64,78,6,22,39,45,50,79,91,4,3,28,70,91,5,1,32,61,91,94
23,4,1,3,73,94,4,25,62,73,91,4,6,23,61,66,4,33,43,59,65,5,1,5,54,62,78,2,3,45,3,20,56,70,3,17,20,69,3,57,80,89,3,52,83,98,2,5,75,1,46,2,28,29,4,2,3,39,78,5,2,66,67,89,94,3,27,30,75,3,84,87,91,3,59,70,91,4,20,45,59,78,3,5,59,71,3,33,42,67,2,5,70,4,27,32,52,70
32,3,17,80,84,7,3,20,46,83,84,90,94,2,34,87,7,23,26,35,61,64,70,72,1,5,3,1,17,19,5,2,39,70,72,91,9,3,27,28,52,56,61,79,91,94,9,23,42,46,61,62,70,91,98,99,8,2,14,27,38,54,67,70,91,5,2,8,39,61,70,5,26,34,82,91,94,5,23,64,65,85,91,6,1,18,39,50,61,91,4,2,27,45,61,7,5,33,42,49,59,67,84,7,6,10,35,62,70,76,79,3,2,49,84,3,17,24,80,5,5,7,45,52,67,5,22,27,52,54,91,5,7,8,59,70,91,5,17,35,42,91,94,5,30,45,54,70,78,7,0,5,27,39,49,50,98,5,17,23,33,39,57,4,3,28,61,69,3,27,44,62,7,8,45,61,72,88,91,94,4,0,7,66,67,7,37,39,42,61,70,91,93,6,2,17,19,61,85,94
24,5,23,39,52,79,97,6,50,70,75,83,87,91,3,7,50,91,5,28,49,67,78,94,3,8,39,41,3,17,42,54,3,1,2,52,5,23,39,44,50,98,3,5,44,45,3,2,76,81,3,17,27,50,3,10,24,35,3,32,61,85,5,35,61,70,91,94,1,63,1,2,3,22,27,83,3,8,61,64,2,34,90,1,45,2,5,84,1,72,2,72,91,3,4,39,65
25,2,3,24,2,33,79,1,25,1,2,3,5,66,70,1,17,1,45,4,17,27,66,91,1,5,1,61,1,57,1,27,2,3,8,1,34,2,3,91,1,91,1,54,1,34,3,29,43,87,2,42,91,1,94,2,5,84,1,57,1,33,1,5
24,2,20,79,1,91,2,22,91,1,72,3,8,49,69,1,1,3,27,70,73,3,14,42,87,3,5,8,27,2,2,70,2,29,45,1,84,2,23,39,1,23,2,70,89,3,70,79,98,4,1,19,26,70,5,35,57,61,66,91,2,46,91,2,70,93,2,17,91,2,22,70,2,3,91,1,46
23,3,23,45,91,2,18,45,4,28,52,72,87,2,27,62,1,2,2,3,27,2,94,98,1,28,2,29,58,5,26,32,33,35,70,3,35,44,95,2,45,90,3,6,24,70,1,42,1,28,1,72,3,34,49,71,3,28,91,97,3,37,52,75,2,54,56,1,26,1,94,4,15,41,42,87
26,3,5,20,54,5,17,23,50,52,97,1,2,5,26,56,66,70,93,3,8,45,86,3,27,62,70,3,27,46,70,4,27,34,52,91,3,61,84,94,2,75,91,2,45,91,4,17,39,61,70,1,10,3,17,35,45,4,1,20,89,91,4,5,8,11,83,1,41,5,26,32,70,94,99,3,19,70,91,2,52,84,3,46,89,93,1,79,3,28,79,83,2,45,84,2,49,54,3,46,57,98
30,7,2,3,72,76,79,87,91,3,2,72,75,5,2,17,27,70,84,4,46,52,90,91,1,3,2,42,78,4,17,29,61,70,4,36,62,72,78,5,2,54,63,69,80,3,34,35,50,4,2,24,45,91,6,5,17,24,27,75,98,4,20,23,44,79,6,5,10,22,27,59,82,5,1,32,34,42,66,3,19,57,70,5,10,25,45,72,90,4,34,52,56,91,5,1,2,13,19,33,5,24,50,62,80,91,2,2,32,5,17,28,44,46,91,3,3,15,68,6,27,45,52,53,69,86,2,56,78,4,33,59,70,91,5,25,28,61,70,75,2,17,91,5,28,38,45,62,80,2,90,91
24,4,26,45,61,91,2,3,5,1,17,2,5,20,3,24,75,94,2,75,91,6,7,20,27,34,45,80,3,27,35,61,6,8,25,26,83,91,94,3,45,63,70,4,0,8,50,70,4,2,3,27,56,3,46,50,68,1,28,2,57,67,6,5,42,70,91,94,97,2,17,32,3,4,54,99,4,0,3,32,59,5,20,24,35,68,72,3,2,60,75,3,17,35,79,3,45,70,91,2,80,90
29,3,8,61,65,1,76,6,12,27,32,52,75,91,3,3,70,91,1,91,4,7,22,54,61,3,3,32,91,4,33,72,79,87,3,16,42,52,2,91,97,1,87,4,8,27,52,91,3,20,28,76,2,28,93,8,10,27,42,46,61,68,90,91,3,27,45,50,2,35,70,4,32,66,70,78,3,27,49,93,2,67,98,3,29,56,70,4,57,61,64,94,3,5,21,27,7,2,8,17,52,70,91,98,2,26,35,3,2,28,71,1,8,4,27,67,91,94,4,45,48,49,50
18,1,91,3,20,27,80,1,26,1,27,1,70,1,78,1,69,1,90,2,17,45,1,17,1,91,1,34,1,61,1,70,2,52,70,1,61,1,91,1,22
34,1,25,2,23,41,2,28,69,2,29,70,3,61,91,98,1,27,2,18,70,5,39,52,75,79,93,4,2,7,61,79,1,27,3,42,75,91,3,44,52,98,2,0,91,1,72,1,28,2,11,35,2,33,84,1,27,3,44,45,50,2,46,54,2,5,18,2,5,72,4,61,67,75,91,1,75,2,61,85,1,91,2,17,63,2,2,79,1,54,1,93,3,30,70,79,3,34,66,90,6,35,45,64,66,91,97,2,2,70
31,3,52,69,91,3,1,34,93,3,8,48,70,3,8,61,66,6,23,32,39,42,45,91,5,26,52,61,75,82,5,17,70,71,81,98,3,45,61,70,1,17,3,2,39,91,3,8,54,91,1,44,3,5,23,83,3,8,54,61,3,35,69,99,4,17,27,97,98,3,3,27,34,6,2,5,27,28,49,93,4,0,5,23,95,2,8,52,3,17,42,52,1,63,1,7,3,23,44,56,3,34,70,88,1,29,2,33,42,1,93,2,49,71,3,23,33,98,3,63,90,91
