9,1,242,2,219,528,4,44,228,585,966,4,646,779,895,959,1,127,1,196,1,251,3,492,764,920,6,233,456,711,845,912,930
9,3,71,154,713,3,555,723,878,1,578,4,93,473,624,788,3,61,183,885,3,61,107,269,2,392,506,3,242,625,814,5,69,312,564,710,912
6,1,893,3,188,761,872,3,132,176,775,3,395,676,737,2,71,178,2,354,955
1,2,27,455
2,2,615,755,1,261
6,1,14,2,335,930,1,548,1,150,1,483,1,375
8,3,317,457,633,3,503,754,764,3,143,530,956,3,341,379,760,3,265,401,548,7,90,272,678,783,853,902,964,2,70,686,2,61,576
4,1,771,1,209,2,553,856,1,177
6,2,715,764,1,532,2,447,921,1,988,2,663,765,2,294,872
5,2,71,592,1,548,1,335,1,265,1,212
3,1,193,1,695,2,29,200
7,1,309,3,538,539,847,3,311,362,811,2,304,842,2,591,760,1,128,1,604
9,1,441,3,753,801,924,4,136,209,550,754,5,440,487,591,674,883,1,8,3,153,370,430,1,10,4,432,448,611,817,3,257,437,585
8,7,214,294,302,483,830,852,865,3,537,538,830,4,341,462,775,792,2,408,902,4,32,309,753,769,5,91,285,617,753,863,4,17,62,540,865,4,3,207,265,585
11,3,426,558,799,3,13,31,447,3,550,646,966,1,600,3,46,252,656,2,542,737,3,27,304,447,3,285,500,555,5,13,193,399,432,921,4,182,354,425,936,2,781,887
8,2,68,386,3,375,863,923,3,522,764,968,2,375,562,2,222,779,2,118,781,2,88,930,1,959
10,1,610,2,46,604,2,139,859,3,394,525,962,1,189,2,176,402,3,365,647,873,1,658,3,316,591,716,2,441,466
4,1,226,1,786,1,714,1,548
13,2,116,933,4,62,68,210,388,2,811,923,2,624,893,1,852,2,375,788,1,968,2,493,941,3,128,150,711,3,1,312,551,1,779,5,5,72,455,666,986,1,61
7,3,715,764,878,2,623,830,2,436,532,1,988,2,451,663,4,5,180,348,468,2,513,816
5,1,402,1,692,2,817,895,1,576,2,70,132
6,1,490,2,181,295,1,309,1,104,2,113,265,1,388
14,3,71,513,567,2,315,608,4,312,572,898,916,2,570,681,3,266,395,643,1,893,3,108,538,996,2,235,873,6,71,385,436,538,797,964,4,2,131,233,548,3,624,764,952,2,70,230,3,71,220,535,4,45,153,297,827
6,1,964,2,271,649,3,448,539,897,1,524,1,568,2,261,643
10,5,3,663,814,908,959,3,66,375,534,5,27,45,180,538,884,6,63,121,148,320,385,912,4,102,463,469,591,6,17,70,165,414,562,656,7,153,295,297,298,538,545,739,2,547,820,5,86,549,551,731,913,5,5,309,619,751,966
11,2,105,540,3,548,681,902,3,295,740,765,7,25,188,241,390,652,908,988,1,512,2,79,872,3,158,678,762,2,56,385,3,180,239,440,5,140,312,367,694,904,1,440
9,3,265,816,859,3,538,562,754,3,281,602,647,1,643,2,516,881,2,35,397,2,98,498,2,2,703,2,684,781
9,4,49,374,378,634,4,22,130,588,903,3,306,374,833,2,487,814,5,81,408,786,821,840,2,397,512,4,273,538,864,872,5,102,401,457,470,548,2,482,801
6,6,13,17,183,591,608,616,4,302,329,461,612,2,6,864,3,414,634,698,3,116,505,748,5,228,547,617,757,825
11,6,311,379,669,727,753,941,4,303,512,685,892,5,5,29,800,830,937,5,27,41,196,500,804,3,524,554,721,3,19,385,395,5,70,174,192,326,336,4,290,340,341,375,4,4,17,500,764,2,290,509,3,382,441,827
2,1,251,1,483
9,2,284,966,1,295,4,27,257,797,941,1,769,2,180,816,1,91,3,125,312,514,1,430,3,548,593,775
14,3,89,214,363,1,827,6,176,187,223,226,381,457,7,32,94,237,277,459,663,687,6,236,284,359,611,723,767,3,1,522,799,4,362,551,786,913,3,163,878,937,4,176,195,299,663,6,87,102,470,506,779,816,4,5,492,842,930,2,392,576,4,395,544,568,746,2,506,855
5,1,950,1,142,1,260,2,108,435,1,363
13,5,2,398,555,878,974,5,554,708,795,866,986,3,294,432,774,7,90,140,201,385,625,758,967,5,42,226,520,814,905,4,289,530,767,864,3,150,575,843,5,72,723,901,930,964,4,138,179,268,888,5,87,207,512,626,640,6,303,347,366,422,769,974,6,242,583,622,647,727,801,5,225,561,586,751,988
4,4,148,320,843,849,3,268,548,616,2,130,703,3,87,125,163
5,2,288,921,4,45,54,69,996,3,151,540,918,3,257,554,753,3,66,226,619
11,2,546,749,3,176,753,760,4,163,277,436,608,3,91,440,873,4,94,283,585,935,1,746,3,49,522,647,3,0,513,732,5,45,265,381,597,640,1,216,4,143,269,514,732
15,2,327,865,1,540,2,281,602,4,284,414,753,870,2,33,281,1,883,1,429,3,45,395,476,4,150,647,764,820,1,467,1,398,3,79,243,622,2,61,656,3,354,432,936,3,303,375,916
10,1,694,1,309,3,21,284,666,1,743,1,539,2,285,554,3,105,187,942,1,381,2,167,522,1,930
11,2,309,674,2,265,510,2,295,902,2,435,792,3,135,228,341,3,312,390,593,3,210,513,716,1,918,2,440,760,1,905,4,187,281,799,950
10,4,281,669,685,860,1,8,3,61,131,226,4,45,304,550,733,3,385,497,751,3,134,354,647,4,45,235,638,678,6,174,214,261,265,294,326,5,340,375,397,542,816,3,2,188,749
6,2,288,927,2,195,367,2,5,23,2,513,681,3,237,316,510,4,602,612,775,872
5,3,328,666,760,2,440,924,2,70,138,2,5,183,4,776,805,956,996
4,1,341,1,188,1,492,1,143
13,3,634,698,955,6,305,611,634,663,826,903,6,284,302,398,447,601,740,1,397,4,113,698,731,930,3,154,235,879,4,138,549,716,760,5,344,564,594,855,864,4,67,211,328,374,6,17,28,181,408,840,910,4,29,273,304,424,4,8,564,816,880,4,155,482,674,781
12,3,154,193,299,1,816,2,131,425,4,59,188,377,959,4,135,183,269,433,5,67,143,473,479,753,2,201,959,7,29,227,251,265,751,766,827,3,3,222,389,4,271,294,327,604,3,161,538,600,5,91,214,226,730,960
7,1,951,1,829,3,139,660,769,1,711,5,138,150,538,569,666,1,105,2,274,790
6,2,190,698,3,284,359,633,3,304,472,731,2,6,341,2,646,884,2,220,816
5,1,45,1,911,2,194,441,1,188,1,297
10,8,2,235,649,672,711,913,946,947,5,35,196,422,947,966,4,22,611,775,806,1,378,3,91,908,946,4,131,151,285,466,5,187,299,663,779,935,4,7,57,663,821,6,8,309,678,810,920,927,4,61,432,476,896
7,2,83,753,2,17,473,3,70,359,748,2,210,483,1,587,1,679,2,312,548
16,2,22,986,2,557,857,4,61,309,571,617,1,753,2,54,237,3,456,688,928,3,27,91,666,2,221,626,3,136,207,472,2,134,295,2,280,304,2,237,935,3,55,201,647,2,753,761,2,27,187,1,711
3,3,237,921,940,1,830,1,362
11,6,116,138,244,295,731,902,6,281,516,602,886,937,950,6,88,267,321,435,955,959,2,34,711,6,140,180,219,341,890,988,2,390,829,6,435,552,582,674,703,859,6,189,242,469,470,583,885,6,70,304,306,764,818,895,8,134,150,190,276,302,586,716,982,9,2,68,150,304,433,448,764,790,950
10,2,139,859,1,705,2,455,513,2,289,662,2,432,890,4,222,365,611,647,2,188,569,2,314,522,2,133,658,2,441,473
14,10,8,53,61,116,408,458,612,713,873,933,7,42,155,176,183,311,624,893,5,367,460,544,611,760,3,283,359,838,5,269,326,405,732,816,4,23,242,626,649,3,513,754,830,4,237,663,746,814,5,98,196,498,878,982,5,193,312,432,513,684,4,17,29,612,986,5,70,210,336,399,597,6,75,163,261,548,683,769,6,448,465,483,509,916,928
7,4,345,751,818,834,5,414,586,786,866,925,3,185,235,711,7,150,190,627,649,816,828,969,6,22,54,376,643,663,715,3,2,646,870,5,108,177,632,663,937
5,1,561,1,599,1,91,1,509,1,517
8,2,299,951,2,710,966,1,769,4,123,687,696,758,1,802,1,736,2,569,731,3,29,79,830
8,3,392,643,762,2,522,641,5,27,514,532,674,733,4,39,461,467,751,2,98,662,4,131,516,528,848,3,267,331,556,5,45,91,497,681,708
12,3,285,295,685,2,183,908,4,267,762,765,864,1,538,4,226,552,775,872,2,61,116,3,64,234,522,3,190,469,622,2,163,731,2,210,884,3,52,726,913,1,432
4,2,21,284,3,538,622,748,1,942,1,167
6,3,62,513,920,4,116,424,646,740,6,70,455,644,663,687,910,5,158,424,790,886,893,1,432,6,45,188,193,435,564,942
3,1,842,2,116,424,1,45
12,2,302,623,5,147,272,359,592,941,4,17,328,578,827,4,4,549,721,884,3,276,394,492,4,194,269,513,562,3,67,639,991,2,345,513,4,17,318,398,808,5,27,119,663,962,983,3,167,278,758,5,8,288,607,646,788
17,8,39,89,211,214,216,389,528,753,3,189,539,711,1,664,1,27,1,313,2,413,608,2,63,179,1,154,1,753,1,610,2,304,737,5,460,522,672,814,991,3,27,614,861,1,883,2,276,376,3,67,705,748,5,383,448,714,784,827
6,2,513,797,4,147,216,311,401,2,315,696,3,703,710,827,3,506,877,941,2,193,284
7,2,515,986,3,748,827,921,1,188,3,26,986,989,5,288,432,784,797,938,3,556,893,934,2,17,91
9,2,865,903,2,272,602,4,442,550,893,949,2,836,883,2,510,626,2,466,498,2,372,429,2,395,786,1,394
11,3,113,193,827,2,67,257,3,448,646,872,1,265,3,108,177,601,3,365,608,909,2,285,924,4,150,219,510,827,3,180,441,873,5,226,269,292,440,674,4,285,580,703,710
8,1,913,1,606,5,118,414,866,884,968,5,183,261,348,915,998,3,140,397,765,4,22,23,513,839,5,24,158,167,866,884,7,193,257,424,455,585,774,878
7,1,26,1,753,3,327,343,829,2,554,580,6,303,368,540,634,652,818,2,243,374,2,896,903
8,1,767,3,193,395,896,2,194,890,3,170,242,583,3,107,295,447,1,687,3,397,433,884,4,61,227,731,959
7,2,27,44,2,257,864,2,17,285,3,8,375,844,3,624,669,764,3,190,456,779,4,356,447,500,517
7,5,154,214,401,647,852,5,176,284,307,775,784,5,138,447,571,666,883,6,265,397,436,732,763,963,5,784,818,866,878,892,6,289,399,611,737,784,908,5,288,633,743,877,966
6,1,188,1,479,2,344,864,1,619,1,585,1,694
9,4,237,284,367,767,1,271,2,569,839,2,472,731,2,139,859,1,816,2,125,647,1,128,4,376,402,781,930
8,4,183,216,885,924,2,196,394,3,433,472,775,4,395,568,748,775,3,491,855,959,1,24,5,129,201,381,733,827,6,134,210,582,672,775,884
7,1,277,2,52,989,1,180,2,390,663,1,625,1,303,1,192
11,3,149,775,872,2,27,611,3,434,587,711,3,548,732,738,1,752,3,90,295,757,4,180,364,365,946,4,8,312,326,528,3,8,304,754,2,91,188,4,44,752,849,910
4,4,381,457,845,935,5,94,228,277,459,663,4,451,714,902,913,4,49,176,548,753
10,2,490,663,2,222,731,1,551,2,457,959,2,181,681,1,783,1,303,2,576,966,2,479,950,2,303,775
6,4,181,277,492,681,6,46,154,261,309,686,955,3,540,611,663,4,52,804,946,989,3,318,485,788,2,261,751
11,1,473,2,310,537,2,257,865,4,154,399,513,902,7,118,242,538,539,716,760,769,1,437,4,542,898,915,960,9,62,195,242,304,345,347,397,426,594,4,67,147,216,401,5,170,227,246,522,710,7,52,117,265,284,388,877,884
15,2,62,339,5,188,498,517,808,986,3,318,378,838,3,90,465,517,5,284,366,469,626,827,4,320,519,723,893,1,316,3,560,639,794,3,32,61,548,2,433,537,3,465,506,941,3,284,606,924,3,56,466,828,1,827,2,227,775
11,7,140,242,260,261,472,799,866,4,528,568,833,899,2,318,546,4,44,385,585,864,7,432,476,516,528,554,770,960,5,272,394,579,761,811,5,8,17,627,753,969,6,23,125,767,781,884,968,6,140,224,367,455,539,592,4,90,281,652,845,5,394,548,554,576,647
14,6,67,228,669,723,771,966,5,288,388,551,679,864,1,363,2,392,643,3,285,318,395,5,306,537,674,690,877,3,62,310,375,5,45,194,261,273,789,2,428,727,4,480,539,669,781,5,190,455,779,866,904,1,226,5,8,356,428,517,617,1,315
8,3,181,284,425,2,397,763,1,818,2,388,423,1,188,2,385,908,1,633,1,324
10,1,568,5,62,220,732,920,966,2,644,827,5,154,436,510,539,964,2,222,647,2,27,921,1,402,3,116,424,462,2,294,316,2,257,309
5,3,20,604,643,4,261,540,764,801,2,97,231,3,385,551,764,1,433
10,2,703,792,3,78,453,515,3,387,620,712,2,862,962,6,107,131,764,878,986,994,3,88,176,422,3,176,476,830,4,216,309,486,575,3,45,272,986,3,157,797,922
10,6,79,163,549,615,688,950,6,61,323,426,467,711,857,6,385,509,549,644,673,899,4,45,285,357,735,3,87,148,573,2,220,472,4,207,220,366,562,3,41,165,935,5,154,429,466,641,921,5,140,192,225,522,592
7,3,173,414,520,4,193,395,464,896,3,303,585,687,3,233,857,964,5,147,193,328,546,568,5,41,107,108,177,447,3,420,746,959
10,4,39,649,959,986,1,473,3,118,485,538,2,305,905,3,222,864,960,1,207,5,295,542,864,915,960,2,61,116,5,190,195,242,731,818,1,721
11,1,836,3,149,226,870,2,176,884,3,2,506,769,4,118,192,548,643,2,124,688,1,455,2,27,663,3,189,373,767,3,98,290,486,2,70,732
9,7,44,311,509,540,649,673,899,3,220,414,870,1,17,3,513,633,844,3,33,304,935,3,147,216,401,2,299,710,3,41,476,877,3,243,561,622
