10,12,7,27,34,45,50,61,70,72,75,81,91,93,13,1,2,5,8,19,20,23,45,54,62,73,91,94,14,2,10,17,24,27,34,46,59,61,62,70,78,91,97,10,4,34,54,66,69,79,89,91,95,97,12,1,2,8,17,22,27,41,45,56,57,59,61,12,5,6,27,29,33,34,45,52,70,79,91,98,10,4,5,20,22,33,64,67,70,75,76,7,17,27,52,63,66,70,72,14,5,8,14,20,27,32,49,54,57,63,75,90,91,98,14,3,5,8,25,27,35,42,45,68,70,79,84,89,91
10,7,33,34,59,77,82,89,91,7,8,22,29,33,52,84,90,7,22,45,57,69,70,72,87,9,2,8,14,22,24,32,34,61,66,9,5,20,32,42,49,54,61,84,89,5,1,2,3,10,20,7,5,20,29,59,65,68,91,10,1,15,17,35,42,44,45,61,72,91,4,1,59,61,90,5,20,27,52,61,75
6,11,1,2,5,23,41,45,52,59,61,75,90,17,5,8,11,17,21,35,44,50,57,61,67,72,87,90,91,94,97,11,20,34,45,56,57,61,66,70,78,93,95,13,2,3,5,6,23,25,32,35,45,70,89,90,98,9,1,27,29,45,59,67,78,79,91,13,1,8,19,22,27,35,42,44,45,79,83,86,91
4,2,8,92,6,5,22,33,63,91,93,3,70,79,89,3,17,26,70
10,14,4,5,26,32,33,42,49,52,62,70,81,91,93,95,13,3,5,8,19,41,45,52,54,59,61,66,70,75,13,0,5,25,34,36,39,52,61,62,66,70,91,97,12,8,27,33,39,42,54,57,61,67,87,91,99,11,8,25,33,34,45,54,63,64,75,81,91,13,20,27,34,39,45,46,56,67,84,91,94,97,98,13,1,8,18,28,36,45,54,61,68,79,84,91,97,9,0,5,10,19,29,33,35,91,98,13,5,8,17,27,35,56,57,59,61,79,87,90,91,14,1,2,23,27,32,34,39,48,49,50,61,66,69,79
8,9,0,8,28,49,56,61,70,75,90,13,19,26,44,50,52,54,56,67,71,84,87,91,98,10,2,20,27,54,56,70,71,72,76,79,11,2,4,5,17,27,28,40,52,54,59,61,13,5,8,13,35,39,54,59,61,66,67,76,84,91,14,2,3,16,17,19,29,45,54,56,68,70,84,90,91,17,2,5,8,11,19,22,29,33,35,42,43,46,61,68,70,84,91,14,0,2,7,26,29,32,34,50,57,62,71,72,90,91
7,11,1,2,3,23,30,33,35,44,61,62,89,12,1,5,8,19,20,27,69,70,78,81,90,91,13,8,32,35,38,43,45,50,54,61,65,82,87,93,14,5,20,22,29,39,42,46,54,59,61,70,72,88,93,15,0,2,5,8,27,34,41,42,44,45,52,62,70,90,91,13,17,24,33,35,45,52,56,66,72,79,84,91,93,12,0,2,23,27,29,32,33,34,48,52,72,73
11,8,13,28,29,35,54,59,70,76,11,0,2,5,8,14,24,70,84,86,94,97,8,2,6,13,20,23,39,70,93,5,22,28,52,61,99,10,7,8,11,17,19,28,29,45,69,89,11,10,19,26,34,52,57,69,70,79,91,97,8,17,26,32,34,52,84,89,91,11,3,7,8,27,28,45,70,79,83,91,93,10,17,27,35,44,52,61,78,91,93,98,11,0,5,13,29,33,50,56,72,77,81,89,10,8,20,42,45,46,50,59,79,91,98
8,7,2,3,17,29,56,72,89,7,17,28,33,45,61,62,91,9,3,5,8,29,52,59,70,89,91,4,7,16,45,91,9,3,8,22,27,57,63,77,84,97,9,3,5,22,38,52,62,72,75,89,8,5,10,18,24,61,63,65,89,6,5,14,17,61,82,98
4,7,0,7,17,61,67,69,70,6,17,28,42,45,66,67,7,23,34,42,46,70,91,93,6,31,35,45,54,70,91
10,11,20,28,29,32,33,34,50,56,69,90,91,12,1,3,9,34,35,42,45,75,76,84,90,91,14,1,2,5,8,27,28,29,33,34,46,54,69,70,72,14,2,22,24,32,34,41,52,55,57,59,70,71,80,85,13,4,8,22,23,24,27,32,45,46,52,56,70,72,13,2,26,42,45,54,61,62,67,70,72,82,91,93,16,0,1,10,14,45,46,52,53,57,61,70,72,75,79,91,94,11,2,3,17,19,27,33,39,44,69,75,89,13,17,26,33,35,61,78,79,83,84,90,91,94,99,15,1,2,3,5,8,27,33,34,41,42,49,61,62,91,98
5,8,27,30,32,53,61,65,70,71,6,10,28,45,50,57,70,5,5,17,46,70,91,5,1,25,44,71,91,4,2,59,84,89
9,18,3,5,8,13,19,20,33,38,39,44,64,68,70,78,84,92,94,97,18,0,3,8,10,14,17,20,22,24,26,27,32,45,61,67,69,72,91,23,1,2,3,6,17,28,29,32,34,35,42,46,48,61,63,70,72,83,86,87,91,94,98,18,2,4,10,11,27,30,34,37,42,46,61,67,70,78,79,91,94,95,18,5,8,10,22,23,27,29,34,42,45,46,68,69,72,76,88,91,94,15,4,7,27,34,42,44,46,60,61,70,79,80,84,90,91,18,1,2,20,23,27,28,32,33,45,56,64,66,70,73,76,84,91,92,18,0,1,2,8,17,20,21,23,29,30,32,34,46,70,72,84,90,91,14,1,2,3,7,29,33,42,48,55,56,57,66,79,91
8,9,6,10,28,29,61,67,75,91,95,13,3,7,11,19,26,27,29,45,61,70,90,91,93,11,2,5,23,27,29,33,45,61,87,91,98,12,32,34,39,45,52,57,61,70,75,90,93,94,13,8,11,20,23,28,34,41,46,52,63,67,84,91,14,0,9,17,20,23,28,34,45,46,61,70,72,87,98,12,26,30,35,41,45,46,52,54,61,65,94,98,11,1,5,17,20,32,33,44,61,70,80,84
11,15,4,8,17,29,34,41,42,52,56,61,66,69,70,91,92,13,2,19,27,33,34,35,42,54,63,67,84,90,91,10,2,5,7,50,52,69,75,81,91,94,12,20,25,33,37,43,45,46,52,70,72,73,84,10,26,27,45,60,64,66,68,70,91,99,8,22,34,76,87,88,94,97,98,10,2,17,20,21,56,65,70,72,85,98,12,1,2,5,7,44,45,52,69,70,77,84,87,10,17,22,26,39,42,45,54,67,70,91,12,2,3,8,17,18,23,27,50,52,61,63,70,12,0,5,8,24,27,34,42,49,52,68,91,93
8,9,2,28,29,45,52,61,70,87,91,12,0,4,17,19,24,27,29,57,66,70,78,91,12,5,8,44,45,49,66,68,69,70,71,75,90,9,8,20,22,44,49,54,75,91,99,10,4,8,25,28,29,30,52,79,83,91,11,3,5,8,20,21,42,45,59,70,89,94,10,3,27,28,45,46,65,69,70,79,91,11,2,3,17,29,32,44,54,66,67,70,91
11,13,6,23,34,54,59,61,62,66,72,79,91,93,98,14,0,2,20,23,27,33,39,45,52,62,72,81,86,91,11,2,8,17,32,33,49,56,61,63,91,98,9,2,33,41,45,49,65,69,72,81,12,1,23,29,42,45,50,52,70,79,84,91,99,9,8,28,42,45,46,52,61,91,94,12,2,17,27,32,33,44,45,54,70,84,92,98,12,8,10,18,34,45,50,52,61,67,69,70,93,11,2,5,19,33,41,46,70,72,81,87,90,11,24,27,35,46,49,57,59,70,71,95,98,9,17,22,28,29,45,62,73,85,91
4,1,27,1,61,1,91,1,91
14,8,2,8,20,22,27,33,91,97,10,17,27,33,45,61,62,64,76,87,90,15,1,3,19,20,23,27,29,61,79,81,85,89,90,91,99,9,19,22,33,41,42,61,65,72,91,12,1,2,27,29,34,35,42,67,70,76,90,91,11,17,27,32,42,70,75,78,79,84,85,90,11,2,8,27,32,36,42,52,70,84,91,98,10,10,11,22,34,61,63,70,75,91,93,13,17,23,28,29,42,49,52,69,70,79,88,90,91,12,8,17,20,23,24,27,44,45,56,61,75,88,8,2,5,6,24,27,78,91,97,14,2,3,17,20,27,32,42,45,52,56,59,79,90,91,12,2,29,34,35,44,45,52,62,64,91,94,97,11,4,22,27,29,45,50,52,61,62,71,91
7,12,19,23,28,35,40,46,52,68,70,76,78,91,11,3,11,26,28,42,59,61,78,88,90,98,10,5,19,20,27,56,67,70,71,78,91,13,8,17,22,29,35,37,41,42,45,46,63,70,91,9,2,8,19,31,38,45,72,73,91,11,2,14,33,34,49,54,67,70,85,90,94,8,1,22,32,69,72,84,89,91
8,11,17,19,23,28,49,52,68,70,75,89,97,16,3,16,17,19,23,27,39,42,45,54,61,79,91,92,94,98,8,39,42,45,49,61,68,70,91,9,19,22,24,27,42,56,69,70,94,15,7,8,22,28,33,45,49,54,69,70,72,77,79,91,97,12,3,26,27,32,45,56,61,72,86,91,94,95,14,3,5,7,8,22,27,29,31,53,57,75,79,83,94,11,5,17,20,27,28,42,56,61,70,72,78
12,10,20,27,33,46,59,62,78,86,87,90,15,1,2,27,38,45,46,48,52,56,59,61,75,81,91,95,13,12,23,27,33,46,52,56,70,76,79,83,84,91,11,6,11,17,29,35,45,48,54,80,86,91,11,2,4,5,27,34,50,61,72,88,90,98,13,2,4,8,27,33,39,56,62,63,78,90,95,98,11,2,6,16,35,44,52,56,61,70,88,91,12,8,17,27,34,44,50,59,61,65,79,87,98,10,8,27,28,45,50,56,61,63,90,93,8,6,7,27,33,56,65,66,90,15,3,20,22,24,27,34,41,45,49,50,59,61,75,91,93,6,28,54,61,66,89,90
14,17,2,5,19,20,27,31,33,45,46,52,59,62,69,70,75,78,91,10,2,17,33,56,66,70,75,80,90,97,17,4,5,7,17,21,25,28,33,39,44,52,61,70,86,90,91,94,13,4,22,28,29,33,42,43,44,70,75,90,94,97,12,8,23,27,29,33,39,44,46,65,66,70,92,13,4,8,17,34,39,42,44,82,86,90,91,92,98,14,3,32,33,36,45,52,59,69,70,78,79,84,95,97,10,8,34,45,56,57,61,62,69,91,95,10,3,44,52,55,67,78,84,91,98,99,8,2,6,17,20,32,44,57,79,7,2,33,42,45,61,66,80,10,17,20,25,27,35,44,45,59,72,79,13,3,11,16,17,22,34,45,52,61,81,90,91,98,14,1,4,27,32,33,39,44,45,46,49,56,61,70,91
6,12,2,3,17,22,41,46,52,56,77,87,90,91,15,2,4,8,17,24,42,45,52,54,69,83,90,91,94,98,13,2,8,17,18,20,25,29,32,45,52,70,91,95,15,1,8,17,20,23,27,29,35,56,57,66,70,90,91,95,8,5,22,27,54,68,72,89,99,8,2,16,22,27,45,59,62,70
10,11,0,23,27,29,32,45,61,62,76,78,84,8,4,17,33,34,42,65,70,94,6,23,27,49,62,78,79,8,34,46,54,61,69,79,90,91,8,10,17,22,27,32,45,54,91,8,20,22,27,41,68,90,91,98,8,2,28,56,64,69,81,89,91,6,2,5,8,29,54,72,8,28,32,34,52,83,92,94,98,7,2,29,45,66,70,76,91
12,13,3,5,6,23,36,49,55,56,61,75,83,90,99,13,0,5,27,29,42,45,50,52,54,61,78,91,94,13,8,20,22,27,34,37,39,45,46,52,66,69,91,14,2,5,8,13,14,15,24,28,32,45,61,70,87,91,14,2,6,7,20,30,41,42,46,52,67,70,78,91,93,13,1,2,5,14,22,23,41,44,52,70,79,91,99,12,5,8,10,17,27,28,34,52,54,61,72,94,14,5,6,10,27,33,34,35,42,45,52,54,70,79,91,12,6,12,23,27,54,66,70,78,87,91,94,98,9,0,2,3,5,24,45,69,91,98,19,5,8,13,23,29,35,37,42,45,52,54,61,70,72,76,81,83,91,95,14,3,8,20,23,35,42,44,52,54,59,61,66,72,90
9,13,0,8,27,29,39,45,52,65,69,84,87,89,91,21,5,11,13,19,22,27,28,33,37,38,42,44,45,57,68,71,75,78,89,91,98,18,1,2,5,19,24,29,46,47,56,61,66,67,70,73,78,84,87,98,17,1,2,5,8,17,22,28,30,34,46,66,75,78,79,84,89,90,14,1,3,10,18,19,30,33,34,70,80,82,89,91,98,15,5,27,42,45,46,52,59,61,70,71,81,82,84,91,94,16,2,3,5,8,17,20,24,25,30,41,70,76,89,91,97,98,16,4,8,24,28,32,37,44,45,46,49,70,72,79,83,84,91,11,2,6,10,14,27,39,52,61,70,79,91
9,6,0,23,70,81,91,93,9,5,17,29,34,49,76,91,93,94,9,8,17,29,44,46,61,70,72,90,6,7,24,27,35,42,61,3,2,23,59,5,7,20,22,34,44,7,17,56,61,67,70,78,90,6,1,2,5,42,45,91,3,70,91,98
6,8,3,5,39,41,70,72,84,91,13,2,3,22,23,27,29,32,39,46,67,69,70,83,11,10,23,27,28,32,61,78,79,84,93,98,7,5,20,32,42,53,82,91,8,27,34,42,50,61,79,90,91,12,5,7,13,24,44,45,49,57,61,79,83,91
11,9,6,17,45,52,70,72,80,93,98,7,23,34,54,70,82,86,91,5,5,35,45,61,99,11,3,8,17,24,29,67,70,78,79,84,91,8,2,17,22,37,42,43,61,91,8,2,3,8,23,62,64,77,79,8,8,27,29,42,49,76,84,91,9,20,22,28,45,50,54,83,90,91,9,0,20,29,33,45,46,48,50,97,9,1,2,6,15,28,29,43,59,87,7,0,11,20,27,52,70,91
9,20,2,5,8,16,23,27,28,32,35,39,41,44,46,52,61,69,70,79,91,97,14,2,3,17,19,27,33,45,50,52,70,72,79,91,94,16,2,3,11,20,27,33,37,42,45,46,47,56,57,69,78,91,16,5,8,27,28,29,35,42,44,45,46,50,69,72,84,90,91,22,2,5,6,9,17,22,28,29,30,32,39,41,42,45,46,49,50,54,56,59,70,91,14,2,3,8,16,20,23,27,42,44,45,56,72,91,95,20,2,22,24,26,27,34,42,45,48,57,61,62,66,67,70,71,86,90,91,98,16,1,3,5,8,34,35,44,45,66,70,72,79,83,84,90,91,15,2,8,23,24,26,33,35,39,45,56,59,79,84,91,98
9,11,0,17,27,35,45,46,52,61,70,80,98,8,2,3,20,43,57,61,78,84,7,2,4,17,52,70,90,94,9,1,2,13,27,52,62,63,78,91,7,0,29,42,45,70,89,97,8,5,8,23,34,49,61,91,93,6,42,44,45,61,66,67,2,3,73,6,8,17,27,46,70,72
15,14,5,17,23,34,37,45,52,54,55,59,70,89,91,95,12,1,11,17,20,45,49,55,70,71,84,89,91,5,8,23,32,70,79,10,5,17,34,42,45,61,68,70,91,94,8,5,16,17,19,71,75,89,91,2,57,61,7,5,23,27,29,49,50,93,8,1,2,8,10,36,45,62,91,7,0,2,17,20,50,52,61,9,3,25,26,37,45,50,87,89,97,8,27,41,45,52,61,70,90,91,8,14,35,42,52,56,61,90,91,5,1,64,70,87,90,8,0,3,28,56,61,71,91,95,3,27,71,84
10,10,2,26,35,45,50,61,69,70,91,93,11,16,45,54,55,62,69,72,79,89,91,94,9,2,5,8,19,27,48,62,69,70,11,0,3,17,20,35,45,52,69,70,76,91,12,13,20,22,26,33,54,57,68,75,76,82,84,13,0,2,17,22,23,24,32,35,45,57,59,79,95,11,1,22,26,27,28,52,64,75,84,85,93,12,2,8,24,34,42,46,57,62,66,90,91,94,12,2,8,27,30,33,34,45,49,57,61,84,90,10,3,19,35,45,61,75,84,91,93,94
13,16,1,8,17,23,27,28,30,33,45,46,50,56,72,75,91,94,11,8,27,42,45,52,54,57,62,69,75,79,16,0,2,4,10,17,27,37,39,52,54,59,66,69,70,72,94,14,2,10,15,24,33,42,61,79,84,87,91,92,94,99,12,2,5,8,17,46,50,54,70,75,83,87,91,14,8,11,14,17,22,24,39,46,61,70,79,83,84,91,11,5,8,16,31,41,45,61,72,79,91,95,18,1,2,5,19,20,22,27,42,43,44,45,49,52,61,67,70,84,91,11,3,19,22,49,56,68,73,75,79,91,94,17,2,5,6,8,17,23,26,28,34,46,50,68,76,79,84,91,94,16,2,3,20,22,38,39,45,54,56,57,70,72,75,84,90,93,14,1,2,5,14,39,42,62,72,75,79,84,86,91,99,17,5,22,23,27,28,32,34,35,45,52,54,61,64,69,78,90,98
5,11,8,17,21,23,27,35,62,64,69,84,90,10,2,3,17,26,45,52,65,70,91,93,15,3,11,16,20,22,23,28,35,44,45,52,54,61,69,98,14,5,20,33,42,43,44,46,52,54,61,62,88,93,98,9,6,10,17,22,23,27,52,68,98
5,11,2,5,22,42,61,67,81,83,84,97,98,11,5,8,20,28,29,46,79,80,90,93,94,11,14,25,27,29,33,34,35,36,69,70,79,11,8,17,27,28,46,49,52,54,59,91,98,10,0,2,8,17,24,28,61,66,84,89
11,9,20,23,32,45,54,70,80,91,95,8,2,3,8,17,54,70,90,94,5,29,42,47,92,97,8,2,5,25,45,46,87,90,91,13,25,28,29,33,34,52,56,59,63,70,87,90,91,8,2,3,17,34,40,45,50,91,8,2,5,19,34,45,76,91,97,6,17,28,42,43,59,91,10,3,27,33,43,45,69,70,72,89,91,8,20,35,54,59,79,84,90,99,10,26,27,42,48,49,50,59,70,91,98
16,6,7,17,19,35,78,79,9,22,52,56,61,62,70,75,80,83,7,3,6,33,52,56,62,93,9,23,29,32,34,63,70,83,94,99,8,5,23,27,29,32,34,61,87,6,2,3,17,66,67,99,7,4,5,22,26,41,50,76,9,4,17,29,45,61,70,71,75,84,6,25,42,44,56,66,91,9,1,8,18,27,28,48,54,70,71,10,6,17,19,27,42,61,63,70,84,91,8,3,32,35,39,52,70,84,91,6,5,8,13,27,52,89,5,3,17,20,46,71,5,20,24,56,64,99,13,5,20,27,29,30,39,42,48,50,70,84,91,97
11,8,8,29,30,52,54,70,91,93,8,8,33,34,35,57,70,83,91,8,1,2,3,5,17,72,87,93,7,3,5,17,27,34,76,91,6,8,23,27,33,80,91,7,2,28,34,45,67,76,89,6,1,8,11,27,42,56,10,2,10,23,42,45,57,61,76,91,98,4,5,28,34,91,6,5,24,43,67,79,84,5,1,8,15,70,75
11,6,2,3,8,56,71,91,5,2,28,34,43,73,2,27,90,9,8,33,44,46,59,70,75,91,97,7,24,35,62,70,75,82,91,9,0,8,27,42,61,68,72,84,91,4,10,54,91,98,5,2,20,27,62,98,5,2,34,45,54,68,7,20,24,35,50,63,70,79,9,8,20,23,37,39,45,46,97,99
10,12,1,22,24,32,38,52,61,62,70,73,80,91,11,5,17,45,54,61,62,65,71,78,79,91,10,5,13,27,49,54,61,70,72,97,99,12,3,13,17,20,35,38,54,69,70,80,83,91,13,2,8,18,28,34,51,61,67,70,78,79,87,90,6,35,45,52,70,82,90,10,0,2,3,5,10,26,27,35,42,87,9,1,27,32,47,69,75,87,89,91,12,3,6,8,17,33,41,52,66,67,70,72,87,12,7,8,61,62,63,64,65,66,70,72,75,91
7,13,2,8,28,34,42,45,50,56,70,75,91,94,97,14,1,5,10,13,27,38,42,45,54,56,70,81,89,95,12,2,5,20,22,32,39,42,46,49,56,91,93,12,4,8,17,35,46,54,61,63,70,83,89,94,8,0,46,54,59,66,72,84,91,14,2,5,8,13,18,27,28,41,60,61,66,69,87,99,20,1,8,17,19,24,27,29,30,35,45,50,56,61,65,66,70,72,87,90,94
7,5,17,23,24,88,91,8,8,14,27,29,32,46,52,94,9,17,19,27,28,46,53,61,70,84,5,4,87,90,91,98,8,1,17,34,35,42,56,84,91,12,0,5,7,27,44,45,50,57,59,61,63,91,7,8,35,39,44,70,78,84
8,7,8,22,27,35,45,69,94,7,46,56,61,63,70,75,91,4,28,35,71,91,8,2,40,44,52,70,84,94,98,6,8,17,26,62,70,75,7,26,27,50,54,79,90,98,5,8,26,42,91,97,6,18,24,27,32,70,91
13,10,2,17,19,22,32,34,70,91,93,95,11,8,17,19,28,29,35,45,61,64,90,94,12,5,19,28,34,45,50,54,55,61,69,89,93,8,11,17,18,23,27,35,52,99,10,2,8,16,20,27,29,75,84,91,97,12,8,17,28,29,39,41,60,62,66,70,82,94,11,3,20,23,27,34,35,42,45,56,67,91,12,8,10,11,17,26,29,45,59,72,75,81,86,10,17,19,24,61,70,71,89,90,95,98,8,2,5,20,25,46,69,87,91,8,3,5,15,30,55,61,89,98,11,2,28,34,35,42,50,52,61,64,70,97,7,1,27,28,50,61,75,91
12,13,1,2,8,14,19,22,26,45,50,70,87,97,98,14,2,3,5,16,20,22,27,28,35,44,70,71,76,82,9,20,27,29,37,42,45,61,75,90,11,1,8,29,32,34,46,48,56,62,67,79,11,4,5,17,20,29,34,45,63,64,70,91,13,5,27,30,46,50,52,66,69,72,75,78,80,91,15,2,3,23,27,33,45,46,50,56,59,62,76,84,91,94,11,2,6,8,17,27,43,54,69,71,91,94,11,19,35,42,52,54,56,59,72,83,89,90,12,2,10,20,24,27,30,42,45,48,70,79,80,12,2,3,5,17,19,27,41,61,78,90,91,99,12,6,18,20,27,29,39,52,64,68,70,91,94
8,13,0,3,17,19,28,29,32,39,42,61,67,70,84,13,1,8,19,27,42,59,75,82,83,84,86,90,93,16,10,17,20,27,34,39,42,45,50,52,54,61,62,65,84,98,12,2,28,29,32,52,54,57,70,75,78,91,94,16,3,4,6,33,34,39,41,45,50,63,67,71,83,90,91,98,15,1,2,7,13,17,22,24,29,33,45,70,83,89,91,98,12,2,5,6,8,30,34,48,66,67,70,75,98,11,2,34,45,56,57,63,64,70,75,91,95
9,5,2,6,23,32,39,4,46,54,62,72,3,20,29,83,5,2,17,33,71,75,5,5,8,48,73,82,2,2,28,4,35,42,90,91,4,19,20,66,91,5,17,42,45,67,97
10,9,17,27,29,39,70,75,78,84,91,7,5,16,46,61,78,90,91,10,3,20,28,41,52,61,66,70,77,93,8,17,22,35,45,46,50,62,66,9,2,17,22,23,29,45,54,67,78,3,41,52,66,9,0,1,6,8,10,30,42,66,83,7,8,19,26,46,70,89,91,10,0,1,5,17,26,27,44,45,48,91,7,5,27,28,42,45,61,69
7,6,8,19,22,30,61,72,7,17,52,54,57,82,87,98,6,5,33,34,72,85,91,6,1,17,23,25,29,75,5,2,17,42,90,93,3,2,28,45,7,0,8,27,37,39,42,90
17,11,7,17,23,25,32,34,38,49,66,79,87,11,3,5,14,17,19,23,29,32,42,54,61,7,5,22,27,35,45,70,84,7,20,27,28,37,46,91,98,7,0,54,57,61,70,87,93,4,19,45,59,90,6,27,30,36,64,66,91,9,17,23,33,43,45,49,75,91,94,9,5,6,28,42,45,54,62,66,98,8,2,8,24,39,45,67,75,78,9,8,27,42,45,46,50,78,79,98,5,22,27,56,64,90,6,7,21,23,39,91,99,4,27,56,70,94,5,21,45,50,52,93,7,17,28,33,49,63,71,94,4,1,71,89,91
6,5,54,55,61,78,89,5,23,42,45,65,84,2,17,32,4,1,32,42,75,4,8,29,72,91,3,5,30,61
11,7,8,22,33,61,78,80,85,6,31,34,44,54,87,95,8,2,3,27,42,69,87,91,94,7,2,56,64,70,90,97,98,8,8,28,33,45,61,69,83,89,6,3,41,66,78,90,91,8,1,5,8,13,20,61,70,91,3,3,22,64,8,20,32,61,65,67,80,91,98,7,28,29,56,67,84,91,98,5,27,59,70,79,90
11,6,8,27,67,68,70,92,4,25,28,63,91,6,27,33,41,61,70,91,6,1,46,50,70,91,94,6,17,26,34,37,42,70,4,17,62,66,98,6,4,28,61,66,91,93,7,2,27,33,42,59,79,87,4,8,43,84,91,6,24,27,29,75,90,98,7,8,23,42,62,69,80,84
14,9,5,17,52,54,55,70,75,78,94,9,2,7,54,61,64,70,79,87,91,8,1,5,17,45,49,56,84,91,4,4,23,34,70,8,24,27,41,62,69,77,80,89,9,0,23,27,33,39,43,56,59,70,6,22,33,50,59,65,84,2,24,27,10,3,23,25,29,44,46,61,70,94,98,9,3,5,27,45,62,68,70,92,97,8,0,5,44,46,66,70,91,98,9,2,3,5,11,13,17,34,70,79,8,0,27,33,45,59,65,75,90,9,5,35,42,54,57,61,62,90,91
7,15,0,1,2,3,14,19,20,27,42,52,57,61,82,83,94,11,30,33,34,37,44,49,62,65,71,87,91,18,2,3,5,6,8,17,22,27,34,42,52,61,62,66,88,90,91,98,14,5,8,14,23,24,29,33,39,45,54,70,75,84,91,11,24,39,46,54,62,66,76,78,84,87,91,8,17,22,25,45,56,61,72,87,11,0,20,28,30,34,49,50,61,73,83,91
8,14,5,8,27,34,41,44,45,49,50,78,84,87,91,93,11,2,8,20,28,44,45,46,48,66,70,90,13,8,17,20,23,27,28,30,60,61,64,75,84,99,9,1,16,17,27,32,52,65,67,70,14,7,18,24,33,34,39,46,54,61,65,68,78,81,91,12,5,8,23,35,45,52,66,70,73,90,91,94,14,7,22,23,27,34,52,59,65,66,70,71,72,90,95,14,1,10,27,32,33,42,45,46,67,90,91,93,97,98
10,11,3,19,27,29,45,61,70,71,87,89,91,11,0,2,17,22,25,64,70,72,87,91,98,11,14,17,34,42,45,61,70,89,90,97,99,12,0,10,17,25,33,42,45,49,52,54,59,98,9,2,5,29,42,45,65,70,79,91,13,22,27,28,29,33,34,45,68,70,72,79,91,92,8,7,23,24,41,46,61,70,91,11,1,5,33,57,70,80,83,85,91,98,99,11,3,5,11,32,33,49,59,69,89,90,91,12,2,5,34,42,62,66,70,75,79,94,95,98
8,11,0,8,23,25,27,32,61,62,72,75,84,12,3,13,29,42,52,59,61,70,72,78,79,98,12,4,5,8,20,23,39,41,42,43,45,70,84,12,2,22,24,30,34,37,45,52,61,69,91,99,9,1,28,34,35,54,69,79,83,91,11,8,21,27,39,42,45,46,54,63,87,94,14,5,7,20,23,24,26,27,32,35,66,69,70,73,83,10,3,7,27,38,46,50,70,78,91,94
13,6,5,11,17,35,75,91,5,2,28,29,39,70,4,2,23,70,94,3,23,34,70,6,33,45,66,72,91,93,6,2,22,44,52,66,75,4,46,80,91,94,10,5,46,52,64,65,70,71,87,90,91,6,0,2,52,70,82,93,6,0,52,56,59,70,91,2,62,98,7,23,34,35,45,49,54,91,4,8,49,67,89
4,4,33,34,52,69,3,4,28,54,3,43,84,89,3,62,70,84
6,9,3,17,27,29,49,57,70,87,91,9,1,20,29,37,62,64,70,76,90,6,5,45,50,75,81,88,8,0,2,27,33,52,54,75,98,6,0,8,45,54,61,70,6,23,42,70,90,94,98
6,16,3,20,22,23,27,29,33,34,45,50,67,90,91,92,93,94,14,2,3,23,24,27,38,39,45,50,54,59,70,90,91,14,3,17,18,22,28,34,44,52,61,63,73,78,84,91,11,17,32,33,41,45,62,69,70,72,84,97,14,1,5,6,27,34,52,61,64,69,70,84,86,91,99,12,6,23,34,35,62,65,66,75,83,89,91,94
12,10,5,8,42,54,67,70,75,76,87,90,8,5,20,23,26,29,46,61,70,3,8,46,90,8,8,27,29,46,57,70,89,97,17,0,3,4,8,17,20,22,27,32,45,50,59,66,67,68,90,98,9,1,5,24,29,37,45,62,73,91,9,20,23,27,50,70,78,88,91,98,11,6,17,34,39,44,45,50,54,61,91,93,9,29,32,33,34,52,54,59,84,91,9,19,22,27,50,61,68,78,87,91,7,2,29,42,50,59,94,98,4,5,27,61,67
18,11,4,7,8,18,34,54,62,69,78,79,91,9,26,50,52,61,70,79,84,91,93,6,13,27,38,42,52,55,11,0,2,17,29,34,39,42,50,59,81,91,4,5,50,59,71,6,11,33,45,61,78,87,11,2,22,27,34,49,61,69,70,77,89,91,14,7,19,24,29,34,41,45,52,59,70,72,84,91,93,10,5,10,27,47,49,57,65,75,91,94,10,1,35,41,44,49,57,60,65,79,97,13,5,17,27,44,45,52,67,70,72,83,84,95,99,11,27,34,45,46,64,66,67,69,70,89,94,6,33,35,61,70,91,93,10,8,23,31,33,46,66,70,72,75,90,10,1,2,21,35,42,49,67,70,75,98,7,1,27,33,39,42,52,78,13,2,27,28,38,46,61,66,67,70,78,85,91,98,11,6,8,23,24,27,42,49,50,59,90,91
7,7,8,23,27,33,50,59,70,11,7,28,33,40,50,52,68,72,75,79,93,14,2,5,22,27,29,32,39,45,59,64,70,79,91,94,9,3,8,10,27,35,61,69,84,91,6,1,17,27,50,79,91,12,3,10,20,25,34,39,45,50,70,91,98,99,6,23,45,55,59,61,91
7,9,2,5,26,27,56,57,75,91,94,9,7,38,52,59,67,69,70,72,84,6,2,23,28,46,76,91,8,8,20,33,57,64,89,91,98,7,1,2,45,46,69,87,91,9,2,6,17,20,29,30,32,54,61,8,2,3,5,46,52,69,76,91
12,12,1,8,26,27,33,34,56,59,61,91,92,99,13,2,3,8,45,54,57,63,69,70,75,81,91,94,11,2,7,27,29,34,59,61,70,89,91,94,9,2,17,22,24,38,42,46,72,73,12,2,3,5,17,20,26,49,71,72,78,93,98,11,5,8,32,43,44,61,65,78,84,91,98,8,2,3,20,23,30,62,70,84,13,21,28,32,56,60,61,64,66,77,78,87,91,98,7,3,20,34,42,46,71,91,9,0,2,45,61,75,90,91,97,99,10,6,8,20,28,44,45,50,61,63,90,11,8,9,20,23,24,28,32,50,63,64,79
11,14,1,30,35,46,59,67,69,70,71,83,84,90,91,99,10,8,14,26,27,45,54,72,76,84,94,10,5,20,23,41,45,50,52,61,72,90,12,17,24,45,52,56,62,67,70,75,83,90,91,11,14,19,28,29,33,45,46,84,86,91,98,13,5,11,17,20,23,44,61,72,75,80,88,90,94,15,2,17,22,26,27,28,29,32,52,56,57,62,66,67,91,14,2,8,26,33,37,47,63,69,70,76,91,95,98,99,14,17,25,28,42,45,52,56,64,70,72,82,90,91,93,17,0,1,2,5,8,17,19,27,35,43,52,59,61,82,91,92,94,13,1,5,28,30,34,44,46,50,54,57,70,79,91
8,11,1,7,32,41,62,65,66,67,70,73,75,12,2,5,20,54,56,61,62,69,70,78,89,94,10,2,3,8,32,45,52,57,72,76,92,8,5,23,59,61,69,75,84,90,7,3,27,34,42,69,71,91,10,2,5,11,39,45,52,67,83,93,98,11,3,14,17,42,45,59,61,80,81,84,91,10,17,19,27,32,33,43,45,59,67,70
7,7,2,18,34,35,84,89,91,12,2,20,39,52,61,67,70,73,78,79,88,91,11,5,6,23,28,39,46,52,70,83,89,91,11,23,24,27,30,34,42,62,64,75,84,99,6,2,42,61,70,83,91,13,2,5,8,17,27,28,42,45,52,61,84,94,97,13,6,23,27,30,37,42,52,67,70,75,79,87,91
8,11,1,2,27,39,42,62,65,67,72,87,98,11,0,2,16,35,39,41,44,50,56,61,94,9,5,24,42,46,54,56,61,69,91,8,5,10,34,39,49,54,62,70,6,17,52,78,82,84,91,12,5,8,17,22,23,28,33,52,61,72,84,98,10,0,3,7,19,39,49,56,57,61,66,7,2,19,70,72,91,93,95
7,9,17,20,26,34,35,39,70,72,94,9,19,23,26,45,49,52,54,64,91,8,7,8,14,32,61,80,82,91,8,28,39,50,52,61,70,78,83,8,7,10,17,35,39,41,50,94,7,44,50,67,72,76,85,91,10,5,17,22,52,70,75,82,83,85,91
7,10,2,3,5,30,42,44,70,79,87,91,12,1,2,19,25,26,29,35,61,70,79,87,91,13,5,8,20,35,44,45,61,66,70,75,84,91,97,11,2,5,6,8,24,27,29,34,54,79,90,9,17,24,33,34,42,50,63,70,98,11,1,2,3,8,19,57,61,64,67,70,94,10,2,8,17,27,39,46,59,72,81,91
9,10,19,22,42,45,69,70,72,79,86,91,12,2,5,6,27,28,52,73,87,91,94,95,98,13,8,20,27,32,35,37,45,49,52,62,69,70,79,10,4,17,23,28,29,30,45,70,72,93,15,1,8,15,26,33,35,46,50,54,56,58,61,70,75,87,11,3,20,27,28,39,44,54,61,83,84,91,11,2,17,19,24,29,33,35,70,79,91,94,13,3,14,23,26,33,46,49,52,67,71,84,87,91,13,22,25,34,41,42,46,49,70,79,90,91,93,97
11,6,8,17,22,32,54,91,6,5,20,23,75,84,94,8,26,27,33,52,69,79,91,93,7,2,27,28,33,45,62,91,7,8,10,17,29,41,46,89,5,19,27,35,89,95,4,5,34,35,45,6,1,5,32,34,46,70,8,2,20,26,32,34,70,94,99,3,33,54,69,5,29,46,79,83,89
9,22,2,3,5,20,25,27,34,35,42,44,54,62,66,72,75,76,79,80,84,87,91,97,15,1,3,7,13,27,35,45,61,69,70,75,78,89,90,94,16,1,2,6,8,23,26,38,42,45,50,66,69,75,80,91,99,13,5,17,19,24,25,34,46,54,70,91,97,98,99,15,2,8,17,27,29,34,42,45,50,52,56,59,66,70,91,22,0,2,3,8,10,17,19,22,23,25,27,32,34,36,45,52,59,62,69,70,80,91,13,5,22,24,27,28,32,56,69,70,82,90,91,94,18,3,8,13,20,24,27,28,30,33,45,46,50,57,59,79,80,91,94,14,4,5,17,25,33,34,46,52,62,68,70,71,72,91
15,8,0,7,23,32,50,52,76,91,15,12,27,29,42,45,52,56,57,61,62,65,66,68,70,91,10,16,20,27,42,44,52,61,75,80,98,7,17,27,39,65,73,75,91,14,3,5,10,22,27,33,56,61,69,72,75,79,83,91,10,17,26,33,46,52,63,67,70,87,94,12,4,10,17,20,24,27,28,45,69,76,91,94,14,5,8,27,42,45,52,64,70,71,75,79,87,90,91,16,2,3,8,17,32,34,35,42,44,50,52,56,61,72,91,93,13,11,27,29,34,41,61,66,67,70,75,79,84,90,11,2,8,21,32,46,52,61,67,70,94,98,9,5,18,20,35,54,61,70,91,98,14,3,5,20,22,23,26,28,32,35,46,66,78,87,91,13,2,8,27,30,48,49,50,52,61,71,72,90,91,9,8,16,17,23,33,39,64,70,71
12,7,1,8,52,69,91,93,99,7,2,5,25,26,52,71,91,5,2,5,70,84,98,4,45,61,91,97,5,2,8,42,79,95,6,17,23,27,42,83,85,4,44,47,61,66,7,27,30,45,56,67,90,97,8,0,8,17,18,54,61,88,91,2,35,42,9,8,11,28,29,35,61,70,90,91,6,27,45,46,54,63,91
4,4,3,33,34,61,3,61,75,82,6,2,39,49,61,71,91,3,8,27,54
10,6,25,32,50,56,61,81,9,5,8,32,33,49,55,61,91,93,7,3,7,29,32,61,89,91,5,27,35,48,52,61,10,3,5,8,17,19,27,44,54,70,94,6,2,3,22,27,75,78,6,10,18,27,28,39,75,5,17,23,34,70,93,6,7,33,56,61,90,91,5,33,39,63,70,91
6,5,5,27,68,70,90,6,5,8,34,39,61,70,6,6,13,23,27,61,76,6,0,1,28,39,61,81,7,3,33,56,61,70,90,91,7,3,28,61,79,90,91,94
11,12,3,5,8,17,20,27,37,46,70,90,91,93,9,3,17,23,26,28,42,45,91,93,11,2,8,27,31,34,39,62,64,70,72,79,3,8,25,59,5,1,42,46,61,91,10,2,10,27,45,54,61,62,65,70,90,10,5,28,34,42,61,67,79,90,91,94,9,28,31,42,45,46,56,67,70,80,12,4,5,13,23,27,43,44,45,46,54,69,70,10,2,4,26,35,39,70,89,91,94,99,8,8,10,22,27,28,35,84,91
15,11,2,7,14,42,45,46,54,64,70,75,84,11,2,27,28,29,34,38,44,49,52,70,71,16,8,20,22,27,34,35,42,54,61,68,69,70,86,90,91,94,9,1,3,27,45,52,70,88,90,91,11,3,8,23,30,32,49,66,84,86,87,90,14,2,5,13,20,35,39,44,54,55,59,61,70,78,91,9,4,23,27,33,35,42,45,50,72,12,2,3,14,17,22,34,35,46,67,78,80,94,14,8,22,23,26,34,38,44,45,46,64,66,70,72,91,11,0,8,17,27,32,33,52,64,70,80,91,11,2,8,20,27,33,41,56,61,79,94,99,12,34,35,42,44,45,46,50,63,70,90,91,94,11,1,8,28,42,44,50,52,58,61,72,91,6,2,20,29,52,56,90,11,3,5,10,28,29,33,38,52,59,72,86
11,6,2,8,17,25,68,91,7,2,7,17,22,27,50,70,9,17,27,34,44,45,61,70,71,80,7,8,10,45,56,66,76,91,8,20,44,50,52,85,91,94,98,11,5,9,17,27,45,54,61,63,69,82,91,5,3,8,29,57,70,5,0,19,31,56,61,8,2,4,24,50,61,70,75,90,5,8,42,52,60,70,7,5,14,27,49,50,91,93
14,10,3,8,23,27,42,84,89,90,91,94,11,17,20,23,25,27,28,43,45,54,61,91,10,6,8,11,23,33,46,50,59,63,91,12,2,17,22,25,27,41,54,70,79,91,93,94,8,10,23,62,69,85,87,89,91,10,4,10,22,27,29,45,59,61,71,76,12,2,3,5,22,28,34,59,61,66,84,91,94,13,6,7,20,23,28,32,57,61,67,70,79,90,98,7,2,17,23,39,57,72,94,14,3,5,29,45,50,61,67,71,78,79,84,91,94,98,12,14,18,22,34,41,62,68,72,79,90,91,98,11,5,8,28,39,45,46,63,70,79,91,97,12,8,33,42,45,54,56,62,66,70,72,78,98,10,8,17,22,31,33,67,71,80,91,92
13,12,5,20,23,27,32,33,34,50,54,72,81,91,14,5,8,17,23,24,45,46,47,49,50,75,91,93,94,11,5,22,23,24,27,29,34,59,67,71,94,15,1,2,5,17,19,29,44,45,52,54,59,61,62,69,84,9,3,5,19,27,29,34,44,46,80,10,29,39,45,52,61,65,70,75,90,91,12,2,3,27,38,46,52,66,67,78,90,91,98,16,3,7,10,27,39,44,49,56,62,66,70,78,79,81,84,91,12,5,17,20,32,50,61,70,80,84,93,94,95,11,5,6,8,34,35,61,70,89,91,94,98,16,2,5,17,22,23,24,26,27,28,39,42,45,69,70,91,94,9,8,19,42,52,56,61,65,70,91,16,0,1,14,15,28,35,44,54,59,78,80,83,89,91,95,98
12,12,2,3,7,17,24,33,42,54,62,81,91,94,11,8,16,27,35,45,54,66,70,76,91,94,13,3,8,27,50,52,54,70,72,75,84,93,94,98,9,3,27,29,35,39,55,75,84,91,10,3,25,34,35,59,61,62,72,90,91,13,2,5,8,17,20,23,33,43,45,54,70,72,79,7,11,24,28,42,50,66,94,11,2,3,17,29,42,45,54,57,62,70,91,15,8,10,29,33,37,39,42,46,48,61,70,71,72,76,91,12,2,3,4,5,8,22,47,49,56,61,85,91,11,6,15,17,19,22,23,33,39,80,87,90,10,26,29,44,52,54,59,61,67,72,94
5,11,5,8,13,14,29,45,54,59,62,87,91,11,10,28,41,43,52,55,59,61,70,84,91,7,2,33,45,50,90,91,98,11,2,10,27,29,34,50,52,87,90,91,98,10,1,19,20,28,32,50,72,79,90,91
10,7,2,5,9,16,29,35,87,7,0,26,27,28,45,70,91,10,0,2,3,14,17,32,33,50,54,91,5,49,54,61,71,73,10,2,10,19,21,23,39,46,56,66,70,11,3,7,22,27,33,34,35,45,76,92,94,6,49,61,62,70,76,84,2,33,93,9,5,6,29,35,56,67,79,93,98,5,17,29,61,94,98
10,5,49,61,62,89,94,5,10,22,34,54,95,3,27,42,97,4,27,33,42,50,6,20,33,34,91,94,99,6,5,23,32,46,59,91,6,0,2,23,33,42,82,6,3,5,27,39,46,72,6,0,33,45,69,82,98,6,39,61,65,66,79,91
9,11,2,3,14,20,27,32,34,54,61,66,70,16,0,1,2,3,5,27,32,33,39,62,70,76,88,91,92,94,12,2,8,10,19,27,38,39,52,62,84,91,99,12,17,18,19,23,27,28,32,45,54,61,67,94,13,2,20,25,27,29,39,42,56,62,70,80,81,83,13,2,22,37,39,44,45,57,61,70,76,92,94,97,10,1,5,17,20,29,33,42,43,45,91,6,3,7,27,62,90,91,11,17,22,27,34,45,46,61,70,73,79,83
10,6,25,27,34,61,67,80,11,1,4,27,28,34,35,39,61,62,76,90,5,2,8,29,78,84,9,0,3,23,28,52,54,55,89,97,12,2,3,20,22,23,27,61,80,83,84,85,88,9,0,32,50,56,67,75,83,87,91,8,11,17,27,35,66,72,75,94,10,8,17,37,42,44,46,75,83,84,98,7,2,4,17,27,45,61,91,10,2,5,8,11,16,26,32,35,57,88
3,3,19,28,72,5,2,16,50,72,86,4,22,33,61,70
12,8,5,8,10,43,70,83,84,91,6,0,20,46,59,84,91,10,5,34,42,44,61,70,71,78,82,87,8,5,8,61,67,69,70,89,91,9,7,17,27,32,45,54,70,72,76,9,5,39,54,56,70,75,76,78,84,8,3,5,17,32,34,53,62,90,11,2,17,34,45,54,61,72,75,76,79,90,11,5,17,23,33,34,35,45,56,70,71,82,11,2,5,17,22,27,41,52,54,70,90,91,10,2,3,27,29,34,45,61,89,90,97,12,0,1,5,15,29,42,52,54,79,83,91,97
10,6,5,8,23,28,52,56,14,0,19,27,28,42,46,50,56,66,70,72,76,83,91,8,1,2,3,39,56,69,71,94,9,2,8,17,19,33,65,70,87,91,6,33,44,46,56,75,84,9,20,27,54,61,70,72,75,91,92,9,5,11,25,37,50,52,66,67,84,11,6,10,22,34,36,44,45,52,79,90,92,7,17,22,33,39,46,54,61,10,1,2,20,27,33,54,62,80,82,95
9,13,8,20,25,27,33,45,56,62,65,70,80,81,98,11,5,20,32,35,39,42,50,77,84,90,91,8,8,34,54,56,61,62,70,91,5,2,39,46,61,70,10,4,29,35,45,56,71,72,75,95,98,8,8,22,25,27,28,45,71,89,8,14,17,19,27,32,70,75,79,12,0,2,20,46,49,70,75,79,80,91,95,98,9,6,14,52,54,61,70,78,89,91
14,13,8,16,19,27,29,41,45,54,69,70,79,84,91,13,2,21,26,46,50,62,69,70,75,78,80,82,91,13,9,22,27,33,42,50,54,59,72,76,87,90,91,13,1,2,5,20,33,45,46,54,61,70,71,91,94,11,2,17,28,33,34,45,61,70,86,91,93,15,1,2,3,6,19,20,27,42,43,65,69,70,75,78,91,11,5,8,33,35,45,49,52,69,70,91,94,13,0,10,43,44,45,46,61,63,70,84,86,94,99,16,2,5,10,16,22,27,32,34,46,56,61,69,78,82,89,91,13,20,22,27,29,33,45,50,52,61,68,70,79,84,14,8,27,35,38,43,52,59,62,70,72,91,92,94,99,13,2,5,33,34,45,49,54,61,65,67,70,90,91,13,4,24,26,27,33,38,54,57,61,62,69,91,98,14,3,20,22,27,35,48,57,67,68,69,70,71,89,91
11,8,0,27,33,50,52,64,75,94,8,0,20,52,61,75,79,83,91,8,2,27,28,46,70,89,91,94,5,5,7,50,61,84,7,0,3,17,20,67,71,91,8,17,32,45,46,61,64,87,90,11,6,17,29,44,54,61,62,72,79,87,90,9,1,5,8,35,61,72,84,89,90,7,1,27,33,43,52,76,91,7,3,19,22,46,67,84,91,8,2,27,33,39,45,52,61,99
8,9,5,26,29,46,54,55,56,61,89,11,3,23,42,46,62,67,70,72,78,80,84,7,0,32,33,42,44,49,91,9,3,5,34,39,61,75,89,91,94,10,3,8,17,22,24,25,33,49,52,54,6,8,30,44,52,61,91,11,8,20,27,28,31,54,56,61,81,91,94,10,27,34,45,48,49,50,61,75,78,79
6,2,5,61,2,66,68,5,52,62,66,69,91,2,0,42,1,8,4,2,27,48,91
11,7,5,8,22,52,57,84,94,15,1,3,4,6,29,32,35,45,49,50,52,70,73,75,90,11,4,9,23,35,45,70,72,87,89,91,98,11,20,23,29,45,46,52,67,75,76,79,87,10,4,8,17,25,45,56,69,70,72,99,10,6,13,20,25,33,34,39,87,91,99,10,2,3,5,17,27,28,33,35,79,91,9,27,29,39,45,46,56,66,78,91,5,3,8,27,66,79,11,3,20,25,29,32,42,44,45,63,71,73,9,2,7,18,27,49,61,71,72,93
11,11,3,4,5,7,45,54,61,67,88,91,95,10,5,17,27,45,68,70,79,82,91,94,7,3,22,29,34,59,61,87,13,1,5,20,23,27,28,33,35,39,44,70,89,91,8,3,6,13,33,39,61,75,87,11,1,5,11,35,41,59,61,70,72,84,98,9,2,42,44,59,84,87,92,98,99,11,2,6,11,22,23,27,67,70,83,85,97,10,2,8,10,32,45,56,69,78,80,92,9,2,22,26,27,36,45,52,72,91,8,24,26,32,42,44,45,52,79
9,11,2,5,8,23,27,34,46,52,56,66,91,7,17,23,28,52,70,84,91,16,8,17,24,27,39,44,45,46,61,62,66,69,70,87,90,91,13,2,5,22,23,24,34,39,45,50,73,83,91,98,13,22,24,27,28,29,46,49,52,63,76,79,84,89,12,1,2,17,27,30,33,35,41,45,66,79,84,10,14,20,24,41,59,61,72,79,84,91,10,0,5,8,20,45,62,71,75,91,94,12,3,8,30,33,45,54,56,63,67,75,91,94
6,17,2,5,8,13,17,22,26,27,33,61,67,69,70,71,72,89,91,20,0,5,8,14,17,22,27,35,41,46,49,52,69,70,75,78,81,90,91,98,17,3,20,22,25,26,27,34,42,45,50,54,61,67,69,70,91,94,14,20,27,29,34,42,45,46,59,61,63,65,70,71,79,17,1,2,5,16,19,23,32,35,42,49,54,57,66,79,80,85,98,16,2,3,8,10,20,27,32,33,56,61,62,69,70,82,90,91
6,6,2,5,42,49,70,90,8,2,8,20,25,37,45,83,94,5,1,24,60,94,99,7,2,3,14,29,39,70,88,10,1,3,8,10,35,46,50,54,59,91,4,27,45,61,65
8,7,8,23,45,52,79,84,90,3,1,20,27,7,0,5,25,33,57,60,91,7,23,32,33,34,35,44,67,6,28,33,34,54,59,91,6,5,8,19,27,33,69,5,17,23,31,46,91,8,5,19,33,52,61,63,70,93
9,6,8,22,29,30,61,92,9,2,3,9,56,63,69,75,91,98,4,19,52,75,94,9,5,16,23,44,61,70,72,89,91,5,8,10,32,50,70,10,3,17,33,44,50,54,59,91,98,99,7,17,26,45,70,76,84,99,12,0,2,14,26,27,29,33,56,62,70,90,98,9,2,23,42,52,61,75,76,79,98
6,11,3,8,35,44,45,52,54,70,75,84,91,11,2,17,32,35,42,45,46,67,76,79,82,12,2,4,7,19,23,29,52,65,66,70,91,93,11,2,17,20,24,34,44,46,52,61,70,84,14,2,13,17,20,23,24,26,27,48,52,61,73,84,89,11,5,8,30,39,44,61,63,68,89,90,99
6,15,1,2,5,19,22,27,33,39,52,67,70,72,84,89,98,11,2,8,17,22,26,27,30,61,72,79,91,13,0,5,17,25,27,33,34,46,52,70,78,79,91,13,5,29,33,34,61,63,70,71,72,83,91,92,97,12,2,5,17,35,37,42,49,52,82,84,91,97,12,5,17,23,33,34,45,63,65,79,82,91,98
8,5,6,8,35,54,94,4,27,28,90,91,7,2,4,24,52,89,91,97,6,8,44,52,61,77,91,8,3,28,35,45,66,87,90,91,7,3,10,42,49,52,79,99,9,5,13,27,33,45,56,70,72,79,8,5,6,27,28,41,50,61,79
6,6,8,50,67,70,83,98,6,3,17,27,45,62,68,6,22,28,45,69,79,97,5,17,22,70,78,91,7,17,31,46,70,79,83,91,4,27,61,84,88
12,8,3,17,23,45,61,63,70,91,4,47,59,66,87,9,8,17,23,52,56,70,75,78,90,10,14,22,23,35,42,44,45,54,59,61,6,0,8,42,61,70,81,10,2,8,17,22,25,27,45,54,86,89,13,1,18,19,32,34,45,52,59,61,70,72,83,94,9,2,17,45,46,67,78,90,91,94,9,17,20,23,25,28,32,52,72,91,10,2,5,30,43,45,52,69,70,76,87,10,1,20,32,33,46,58,66,68,75,91,10,3,28,32,52,61,67,72,73,78,84
4,2,62,94,5,2,3,24,61,91,2,29,42,4,2,8,46,53
15,10,2,8,22,27,30,33,76,90,91,92,9,8,38,45,59,68,70,78,91,95,8,32,42,63,65,70,91,94,99,10,2,22,40,52,54,57,66,68,70,91,9,17,26,29,44,45,66,70,72,91,8,5,8,17,33,38,69,87,91,9,8,22,30,44,45,50,52,79,91,6,0,45,50,76,91,98,9,5,23,25,27,39,42,49,52,54,6,34,49,69,70,91,93,7,0,27,35,73,79,84,90,10,2,14,17,23,33,45,52,70,94,98,10,20,33,35,45,49,50,70,79,84,99,5,27,44,52,62,84,7,2,24,27,34,43,52,79
5,7,17,52,67,68,83,89,99,8,3,23,29,33,46,69,86,94,5,4,8,20,29,50,4,8,17,50,91,6,0,35,46,63,64,69
9,3,34,70,94,4,17,54,61,84,5,17,52,71,89,91,3,45,69,91,3,1,3,62,2,52,61,7,0,28,56,70,75,90,93,3,3,38,52,6,1,14,45,49,57,94
12,9,11,23,34,45,70,78,84,90,91,5,45,49,84,89,91,7,37,52,54,62,72,97,98,9,5,15,33,35,42,54,57,87,91,11,0,27,29,33,61,70,72,79,87,89,91,5,1,5,8,54,79,8,6,22,24,49,61,71,80,91,8,17,27,28,66,70,75,84,92,8,1,3,23,32,42,54,69,91,7,0,27,29,42,61,91,95,10,5,8,23,39,56,61,63,70,73,91,10,3,5,7,8,27,34,64,66,83,99
8,12,3,8,28,43,56,61,64,72,75,81,88,94,12,3,28,32,58,61,62,68,73,90,91,94,95,11,5,8,19,44,49,60,70,79,91,93,99,11,2,3,28,29,38,45,52,54,61,67,69,14,1,15,20,28,49,61,62,70,72,79,89,90,91,93,12,20,27,29,37,39,42,44,52,65,69,70,79,10,5,22,44,56,59,61,83,85,94,98,7,4,8,23,29,70,83,94
9,11,0,8,20,33,50,56,61,70,84,89,91,13,0,8,14,20,24,27,42,45,54,65,66,72,91,10,12,23,27,30,35,42,52,56,58,90,15,2,8,20,28,35,43,44,54,57,61,71,79,87,88,91,13,0,2,5,17,20,26,35,42,52,66,69,86,91,14,5,6,33,39,42,44,45,52,54,67,72,79,82,91,13,2,8,17,33,44,46,61,70,78,79,84,90,98,11,1,2,8,22,34,35,52,61,66,70,91,14,2,5,23,33,34,45,46,50,69,70,76,88,91,94
7,9,3,22,24,37,45,56,78,85,91,9,5,20,27,28,29,45,66,72,75,8,8,29,32,45,61,62,70,91,7,1,8,27,32,45,89,91,6,2,5,27,59,66,70,11,1,6,8,25,26,45,65,66,90,91,94,7,2,11,32,45,54,57,61
8,5,2,17,34,75,90,6,8,17,26,42,52,94,4,6,46,61,91,6,39,45,61,69,75,91,4,4,66,70,98,5,20,33,45,56,90,5,2,22,42,69,78,4,0,54,59,93
9,15,2,5,6,14,28,29,33,34,35,36,52,54,64,83,89,11,3,8,17,27,32,34,44,61,89,90,98,16,0,2,20,25,26,29,32,34,42,44,46,59,72,79,80,91,16,8,12,17,26,27,44,45,46,50,61,67,71,85,91,94,97,15,0,2,8,14,20,23,28,39,42,46,56,67,70,91,98,12,7,14,27,28,29,39,56,61,66,78,79,91,12,2,11,24,46,52,57,71,78,84,90,91,98,14,3,5,8,32,34,46,56,59,61,70,83,84,90,94,12,2,23,30,44,54,56,61,66,78,84,87,91
13,8,2,5,37,61,72,78,90,91,7,14,20,27,35,63,87,91,11,23,27,41,54,59,66,70,78,84,89,94,7,2,25,27,29,69,94,97,8,0,8,17,27,45,61,69,91,11,32,34,35,39,45,46,48,50,54,72,86,7,8,27,29,42,46,79,91,8,5,8,20,29,35,45,70,91,7,25,34,46,71,84,91,93,10,1,17,20,28,30,42,52,70,83,91,8,45,46,50,52,61,67,83,90,3,17,54,91,9,30,32,35,45,56,57,61,63,89
14,10,2,3,17,23,29,45,70,71,72,91,10,2,3,4,7,8,17,50,70,78,84,11,5,20,30,37,42,50,54,67,70,78,79,8,0,2,17,27,31,63,79,91,8,35,45,64,68,69,70,76,91,11,1,5,34,42,49,59,61,78,79,83,84,10,1,3,17,23,27,44,52,80,87,91,12,10,34,35,42,44,45,46,56,70,76,89,99,12,8,17,22,23,45,55,66,70,84,91,93,94,10,20,23,29,33,50,52,70,84,87,93,9,0,7,27,33,52,56,70,71,91,10,2,3,5,22,23,27,30,69,70,82,10,3,10,16,23,49,62,70,71,91,99,10,2,3,17,45,61,62,66,90,91,93
5,18,0,2,3,8,27,28,32,34,35,42,45,52,57,60,61,63,64,91,12,8,20,22,35,52,56,59,61,67,70,90,94,18,2,17,28,34,35,44,45,54,56,62,63,70,72,76,78,83,90,91,19,2,5,17,25,27,29,30,34,42,44,56,61,70,73,79,90,91,94,99,17,2,17,27,28,29,30,33,42,43,52,67,68,83,85,89,91,98
8,16,1,2,5,8,19,23,27,38,62,65,70,78,86,89,91,98,12,3,8,17,28,61,67,70,79,86,87,91,94,15,2,3,20,23,32,49,50,54,61,68,70,79,82,91,94,9,17,20,26,33,76,79,91,97,98,12,2,17,29,30,33,62,70,79,89,91,94,97,13,4,5,24,27,34,54,61,63,64,70,91,94,98,14,5,8,22,27,29,31,33,42,50,52,61,69,70,94,16,2,6,17,20,45,54,56,57,62,63,70,71,79,83,88,90
11,13,5,6,8,41,42,45,46,54,61,62,68,72,91,12,5,8,16,41,45,46,62,69,70,87,91,97,11,0,5,20,42,52,57,62,69,90,91,94,13,5,27,30,35,52,54,56,72,76,78,90,91,94,9,27,42,50,59,61,66,72,91,92,8,0,27,41,42,80,83,89,93,10,2,17,22,27,49,80,89,90,91,94,13,2,8,23,24,27,33,41,42,61,66,71,72,94,9,1,24,27,45,48,50,70,93,98,10,0,25,27,28,33,34,70,72,91,94,7,1,7,52,62,70,72,98
9,6,5,23,29,70,75,91,9,0,5,8,17,23,27,50,62,90,9,17,35,37,39,42,55,83,97,99,12,1,10,17,26,27,42,46,57,72,73,91,93,6,2,5,27,34,62,84,7,6,17,46,52,67,94,97,7,0,24,26,34,39,81,98,12,0,2,8,27,34,46,52,72,76,91,94,95,5,26,61,66,70,99
10,12,5,6,23,33,39,45,59,72,75,80,87,94,7,2,8,28,31,54,57,94,9,0,1,33,34,38,42,64,81,89,13,2,3,8,10,20,29,46,61,62,66,70,83,98,9,5,8,19,34,42,45,66,90,91,8,4,13,19,20,61,69,79,98,10,3,4,8,17,22,29,63,70,84,94,6,20,27,49,59,67,86,9,3,17,31,45,54,56,61,64,76,9,20,22,27,35,42,65,70,75,90
11,8,5,8,17,35,45,54,70,84,8,5,24,45,46,52,62,69,91,9,10,11,27,52,66,67,68,72,90,10,3,5,28,45,46,50,56,64,70,90,8,1,5,8,27,33,34,79,92,7,3,33,57,61,70,80,91,10,20,28,39,46,63,64,84,91,97,99,10,2,5,19,22,34,35,66,69,70,91,9,2,3,17,22,26,56,67,72,97,9,1,2,23,33,45,59,61,91,98,7,5,8,42,49,63,70,88
11,7,5,29,34,44,45,69,91,10,2,39,42,45,61,62,66,70,82,91,9,3,8,22,28,33,79,91,92,99,12,2,3,4,8,23,34,39,44,56,69,84,91,8,5,22,32,35,49,70,90,91,15,3,4,11,14,22,27,45,50,52,56,61,76,86,87,91,14,1,5,14,24,34,44,58,61,70,72,75,84,87,98,5,1,6,7,27,68,16,3,5,17,23,27,34,45,56,59,61,62,70,72,73,91,92,11,22,23,35,54,56,60,61,76,83,84,90,9,10,17,28,42,44,61,70,75,88
7,2,23,70,8,19,28,42,45,46,47,75,81,7,52,61,62,70,81,91,94,9,8,17,28,29,42,44,45,46,90,9,2,7,14,17,35,70,72,79,84,10,0,11,28,35,45,54,57,66,71,72,7,17,46,61,70,79,90,91
12,10,5,26,33,39,42,44,46,91,92,94,9,5,27,46,52,54,62,72,89,91,10,17,18,45,54,55,66,87,89,90,91,10,3,8,20,28,29,69,70,71,72,91,7,1,26,32,66,70,91,95,11,8,19,24,27,45,56,57,66,87,90,98,9,5,8,20,27,70,78,79,91,98,11,8,17,22,25,35,45,46,70,78,79,84,10,2,6,8,19,23,27,42,43,84,85,13,5,8,17,20,42,45,56,57,70,79,84,91,98,10,8,34,42,57,61,67,69,70,81,91,10,5,6,39,62,67,70,88,90,95,99
10,4,28,61,70,91,3,68,75,98,2,29,62,5,3,22,41,49,61,5,5,17,20,45,62,3,46,69,90,5,31,52,69,76,93,4,23,46,62,66,3,2,5,91,7,6,8,34,57,61,79,89
13,9,3,5,16,27,46,56,69,78,91,11,3,6,8,17,20,23,39,61,80,91,94,11,14,27,31,50,52,55,66,67,70,90,98,10,2,8,59,64,67,79,80,91,94,95,9,3,22,24,27,34,61,83,84,90,13,2,5,29,30,32,42,44,49,57,61,84,90,91,9,3,7,29,35,62,70,78,91,94,12,13,17,28,34,45,48,61,62,70,76,79,91,10,8,19,22,23,33,52,66,70,91,93,7,17,20,26,64,70,82,91,8,10,33,39,45,50,54,56,91,11,2,5,17,33,48,56,66,70,84,88,91,10,2,20,22,34,59,61,70,78,84,91
13,11,2,16,17,18,22,27,34,45,57,69,91,13,2,5,19,25,27,41,50,61,69,72,79,91,94,14,3,4,8,23,26,45,56,59,61,63,71,79,86,91,10,0,3,5,17,20,45,61,68,70,89,11,2,8,20,45,56,62,68,72,84,87,91,13,0,1,19,25,26,31,50,52,64,70,87,89,93,9,17,19,33,34,56,71,79,84,98,14,0,2,10,22,25,27,28,34,45,52,61,70,91,99,8,2,3,8,10,45,46,80,83,8,3,25,27,75,87,91,94,98,9,5,7,17,21,23,30,34,42,94,13,0,1,2,8,26,27,29,35,42,43,46,70,91,11,2,5,13,20,23,26,27,52,84,91,98
13,11,3,6,8,27,33,45,61,69,70,84,94,10,5,8,20,23,33,34,47,91,94,98,8,5,33,50,56,61,70,75,84,13,1,28,32,41,46,52,54,62,64,68,70,81,84,13,2,8,19,28,33,35,39,42,45,50,61,70,91,13,0,5,26,27,32,45,49,69,70,79,91,93,98,12,5,8,27,28,29,46,59,61,67,68,70,84,13,0,3,8,17,20,22,46,50,52,61,70,89,91,10,2,5,22,29,45,68,75,78,85,91,13,0,1,22,24,28,35,37,44,50,57,62,70,91,5,27,50,66,72,84,11,5,32,39,42,52,54,56,61,67,87,98,12,1,5,8,23,27,34,44,49,57,70,71,91
8,13,17,19,23,37,50,52,54,61,66,71,75,81,84,11,3,5,17,29,34,42,45,49,50,70,93,8,2,17,33,45,52,61,63,76,9,2,6,10,32,49,50,52,61,83,11,5,8,25,27,54,61,68,70,72,91,98,11,24,28,29,42,56,59,67,71,81,91,98,7,13,23,27,28,44,67,91,13,3,5,28,33,42,46,48,56,61,63,65,71,91
9,4,17,46,70,91,11,24,27,35,42,45,50,61,65,68,90,94,11,17,28,46,54,62,66,72,80,82,91,93,14,5,6,8,17,22,27,28,35,39,45,61,70,75,87,7,3,8,45,87,91,92,94,9,0,2,3,32,34,45,54,90,91,7,1,3,27,33,38,87,91,8,5,14,17,25,26,31,45,91,11,5,14,22,33,34,42,49,61,72,91,94
13,11,2,5,8,13,17,45,69,70,78,92,94,13,2,7,8,10,22,26,27,34,42,59,61,69,79,14,2,14,30,45,46,52,54,57,61,63,69,78,83,89,14,3,8,27,33,44,46,52,56,61,62,72,83,91,92,16,2,5,6,7,8,27,28,30,34,44,59,62,67,70,86,90,11,3,17,29,42,45,52,54,76,86,87,91,11,8,16,19,27,29,35,39,60,70,79,91,16,3,8,10,14,25,28,29,45,52,54,57,61,69,85,90,91,14,0,2,5,6,17,20,27,33,35,42,61,91,94,98,14,1,2,3,5,8,23,27,33,34,43,50,70,72,90,15,1,2,7,20,23,27,29,34,49,70,72,76,79,87,91,17,1,2,5,20,28,29,32,44,45,47,49,56,57,61,70,80,90,14,2,3,28,35,46,54,56,62,70,84,86,91,94,98
7,9,8,23,27,46,52,73,83,92,93,10,1,3,8,23,35,45,54,55,70,91,9,2,17,29,34,54,61,63,66,91,9,8,17,26,27,44,54,67,70,75,9,2,17,18,26,34,42,45,50,72,9,17,20,27,45,70,86,94,98,99,10,10,17,34,38,42,45,50,61,76,93
13,8,2,7,17,27,46,61,91,94,9,2,8,33,59,61,67,70,78,99,11,3,10,34,35,45,50,61,70,75,90,94,9,0,1,8,17,20,27,29,34,45,10,1,11,25,29,45,67,70,90,91,94,5,14,29,70,72,91,10,3,5,8,33,44,62,70,79,87,99,9,22,27,45,48,59,61,66,70,90,7,20,22,24,35,45,46,61,9,2,14,17,23,28,35,45,61,70,10,2,17,23,27,39,45,59,61,66,91,11,6,8,28,32,35,39,50,66,70,80,91,10,2,17,22,28,33,56,59,70,82,98
10,10,7,18,25,28,45,64,68,72,78,90,14,0,3,22,25,27,33,50,56,57,61,78,87,89,91,9,1,23,29,41,45,57,70,90,93,11,2,5,8,23,33,34,45,54,61,76,82,8,5,8,27,52,66,70,91,94,10,1,32,33,54,59,61,70,75,84,91,10,5,8,18,19,34,44,70,71,91,94,7,19,41,46,61,67,70,85,11,0,1,8,17,18,22,42,46,64,70,79,11,3,14,20,33,35,41,42,61,66,67,90
9,9,0,6,8,19,27,70,76,87,98,11,11,17,33,50,52,56,75,79,89,91,98,8,1,8,28,45,56,61,64,91,5,5,27,28,70,98,7,16,44,54,61,67,72,91,8,14,16,39,41,59,62,90,98,8,0,3,5,24,34,43,45,65,4,14,66,71,72,8,2,17,29,42,61,62,70,90
6,14,8,23,26,41,45,46,66,69,70,71,86,87,89,94,12,0,23,27,50,54,56,61,70,71,81,91,93,14,1,8,17,20,23,27,28,32,44,46,56,59,70,71,11,2,7,8,27,40,61,71,72,90,91,99,6,1,5,52,72,91,94,13,2,8,19,28,39,42,44,54,57,61,72,79,90
12,8,3,25,27,29,45,54,75,79,7,8,16,29,35,42,66,90,6,22,26,59,69,70,81,5,8,12,27,70,72,7,27,43,54,61,69,70,97,7,5,27,29,34,44,54,70,8,0,28,59,61,63,72,86,91,4,32,33,45,71,3,34,79,98,6,6,16,28,33,46,89,6,5,32,34,52,56,72,5,28,42,45,52,56
11,8,1,34,39,41,61,67,90,94,7,19,23,33,42,61,70,87,11,3,5,8,17,22,27,29,57,59,61,70,6,2,17,27,29,43,98,10,1,3,10,17,18,35,50,56,66,91,8,5,20,26,50,66,67,87,91,7,23,24,45,56,72,78,91,10,1,2,33,34,44,50,59,91,93,99,7,20,44,52,61,64,93,95,7,3,24,32,42,66,72,89,9,2,8,22,33,50,52,54,84,91
10,4,5,8,27,84,11,8,17,42,44,61,70,75,86,89,91,99,7,1,42,46,69,79,90,91,5,17,32,45,54,70,8,8,23,44,52,54,78,97,98,9,0,1,5,26,28,33,34,42,94,8,8,22,34,35,42,46,62,69,11,2,5,20,42,45,59,62,72,83,91,94,8,3,17,57,70,84,90,91,98,10,1,4,29,33,35,45,52,78,90,91
11,14,1,8,11,19,33,50,52,56,64,70,75,76,90,91,11,0,1,2,27,46,56,61,79,90,91,94,11,8,17,24,29,42,43,45,46,52,70,98,10,4,5,33,46,52,59,70,83,88,95,9,8,28,32,45,52,61,68,91,98,8,27,28,45,63,65,70,89,91,10,2,5,6,38,42,75,79,91,98,99,12,2,5,7,14,27,28,41,52,70,76,78,97,10,2,8,28,29,39,45,46,64,67,80,11,7,22,30,54,61,62,66,70,72,91,99,9,24,33,35,46,50,66,69,70,91
11,8,42,46,50,70,72,83,91,94,12,2,7,17,26,39,50,56,70,71,84,91,99,9,22,39,42,45,69,70,73,78,91,11,23,28,45,47,52,56,70,76,79,88,93,9,8,14,27,45,61,62,66,69,91,10,2,5,14,19,23,34,62,75,80,87,13,8,14,17,23,29,39,41,45,61,67,80,83,91,9,3,10,17,23,32,48,52,70,84,9,0,8,13,20,27,30,33,54,94,10,4,8,19,20,22,25,29,46,61,98,11,17,23,32,39,44,52,54,70,72,91,98
9,12,0,2,3,14,17,27,42,45,62,66,84,91,10,2,8,30,42,46,63,69,70,76,91,10,4,8,10,30,33,42,44,69,70,91,7,22,35,39,54,69,77,98,11,0,2,3,20,27,32,52,79,80,82,91,12,1,5,7,19,22,44,45,46,57,61,69,98,10,1,8,20,27,29,45,70,76,90,98,6,2,3,22,29,54,91,8,20,27,32,54,56,63,70,83
8,10,5,8,38,45,70,72,78,79,84,94,11,0,3,4,22,25,29,30,70,75,89,91,7,33,35,45,50,79,90,93,13,2,19,23,27,32,35,42,52,55,61,64,88,98,8,0,4,24,27,33,34,43,64,8,6,45,66,71,79,90,91,94,6,2,6,28,56,57,84,8,20,29,31,32,33,42,48,78
4,6,5,50,61,68,91,98,4,2,10,61,78,5,5,8,59,90,91,6,28,32,46,52,68,69
9,7,50,61,62,70,72,79,91,9,4,17,23,24,36,61,66,71,78,8,17,27,34,39,61,69,84,91,2,0,33,8,2,8,42,45,52,70,90,98,8,4,21,45,46,59,61,65,84,10,2,5,17,20,26,30,34,52,61,70,8,24,35,45,61,87,90,91,92,9,35,45,49,52,57,70,80,91,93
8,15,5,10,19,20,33,35,45,52,59,66,67,84,87,91,94,12,0,3,5,6,25,26,32,45,49,56,70,91,14,2,5,16,25,27,28,29,43,45,49,70,78,84,91,14,3,5,6,8,16,20,25,28,35,44,56,61,62,72,17,2,5,25,26,27,35,39,49,54,56,65,70,76,82,90,91,98,14,2,4,8,10,23,32,34,35,61,63,67,70,91,94,14,2,3,17,27,34,39,44,52,57,61,70,75,90,98,11,1,19,24,44,45,50,61,76,80,89,97
9,3,61,70,91,4,23,27,56,90,2,3,75,6,5,54,56,59,70,91,6,1,17,26,42,70,94,5,52,61,70,90,91,4,8,44,55,59,6,5,8,19,23,39,61,5,5,20,22,54,93
13,12,2,3,14,23,38,46,52,61,70,84,91,93,15,0,2,19,23,28,39,45,54,61,72,76,79,82,85,94,13,16,17,21,24,27,33,34,39,41,50,61,76,87,15,2,3,32,44,45,46,49,52,54,57,70,71,87,90,91,12,0,3,8,29,32,33,42,43,44,45,52,79,11,7,10,14,25,35,39,43,64,78,79,91,13,5,8,18,23,29,33,44,45,70,75,88,91,94,9,2,8,33,39,54,59,64,67,75,12,2,17,35,44,50,76,79,84,91,92,95,98,9,17,24,25,27,34,72,79,84,91,12,3,17,24,27,33,35,45,56,59,61,72,91,13,0,5,17,19,26,29,34,57,59,62,72,83,90,14,1,2,3,8,22,27,50,61,69,73,84,89,91,94
9,12,2,27,49,54,55,61,67,89,91,94,95,98,11,17,23,27,33,34,52,54,61,75,84,87,12,5,32,42,52,56,59,61,63,70,91,94,95,13,7,8,17,25,26,27,52,62,67,69,78,89,91,9,2,10,22,53,61,70,87,91,94,13,2,5,9,27,33,42,55,56,59,61,66,75,98,17,0,5,8,14,17,20,29,40,46,48,52,57,68,79,84,88,90,8,6,17,46,61,62,70,91,95,12,8,17,27,34,35,44,45,50,61,64,79,91
9,7,4,14,16,17,54,91,99,5,2,27,56,61,79,6,17,22,27,35,72,84,4,2,49,60,82,5,2,4,27,32,59,8,5,33,52,70,71,84,94,98,4,27,34,45,97,8,3,6,23,26,27,49,69,91,8,26,27,32,52,54,57,61,78
7,14,3,5,8,13,20,27,41,45,54,59,61,69,91,94,14,5,25,42,44,48,52,63,64,71,79,84,87,91,98,15,0,2,5,8,17,25,35,42,55,61,70,75,84,87,97,13,2,3,5,14,27,45,56,67,69,78,81,89,91,10,1,5,6,7,41,42,45,52,90,91,15,5,20,28,29,31,32,65,66,70,71,75,79,87,90,97,17,0,2,3,17,19,24,27,32,39,61,65,70,72,80,85,86,91
3,1,2,2,76,91,1,60
9,9,1,2,11,22,27,44,61,88,90,9,2,17,33,48,50,52,61,70,91,8,4,8,41,56,61,72,87,91,8,1,17,25,29,32,65,70,91,7,32,43,45,70,71,84,91,10,3,20,28,30,32,45,59,84,86,91,6,17,22,39,52,70,91,9,3,27,33,35,42,45,50,66,70,8,7,28,45,52,67,68,75,91
7,9,1,2,39,41,45,54,84,87,90,8,4,22,29,30,33,50,87,93,9,2,5,22,39,42,46,67,78,87,12,0,5,23,44,49,50,52,62,70,89,91,93,7,2,5,44,45,56,63,91,8,2,21,28,52,65,86,91,94,8,1,20,27,28,35,78,89,97
8,8,20,42,46,61,68,70,90,91,8,2,27,32,44,45,67,71,91,6,5,8,27,70,72,90,7,3,8,27,34,52,70,94,6,29,61,64,70,90,91,6,2,3,4,5,90,94,8,3,6,8,29,33,35,46,91,8,11,18,28,42,48,49,50,90
11,12,2,20,22,27,28,30,42,44,52,67,91,98,8,3,17,45,56,69,70,80,91,10,2,5,8,19,35,42,46,49,91,94,7,0,24,31,61,70,84,91,15,0,2,5,23,24,32,33,35,39,45,46,52,70,78,88,10,5,8,17,27,39,54,65,68,72,84,10,7,17,28,35,52,59,68,79,84,91,10,8,33,45,46,66,70,73,75,91,98,10,5,6,17,26,33,39,50,66,70,76,7,5,20,34,45,61,70,75,7,2,23,52,61,68,88,90
7,9,5,20,22,23,39,69,70,79,91,11,5,19,28,44,45,55,56,61,70,75,98,10,2,27,39,45,46,52,54,70,94,95,7,49,52,59,61,78,83,91,9,17,28,44,49,50,67,78,79,84,10,2,7,8,39,61,64,69,89,91,95,6,3,17,34,45,87,91
5,13,1,26,30,37,39,69,70,72,75,78,79,84,94,11,6,20,27,43,57,69,87,90,91,94,98,11,2,5,23,24,26,29,39,43,44,45,57,12,0,1,5,17,34,45,66,70,89,91,93,94,9,2,29,45,52,65,70,90,91,93
12,10,2,5,17,33,34,41,69,75,79,91,4,0,45,61,94,6,5,13,43,52,56,67,7,24,27,42,56,69,70,90,6,2,27,57,62,73,91,5,2,3,10,71,91,8,5,8,50,54,56,70,75,95,6,27,29,35,56,70,91,9,27,52,62,72,75,76,89,91,97,8,1,24,30,45,70,72,83,93,10,8,23,27,34,38,70,79,83,84,91,5,8,23,45,52,61
8,12,3,8,20,26,34,46,50,70,72,90,91,92,13,2,19,21,22,24,25,27,30,43,54,61,75,91,14,2,8,13,29,34,39,43,45,46,52,65,70,81,94,10,8,32,34,35,44,54,70,76,84,91,15,2,8,33,41,42,49,52,62,70,71,88,89,90,93,94,14,2,8,20,39,42,45,62,70,78,87,89,91,94,98,14,2,8,10,27,33,35,45,55,59,66,79,84,91,94,17,8,23,27,30,33,34,38,42,49,56,57,61,69,89,91,92,94
5,11,1,22,29,33,34,45,68,70,83,90,91,10,1,8,17,23,27,33,42,57,61,70,12,2,17,20,27,54,59,61,70,71,90,91,98,13,2,6,17,22,33,42,45,46,71,75,76,84,93,9,2,21,39,45,56,72,79,90,91
10,12,3,17,22,29,33,35,42,46,56,61,72,91,17,5,26,28,33,34,39,42,46,49,50,52,56,61,68,76,87,91,17,2,17,23,24,26,27,35,41,45,50,54,66,69,70,84,91,95,15,5,16,23,28,45,47,52,56,62,66,69,70,79,91,98,16,1,8,14,17,19,20,29,34,42,68,69,70,76,90,91,99,16,2,3,14,23,26,31,33,45,52,56,61,75,81,91,93,94,17,3,17,23,26,27,31,39,42,52,54,61,67,68,70,84,89,91,18,2,17,27,30,35,42,45,57,59,66,69,75,76,84,91,95,98,99,10,1,42,52,61,65,72,79,84,86,94,15,2,8,34,35,43,59,61,62,70,72,81,83,87,91,97
7,7,17,45,52,54,80,87,91,8,8,18,29,32,45,52,69,91,2,35,70,7,1,2,23,27,34,45,61,9,3,8,20,34,35,42,49,75,91,6,45,46,52,69,70,75,7,6,18,26,35,61,70,79
7,9,8,20,32,34,43,59,72,75,80,7,23,45,50,52,56,93,94,9,27,28,45,64,65,70,79,80,82,10,3,17,27,33,34,37,38,42,70,94,8,2,33,39,59,66,79,84,91,9,2,4,6,31,33,34,62,66,89,9,6,20,27,32,34,45,52,59,91
5,13,23,27,33,39,41,45,52,66,68,70,71,79,93,10,8,23,28,35,56,61,67,70,72,94,10,0,3,5,22,23,24,25,37,91,95,12,1,2,3,5,17,33,34,35,42,50,70,91,10,17,22,39,45,70,73,78,83,90,91
9,13,1,17,19,23,27,37,45,61,69,70,90,91,94,15,3,5,11,17,22,28,34,39,44,46,72,82,89,91,92,14,1,2,5,8,26,28,58,61,66,72,91,93,97,98,11,2,3,27,29,56,62,70,78,79,84,91,14,2,14,17,18,26,27,28,33,39,42,52,70,87,91,11,2,17,28,39,42,45,68,76,80,91,98,14,3,17,27,29,34,39,41,46,50,52,70,84,90,91,13,6,8,13,23,26,27,42,45,52,70,83,91,94,11,19,23,32,33,35,44,61,70,79,84,90
7,10,1,13,19,25,27,34,45,69,79,91,6,2,27,39,45,62,91,4,42,45,61,71,8,8,22,27,32,70,79,91,94,5,27,35,61,70,94,10,8,24,26,27,34,35,42,56,88,91,3,2,54,82
7,9,17,23,25,27,45,54,70,80,91,8,0,8,20,29,33,46,66,91,8,8,22,25,34,61,66,76,90,11,3,5,24,32,45,67,70,72,76,89,90,9,22,28,34,39,46,56,78,89,91,6,17,70,72,90,91,94,10,5,16,22,35,45,56,61,66,78,91
11,15,3,23,24,29,42,47,54,57,59,61,67,70,71,80,98,18,3,5,8,23,28,42,44,45,46,52,59,78,81,82,84,89,91,93,17,2,22,23,24,26,27,33,34,39,43,54,61,64,91,94,97,98,14,3,4,8,17,23,33,44,50,52,70,71,83,89,91,11,4,26,29,32,39,70,72,80,91,94,98,13,5,8,13,17,23,25,27,52,54,70,78,79,99,10,3,27,34,35,44,46,61,69,75,79,15,8,10,19,27,29,45,56,59,61,66,76,84,89,91,92,16,5,6,10,11,28,32,34,35,43,46,50,61,66,84,91,99,11,2,17,20,23,29,50,52,63,85,90,91,12,5,17,22,23,27,32,46,57,61,70,72,91
13,5,1,2,5,42,91,6,7,27,28,29,46,61,8,8,27,33,61,67,68,69,97,7,5,19,33,61,70,72,80,11,22,27,30,34,56,69,70,75,90,91,98,5,3,10,19,46,71,9,2,20,45,49,54,57,61,70,90,7,2,22,45,49,66,85,91,10,2,25,34,42,45,52,59,68,85,94,9,20,26,27,45,52,61,63,69,70,8,17,23,28,42,65,78,90,98,5,27,29,45,70,75,12,1,5,23,26,27,28,35,45,67,71,91,98
11,12,2,3,8,17,22,23,28,33,50,61,91,94,14,4,5,26,32,52,56,59,70,72,75,84,91,94,98,13,0,3,5,14,42,45,53,54,62,72,78,89,91,11,8,17,26,32,45,62,84,91,93,94,95,13,27,28,33,34,50,54,62,66,70,72,83,93,94,12,2,8,17,45,50,54,56,62,63,72,80,91,13,2,6,17,19,20,27,29,33,38,48,59,62,91,11,2,5,8,17,22,23,26,27,56,79,91,12,3,5,20,29,44,45,49,61,91,94,98,99,12,3,5,6,17,29,33,34,56,67,89,91,99,13,2,10,17,22,26,29,45,61,70,75,83,86,92
7,5,5,33,49,52,59,3,2,50,75,2,10,59,6,8,27,34,44,69,91,4,39,45,54,91,3,46,67,91,6,8,17,32,33,61,98
6,9,2,5,32,39,46,56,61,66,94,11,2,3,8,17,22,62,67,69,76,91,97,8,8,27,45,50,70,78,91,99,13,1,2,3,5,24,26,27,28,45,70,79,91,93,12,3,5,22,27,42,59,62,64,65,71,84,91,12,2,17,27,28,29,37,41,43,45,49,61,70
4,4,3,27,70,91,3,3,27,94,5,8,17,70,91,97,2,61,64
14,13,19,27,29,34,39,45,46,54,55,56,80,89,98,9,5,25,34,43,44,45,70,72,94,9,2,8,19,45,46,54,69,90,91,10,1,2,3,22,27,59,70,84,86,91,10,5,8,22,23,34,43,46,57,65,70,6,1,2,32,35,70,91,13,2,10,17,20,27,34,45,49,54,84,91,93,97,6,36,67,70,71,75,79,8,8,24,61,67,70,72,73,91,9,5,17,27,39,44,45,61,70,91,10,0,1,2,5,22,27,44,55,62,70,8,17,35,42,44,50,56,91,98,10,1,5,22,25,32,35,42,61,84,85,11,20,28,30,34,41,70,75,76,81,91,92
7,9,3,5,24,45,61,65,84,91,92,8,28,30,35,50,61,75,91,98,10,2,7,8,27,52,61,70,72,79,94,13,2,3,5,17,22,24,27,30,34,42,78,84,91,12,0,2,24,50,52,62,67,70,72,73,91,94,11,2,19,23,26,35,56,59,70,72,75,90,9,22,29,34,44,45,52,61,70,91
10,13,2,8,22,29,30,54,62,66,67,70,72,84,90,11,2,8,20,22,23,24,32,61,69,84,91,13,3,5,27,35,43,46,50,61,65,72,80,91,95,13,5,8,19,24,27,29,43,45,56,61,69,91,94,13,0,1,2,10,27,39,42,46,62,68,76,87,91,10,0,2,3,17,22,42,66,79,91,97,4,3,8,45,52,14,2,3,5,17,33,34,52,62,67,84,89,91,94,99,8,13,19,37,57,59,62,72,90,6,9,17,20,39,69,75
13,4,5,17,54,70,7,18,33,34,39,67,70,79,7,2,3,50,52,76,90,91,9,23,27,33,45,66,70,84,89,91,9,5,8,22,27,33,56,61,79,91,7,11,17,20,42,67,80,87,7,2,3,13,70,84,90,91,8,2,4,13,23,67,87,91,97,6,2,10,26,61,70,77,7,17,22,49,54,61,66,91,7,8,27,42,45,46,70,91,6,5,6,33,43,68,86,6,8,29,31,42,90,93
6,5,8,76,84,86,94,6,33,50,70,72,90,91,3,57,71,91,9,24,25,39,43,45,60,84,89,99,5,5,28,29,67,91,4,45,61,66,78
8,14,2,8,23,28,33,34,35,38,67,69,70,71,94,98,8,3,5,17,52,66,67,70,91,7,8,23,61,62,66,87,91,6,27,32,54,79,93,95,9,8,19,27,28,57,64,67,70,98,12,25,28,44,45,56,62,63,64,72,75,90,98,14,3,8,17,32,34,43,46,62,70,72,87,90,91,99,12,1,6,17,21,28,45,53,64,67,80,86,91
12,8,1,23,27,45,54,56,70,87,11,7,8,17,31,32,43,45,56,70,89,91,11,2,8,11,18,34,37,52,70,89,90,91,10,2,4,8,10,15,33,62,64,70,87,10,19,27,28,45,61,67,70,84,90,91,11,5,8,25,27,29,39,45,52,72,79,94,9,10,22,25,29,44,66,73,91,98,10,2,3,6,8,17,20,21,27,33,91,8,2,39,54,56,65,72,78,82,11,0,3,5,8,13,35,44,45,46,70,94,10,2,3,23,52,54,56,69,70,81,91,7,19,27,28,37,44,70,84
16,8,2,5,35,40,68,70,76,94,9,8,26,27,34,39,44,50,86,95,11,5,8,22,44,45,46,54,62,70,84,91,12,2,5,11,21,22,34,42,52,70,78,91,98,8,22,24,27,44,45,69,79,91,8,1,3,17,50,57,62,70,73,7,27,30,44,56,70,72,91,9,1,6,27,45,60,61,66,82,88,9,7,22,33,45,52,62,67,91,98,10,19,23,25,37,42,44,45,65,69,89,5,8,54,61,72,98,9,3,27,32,34,52,76,79,85,91,9,0,1,10,23,32,52,61,70,72,9,2,5,28,33,63,88,90,91,93,10,2,4,17,27,33,59,60,61,70,91,11,1,2,6,23,27,28,70,72,83,90,94
6,8,3,22,34,59,70,91,93,94,8,18,29,33,44,45,52,59,82,7,2,22,26,45,61,66,87,6,1,10,17,34,70,99,8,10,20,34,52,54,70,94,98,6,8,17,27,45,46,91
14,7,7,13,27,36,38,52,84,10,0,8,20,28,45,50,61,63,66,70,12,2,5,11,22,54,57,61,62,68,79,83,84,6,2,10,19,45,70,89,7,1,17,26,45,70,72,99,11,16,21,27,30,47,52,54,62,73,79,84,5,2,28,29,52,61,9,0,10,19,32,42,55,67,70,91,8,6,8,42,45,63,66,87,98,10,17,23,33,45,61,70,72,76,89,91,9,8,20,32,45,46,57,79,84,91,8,1,5,21,27,48,50,57,90,10,2,8,20,22,23,45,61,71,79,84,8,29,33,41,45,46,70,84,98
8,3,2,16,20,2,3,84,1,78,4,27,39,69,78,3,22,33,61,3,3,14,91,2,42,44,2,59,84
13,12,8,19,22,23,27,29,34,59,61,67,71,91,13,2,5,8,19,33,45,46,48,50,66,70,91,98,15,2,5,6,8,22,37,42,46,49,56,61,69,70,91,95,13,2,5,8,28,33,49,54,62,70,71,79,89,91,15,2,5,17,19,23,35,41,42,61,64,66,72,78,89,91,14,1,2,5,6,8,27,44,46,52,54,69,91,97,98,11,2,3,8,27,34,46,50,52,68,84,91,17,5,8,22,23,30,34,35,37,39,61,66,70,71,76,91,93,97,13,0,2,34,39,45,56,72,76,84,87,91,95,98,9,2,4,5,20,32,35,90,91,98,13,1,22,27,41,45,46,54,59,66,87,91,94,97,13,2,8,32,33,34,42,52,59,61,69,83,91,98,11,4,20,22,29,32,33,45,72,75,83,98
8,13,5,9,11,19,27,28,34,67,70,84,87,90,91,9,17,27,32,39,41,69,87,90,91,10,3,5,17,26,33,49,56,68,80,90,7,1,7,23,27,78,84,91,11,1,6,29,33,35,50,57,60,61,66,70,11,5,6,22,27,32,34,35,42,61,91,94,10,22,32,33,42,44,46,63,67,70,91,9,22,26,33,45,46,52,61,82,98
10,7,2,12,27,39,50,61,69,6,8,23,24,54,62,72,9,1,22,23,33,54,61,62,72,78,9,8,16,19,23,35,72,75,87,99,9,17,22,33,34,44,52,61,69,94,9,1,2,8,34,45,46,86,91,98,8,8,16,17,28,34,38,70,75,11,3,5,8,23,43,46,50,54,61,91,98,12,1,8,16,19,23,27,42,45,79,80,81,85,9,0,4,5,19,29,30,33,52,91
15,14,2,5,8,12,27,39,45,46,52,61,70,72,81,91,16,0,1,5,29,33,35,41,45,50,61,62,72,87,90,91,93,17,3,5,8,10,34,35,44,45,49,61,72,76,79,84,89,91,93,15,2,4,7,10,19,24,27,29,34,61,70,75,86,91,95,8,9,13,33,45,59,61,90,98,17,0,1,2,8,19,23,27,33,34,35,45,70,84,85,89,91,94,17,7,10,17,20,27,33,35,41,52,61,70,83,84,89,90,91,94,13,4,5,19,20,22,39,44,52,59,71,72,91,98,14,0,2,17,20,32,34,45,54,59,61,62,78,91,98,16,0,2,3,6,39,40,44,50,52,56,57,59,61,71,91,97,15,5,6,8,13,44,45,50,52,61,62,70,72,88,91,93,14,1,20,21,23,24,32,52,54,57,59,61,79,82,90,16,6,8,10,26,27,34,45,54,56,61,69,71,76,83,91,97,15,0,1,3,6,8,17,26,27,29,31,56,61,69,75,90,13,0,1,5,8,20,29,44,46,50,61,63,70,91
9,3,23,89,91,6,3,19,27,72,75,85,3,22,69,84,3,8,89,94,7,7,14,18,28,38,50,69,1,8,2,79,91,5,4,13,35,45,69,2,25,62
14,8,2,8,22,37,50,66,89,91,7,5,8,20,34,46,72,91,6,8,17,42,44,52,76,9,2,23,33,34,41,61,69,72,89,10,2,4,5,8,20,45,52,56,61,80,9,2,14,29,45,49,56,61,82,91,6,0,8,62,66,75,92,10,5,23,24,29,33,34,45,54,57,67,9,1,3,5,61,66,69,70,76,83,7,0,5,25,62,72,82,91,7,3,19,59,75,91,93,94,10,8,17,25,27,35,39,64,82,84,91,8,13,17,29,44,57,61,79,91,10,25,41,56,57,61,70,78,84,86,91
5,11,1,3,4,27,43,50,52,70,76,91,94,13,2,8,17,27,29,44,52,54,61,63,65,84,98,12,3,4,5,8,20,41,45,61,66,70,81,98,12,0,5,27,29,34,39,44,52,70,75,82,91,11,2,19,25,27,41,56,57,70,83,90,94
6,9,29,42,57,68,70,72,89,91,94,10,17,25,28,29,33,34,59,90,91,98,8,39,45,50,59,69,79,91,94,10,14,28,29,33,34,42,66,70,84,86,10,17,20,22,26,45,49,59,62,70,75,10,35,52,54,61,62,68,78,80,84,98
8,5,22,35,52,67,83,6,3,54,57,60,84,95,10,3,7,27,32,52,61,67,69,90,98,7,23,28,52,64,70,89,91,5,5,6,43,45,78,7,8,33,45,61,70,87,91,5,17,33,46,59,94,1,27
8,8,20,22,23,32,45,79,82,91,7,3,5,8,28,66,76,91,7,8,33,39,45,89,90,91,9,1,5,7,19,27,54,94,95,98,8,8,20,29,42,61,70,91,97,9,6,23,28,34,41,42,56,70,80,11,1,2,8,17,22,29,44,45,82,84,91,12,2,19,29,34,54,56,67,69,70,72,76,90
4,3,8,56,94,7,11,27,34,57,81,84,90,6,5,16,29,33,34,84,2,29,80
9,12,8,17,22,33,34,68,75,79,84,87,91,97,14,0,4,7,17,27,29,32,33,43,44,45,50,64,91,11,5,8,26,27,29,35,45,70,89,90,91,13,3,16,17,22,36,46,52,54,59,61,66,70,90,8,2,27,34,45,70,75,91,94,10,1,17,21,27,33,37,42,52,61,64,15,2,8,17,19,23,33,34,44,50,62,66,69,84,91,94,17,19,23,24,27,29,41,55,56,61,63,67,68,70,72,90,91,94,9,5,27,28,29,39,46,54,56,70
8,12,2,3,5,11,24,43,66,75,76,89,90,91,17,0,3,8,10,12,22,23,27,28,34,44,45,56,59,61,89,91,17,8,11,27,28,46,47,54,59,61,64,69,75,79,91,92,94,98,18,1,8,17,22,27,29,30,32,33,42,45,56,61,62,72,78,86,94,15,2,5,8,23,33,34,44,50,56,62,66,67,70,91,98,14,2,7,8,20,28,35,39,45,49,50,72,76,84,91,18,2,5,8,16,17,22,24,37,42,45,52,56,61,66,72,75,91,98,21,2,4,5,8,17,20,23,28,29,34,42,45,52,59,61,72,76,82,84,91,92
6,11,2,17,20,33,49,57,61,63,68,69,91,9,2,19,27,32,33,44,57,84,91,10,8,22,27,28,41,44,70,81,91,99,9,35,39,52,54,68,73,86,94,95,10,0,6,21,22,29,61,66,75,90,91,11,2,5,8,21,26,35,46,52,61,72,91
12,13,1,27,33,39,42,46,67,70,71,75,76,80,91,15,5,17,22,24,28,29,35,38,44,45,52,78,82,90,93,13,0,1,2,3,17,19,25,29,34,61,62,79,91,9,2,3,24,27,44,61,76,87,91,14,3,11,24,35,41,44,46,52,69,70,71,83,90,91,12,0,4,17,27,34,49,52,59,69,70,91,98,12,2,7,8,17,26,28,29,39,44,84,91,94,14,2,3,7,8,17,33,34,45,54,64,79,90,91,94,10,0,6,17,23,28,45,61,70,79,91,12,0,23,24,46,52,56,61,66,70,78,84,91,16,2,7,8,27,32,49,50,54,56,59,62,64,70,72,79,91,13,3,8,10,27,34,39,45,52,65,72,82,89,90
10,17,2,3,5,7,19,20,22,33,35,46,52,61,66,68,79,80,94,13,8,19,24,28,29,41,66,69,70,75,84,90,91,10,2,17,27,39,45,49,54,61,89,91,8,0,1,27,33,52,61,70,90,10,7,8,23,27,40,45,66,68,71,91,13,0,11,14,33,43,54,65,66,73,79,90,91,98,15,2,5,7,23,25,27,28,33,42,54,57,61,70,83,91,10,2,27,28,29,32,46,62,87,91,99,14,0,5,17,20,34,46,56,61,72,79,84,89,94,98,14,5,26,33,35,37,39,45,46,67,68,70,72,80,91
14,17,4,7,8,17,28,32,34,42,45,46,54,55,70,79,89,90,91,11,2,8,13,22,26,44,49,69,78,84,91,11,3,4,8,11,23,33,57,69,70,90,98,11,19,26,28,29,35,42,45,54,70,87,90,17,8,17,22,27,30,32,34,38,39,52,62,65,82,84,85,91,94,10,6,16,17,33,41,42,45,46,56,85,14,2,3,20,27,32,35,39,46,61,66,69,72,79,91,15,1,2,17,27,29,35,45,52,54,57,66,69,75,79,94,8,8,27,34,67,70,76,90,91,12,27,32,35,39,42,56,61,62,70,80,91,98,11,2,8,20,24,39,52,61,67,80,91,98,9,21,22,27,35,49,54,62,72,90,14,2,4,20,27,44,45,61,62,70,72,75,90,91,97,12,1,2,6,22,27,28,32,45,61,67,83,84
8,5,17,42,43,62,98,6,2,8,35,52,69,95,2,1,8,4,3,22,46,54,7,2,22,24,31,39,61,90,4,59,89,90,91,2,27,67,4,20,59,66,78
8,12,3,8,17,25,29,32,41,46,48,70,87,98,5,13,37,61,70,98,12,2,5,8,17,26,45,46,49,52,90,98,99,4,27,61,84,91,11,2,5,17,27,32,35,44,56,61,71,90,11,15,23,24,30,33,50,52,54,64,91,94,11,0,1,2,26,27,42,45,61,90,91,99,8,17,27,34,52,61,62,84,91
5,8,2,3,6,22,54,59,90,98,6,8,33,35,42,87,93,7,2,42,44,45,50,80,94,10,5,17,35,45,59,72,80,90,91,98,6,3,5,8,11,22,86
13,6,17,50,73,89,91,99,7,23,27,28,61,70,91,99,6,0,31,41,45,91,94,3,23,79,91,9,17,27,57,66,68,70,79,80,99,7,0,2,64,70,72,88,97,7,4,8,23,44,49,70,99,9,6,19,26,27,35,44,54,90,93,6,1,3,17,27,33,65,8,1,21,27,79,90,91,93,98,10,3,8,34,52,61,62,68,84,90,91,6,1,19,27,32,61,90,5,17,24,88,91,95
9,9,33,52,56,61,62,66,73,75,91,11,5,12,20,22,27,41,47,62,78,91,98,8,29,34,50,57,61,75,79,94,6,8,27,29,45,54,84,8,8,17,33,46,64,67,80,94,6,20,28,32,61,70,84,6,5,8,34,43,84,91,8,2,8,11,35,46,56,87,98,7,2,4,17,27,45,52,84
7,7,2,17,34,49,57,79,86,7,33,45,54,61,78,79,84,5,39,41,46,72,94,4,5,16,19,70,10,1,3,17,22,27,70,84,90,94,95,7,0,22,39,63,70,83,91,6,35,42,52,61,68,86
12,8,0,1,2,23,28,70,91,95,6,23,46,61,65,70,90,10,5,8,17,20,23,28,56,67,71,84,7,4,8,17,34,67,83,84,11,5,8,17,23,24,33,35,45,61,67,89,16,0,2,3,17,20,25,27,29,33,49,52,54,61,64,91,94,10,1,20,27,28,32,42,48,67,70,91,8,0,3,28,32,34,56,61,91,9,17,26,27,33,35,46,84,91,97,15,8,23,24,26,27,33,39,42,44,45,50,62,72,82,90,6,2,28,37,45,57,70,10,5,29,30,41,42,46,47,67,83,91
5,2,20,79,3,17,48,70,2,70,78,3,41,79,94,3,1,23,70
9,15,2,3,11,14,27,29,30,35,42,49,63,70,91,93,98,8,2,6,28,30,32,39,45,78,12,2,5,23,27,34,35,45,49,59,87,91,94,11,2,17,23,26,29,45,54,68,73,80,97,11,20,23,26,33,37,39,54,62,72,90,91,9,17,23,27,29,50,53,75,85,94,9,0,3,17,19,26,65,70,93,94,8,7,22,27,34,61,70,72,76,12,0,2,14,17,27,35,46,52,69,71,72,90
8,8,20,22,35,42,45,59,78,92,8,2,19,33,34,42,45,61,91,11,22,27,28,35,54,56,61,75,82,86,95,10,5,19,24,42,45,72,87,90,94,97,7,8,27,61,68,90,91,94,11,5,27,29,39,42,50,54,61,62,92,94,10,22,23,24,45,64,67,72,80,91,94,5,17,24,45,52,62
10,7,27,29,50,52,54,70,91,8,2,20,29,32,45,56,83,84,11,5,7,15,27,34,35,56,57,61,71,91,8,5,8,27,70,90,91,94,97,9,8,23,34,35,49,61,67,76,91,9,17,21,22,39,45,64,70,73,98,11,3,6,33,39,46,50,61,72,88,93,94,6,20,43,45,61,70,82,9,5,17,20,29,44,52,56,61,70,7,1,2,26,34,62,76,98
10,17,5,8,13,26,27,35,42,44,50,59,61,67,83,84,90,91,97,13,8,19,23,24,32,33,42,44,57,69,72,90,91,18,3,4,8,20,28,33,35,45,52,57,59,61,78,84,91,92,93,94,13,17,20,22,42,44,49,50,54,57,72,75,89,91,19,5,11,17,19,20,23,27,34,35,52,56,59,61,69,72,79,90,94,99,15,2,3,13,24,27,29,34,45,52,67,83,91,94,97,99,15,2,8,23,26,27,28,45,52,59,70,72,75,87,91,93,10,2,5,23,50,59,61,75,84,86,91,12,1,6,21,26,27,38,42,52,59,61,79,91,11,0,17,25,34,45,46,61,79,90,91,98
8,17,1,2,3,4,25,27,44,45,46,50,61,72,75,78,87,88,91,11,8,23,27,33,42,61,62,83,84,91,98,12,0,3,17,20,23,33,42,54,61,68,75,91,11,1,2,7,8,42,54,59,70,78,83,84,7,2,5,46,50,61,70,91,13,2,8,27,28,42,44,46,48,52,70,72,76,91,14,2,5,8,23,27,28,45,56,59,61,64,70,79,91,15,3,6,7,28,30,33,44,45,56,61,63,70,84,91,98
7,13,3,8,10,28,33,42,45,52,61,65,69,70,79,13,2,19,32,33,52,59,61,78,86,89,91,94,95,11,2,3,22,27,33,35,63,75,91,94,98,12,0,2,3,5,17,18,28,29,41,50,61,87,15,2,8,19,33,34,52,56,62,66,67,68,69,70,72,80,15,2,3,8,11,17,22,26,27,45,52,59,61,63,81,87,14,2,7,20,22,30,31,44,45,49,52,61,66,84,98
9,4,41,42,87,91,9,13,22,23,26,45,46,61,67,84,7,1,30,32,45,69,70,79,6,29,42,44,57,61,82,5,3,19,59,72,91,12,1,7,20,27,28,30,42,59,61,67,76,88,6,10,17,28,45,50,70,5,2,8,42,54,83,5,2,29,52,58,70
11,12,7,19,23,27,41,42,52,56,65,68,70,91,13,2,22,33,34,41,44,50,62,68,76,78,90,91,15,0,7,10,20,23,34,42,52,54,63,70,78,79,90,98,12,3,7,23,24,42,44,46,57,70,72,90,91,12,5,8,17,32,33,34,46,66,70,79,84,89,9,1,8,22,59,70,72,73,79,91,13,3,8,13,20,23,33,42,61,66,70,72,79,89,9,8,27,45,50,52,56,61,67,93,12,2,8,23,36,39,45,61,70,75,85,90,91,13,8,27,28,35,44,56,72,86,87,89,90,91,94,10,2,17,24,27,29,43,45,46,62,84
12,12,2,8,17,32,33,45,54,61,67,84,89,91,7,1,3,27,55,61,84,91,7,0,5,35,45,50,72,91,8,2,54,57,61,62,66,79,91,11,2,5,19,22,27,28,33,52,80,84,89,12,7,8,9,20,29,32,42,62,70,77,92,97,12,0,2,26,28,34,35,42,45,49,52,57,97,14,3,8,14,22,33,42,45,49,52,54,56,59,69,91,10,2,17,23,25,27,50,57,59,75,80,10,3,27,31,50,70,75,79,81,90,91,11,0,4,8,20,23,35,49,61,72,81,88,9,24,27,49,66,70,79,90,91,93
13,11,1,20,21,29,56,61,64,66,70,79,90,10,2,23,27,56,57,60,61,63,73,83,11,10,14,17,27,35,42,62,83,84,90,91,9,7,24,27,28,29,44,46,71,87,7,23,32,50,56,70,87,91,10,8,27,33,34,49,54,57,67,70,93,12,4,6,8,20,23,24,27,61,66,70,76,99,10,27,41,42,46,50,56,57,59,63,78,10,3,4,8,16,27,39,75,79,91,98,12,5,34,35,41,44,59,61,81,84,87,90,91,8,5,17,20,29,50,67,81,91,6,2,20,45,62,71,90,7,27,50,61,70,72,91,98
10,4,1,28,61,80,7,35,45,49,52,67,87,91,9,2,5,6,17,30,36,56,61,70,7,17,23,41,61,70,84,98,8,2,10,17,29,41,56,72,91,6,27,42,45,52,68,69,7,3,20,33,37,44,61,67,5,33,34,56,67,91,7,6,44,45,52,59,68,94,8,29,33,34,63,70,90,91,92
11,12,1,3,23,24,32,50,72,73,75,83,84,89,11,2,13,20,42,43,52,65,70,90,94,98,11,17,33,38,46,49,55,56,61,78,79,87,15,2,5,22,23,25,27,29,34,45,46,50,61,69,90,98,13,3,27,45,46,54,70,72,78,84,87,90,91,93,11,5,17,23,39,49,57,61,63,67,75,79,13,1,2,4,5,22,34,35,45,56,61,72,88,91,11,3,5,9,11,19,25,27,52,61,70,91,12,2,15,17,19,42,45,46,52,70,90,93,98,14,2,3,5,7,22,25,29,34,62,71,72,86,87,90,10,2,5,6,19,21,33,45,52,65,91
12,12,0,5,25,29,49,62,70,76,78,84,91,98,14,0,8,16,19,23,28,33,45,46,68,70,87,93,97,11,8,10,13,23,35,46,47,52,54,70,91,13,29,35,39,41,50,52,56,62,67,68,70,76,93,10,2,22,23,27,34,59,61,62,72,86,11,1,3,34,45,69,70,72,73,87,90,99,6,8,24,29,43,70,83,13,1,2,8,22,27,33,35,50,56,75,83,90,91,9,13,29,33,42,45,66,72,89,91,13,1,5,8,16,17,28,34,45,52,69,78,90,91,15,1,2,3,27,38,45,54,56,59,66,70,75,88,91,92,12,8,11,12,27,28,35,46,57,61,76,90,91
11,8,5,27,34,45,61,70,78,88,10,8,33,45,52,54,62,69,70,75,87,6,0,19,33,34,42,66,9,1,34,42,45,61,63,70,91,93,16,1,5,8,27,34,42,46,52,61,65,68,72,75,89,91,93,9,1,4,17,23,29,33,52,61,72,9,2,17,20,25,32,36,44,70,91,8,8,11,17,20,32,61,75,79,9,2,29,50,61,69,72,78,83,97,4,27,48,70,92,8,17,22,27,32,48,71,78,79
11,10,8,25,27,28,35,45,52,62,79,91,9,3,8,13,14,19,27,29,45,72,11,1,2,4,17,19,27,61,70,71,91,98,12,8,27,42,44,45,52,56,62,69,72,73,91,15,3,5,20,23,27,35,42,45,48,52,57,70,72,91,94,11,2,5,17,27,42,61,82,87,88,90,91,12,1,7,17,27,44,52,58,61,66,70,84,91,8,8,17,27,28,32,45,52,76,9,2,5,7,10,27,45,54,78,91,14,1,3,19,23,27,29,33,34,39,45,56,70,90,98,11,3,7,8,27,33,34,44,45,48,54,79
12,7,3,5,33,47,62,70,83,9,1,11,27,54,55,61,73,89,90,7,2,8,14,27,45,52,54,8,2,14,17,52,54,61,66,87,9,13,26,32,54,70,71,75,84,90,11,11,17,23,32,33,35,52,61,66,70,93,10,5,20,27,43,49,61,65,66,71,98,4,17,32,44,61,8,1,17,27,45,46,69,70,75,7,5,8,27,33,67,70,98,7,17,20,49,68,72,91,98,11,25,27,39,44,45,46,54,56,61,70,80
11,11,8,20,29,34,45,59,66,70,79,82,91,10,2,17,27,33,34,52,56,70,91,92,5,20,24,49,71,91,8,2,7,31,34,39,40,61,70,8,2,5,17,49,61,63,69,79,6,4,34,39,52,54,59,8,21,33,61,63,64,65,72,90,9,1,2,44,56,59,61,63,69,70,8,5,26,34,39,45,72,90,94,8,2,26,29,45,67,75,89,91,6,2,8,27,34,45,91
10,9,17,20,27,33,35,50,61,79,91,8,0,2,5,45,62,70,91,98,8,29,44,52,72,79,86,90,91,10,2,5,17,19,34,70,76,79,84,90,12,0,6,17,23,28,35,49,69,70,73,75,83,10,8,17,33,35,41,45,46,70,72,91,11,6,8,29,46,52,59,70,79,91,94,95,7,5,21,52,61,66,79,84,8,3,27,34,41,44,56,61,79,7,29,45,56,65,70,85,98
9,11,1,13,23,33,46,52,66,70,75,87,93,15,20,22,25,41,45,52,61,69,70,72,78,84,86,91,94,4,28,32,49,91,11,2,8,10,23,26,42,43,45,61,69,71,7,33,34,38,45,66,72,90,6,22,27,38,45,79,91,9,0,2,5,8,17,26,66,70,90,10,4,6,19,28,33,61,65,89,90,94,11,2,3,16,19,27,35,45,57,67,70,91
15,15,0,1,5,8,18,19,22,28,42,54,71,89,91,94,98,5,27,49,61,70,91,15,0,1,8,17,20,33,42,43,45,47,52,82,91,92,94,15,2,5,16,20,27,33,34,39,54,60,61,69,70,91,99,10,2,16,27,29,39,52,63,70,79,91,13,17,22,34,44,45,52,61,71,72,73,79,91,93,12,5,19,33,37,42,45,52,59,66,70,87,90,13,5,17,24,34,42,52,59,64,65,70,72,84,91,8,3,17,26,45,49,54,59,98,15,2,17,19,25,26,27,28,43,45,56,65,66,90,91,98,12,2,5,28,32,42,45,54,61,62,76,84,91,11,5,10,17,19,20,35,49,56,61,87,90,17,2,5,10,12,17,19,27,29,39,44,45,61,65,70,79,83,94,14,3,5,6,10,19,20,24,27,32,34,45,61,70,79,11,17,19,27,29,31,39,46,67,72,90,91
7,8,8,20,32,39,41,45,66,83,9,3,8,17,20,22,29,32,37,72,9,1,3,10,29,32,34,66,70,94,9,3,17,22,24,34,45,50,61,97,14,3,5,17,32,34,35,39,46,52,59,71,90,91,95,11,2,3,30,34,39,45,57,80,91,94,95,6,0,11,23,32,34,72
13,14,1,8,19,22,24,27,32,41,42,44,62,70,84,91,16,2,17,22,45,46,61,62,66,67,69,80,82,91,93,94,97,13,0,19,21,22,27,39,41,46,62,64,87,91,94,17,2,5,6,8,14,33,43,45,50,54,62,65,70,72,79,89,90,9,1,2,3,14,28,42,59,70,91,11,1,6,8,17,27,33,56,70,89,91,94,13,0,3,10,22,23,26,30,39,49,52,84,89,91,12,2,5,8,23,30,34,39,45,46,61,69,91,14,17,20,22,23,28,32,50,54,75,84,90,91,95,99,13,2,5,17,19,34,37,44,45,52,59,72,84,97,11,2,3,17,21,29,45,50,61,72,92,99,13,2,20,22,27,28,33,44,54,59,66,69,72,86,14,2,5,8,20,22,32,35,39,42,66,69,88,91,98
9,10,1,3,20,23,61,70,84,87,91,98,10,3,6,17,20,22,70,71,84,89,94,11,2,23,27,34,45,46,56,61,62,71,87,15,2,5,24,28,34,35,45,46,52,59,61,63,69,91,98,13,1,2,4,22,27,54,61,63,66,70,72,79,91,13,1,2,8,17,27,28,52,61,66,69,70,84,86,7,20,22,34,52,64,66,91,13,1,3,8,19,39,42,56,63,70,71,78,84,91,13,1,22,26,34,45,50,52,61,69,70,83,90,91
10,6,2,5,20,45,84,91,6,7,32,37,69,91,97,4,35,45,66,94,6,25,54,55,61,70,89,7,0,1,26,33,61,71,84,6,22,27,28,32,71,89,6,22,66,70,75,80,90,5,45,83,89,93,95,4,2,8,45,86,7,2,22,27,50,61,78,90
10,13,1,2,5,20,33,49,50,61,70,78,87,91,94,7,1,3,17,26,52,90,91,12,2,5,26,29,35,49,70,72,79,88,89,98,8,1,2,28,39,46,54,61,91,12,0,17,22,39,49,50,54,59,61,89,91,94,10,17,19,24,27,33,34,52,59,70,91,10,0,2,6,17,19,25,59,62,65,70,10,22,39,45,52,62,70,78,79,84,91,8,2,33,45,52,61,71,84,91,12,2,5,25,30,52,56,67,70,71,90,91,94
7,15,1,5,23,26,27,45,50,54,59,61,62,84,86,90,91,16,1,5,8,17,22,27,31,33,35,47,61,67,69,78,91,94,15,4,5,10,17,34,42,45,50,52,56,61,70,79,91,93,18,1,5,16,26,27,32,34,39,42,45,50,52,61,80,83,84,90,98,15,0,3,5,28,39,42,56,59,61,63,69,70,78,85,91,13,3,8,20,22,38,55,59,61,69,70,79,91,94,15,6,8,16,17,27,28,37,44,45,48,61,62,68,87,91
10,6,8,17,34,42,44,91,8,46,52,55,56,70,72,75,95,10,3,22,34,39,42,52,54,62,91,95,8,23,43,45,49,59,69,91,94,7,2,3,5,13,50,53,91,7,5,27,45,50,79,88,94,7,29,30,52,69,70,83,91,6,56,61,79,84,91,98,9,1,3,5,17,29,70,73,79,91,5,8,19,45,71,83
8,5,8,14,17,54,91,8,2,28,34,46,52,78,89,91,4,17,24,50,91,8,3,23,54,62,70,72,89,97,9,17,28,33,45,52,67,84,91,94,9,3,5,19,32,46,56,67,81,93,13,3,5,17,34,38,39,42,54,56,62,70,79,90,10,2,14,26,28,45,46,56,70,82,91
12,9,2,5,27,33,60,68,70,82,87,7,3,5,16,29,34,65,70,6,8,22,39,50,91,99,7,5,8,22,26,61,91,93,5,52,60,64,69,70,10,2,3,5,26,33,35,67,84,90,94,8,22,45,46,59,61,76,87,98,7,8,17,32,45,68,70,90,9,2,6,28,34,42,69,70,83,98,5,22,32,45,53,83,10,1,3,8,14,45,49,52,64,78,91,11,2,8,18,19,27,59,62,70,84,91,94
7,13,3,17,23,32,39,42,52,54,55,56,62,89,98,15,2,3,17,20,27,33,37,45,50,52,68,83,84,91,94,13,5,7,20,22,23,27,32,34,45,61,85,90,91,13,2,5,7,17,26,28,29,56,70,72,81,84,91,14,2,3,5,6,27,28,44,45,62,63,67,75,87,89,11,2,8,22,25,26,27,28,45,70,89,91,15,17,27,30,32,35,44,46,52,56,61,70,71,84,91,98
11,14,2,8,14,23,42,46,56,59,61,79,91,93,94,99,12,3,13,15,20,22,23,27,52,56,78,79,84,8,20,21,22,27,52,67,69,70,12,14,17,29,32,34,69,78,79,84,86,91,97,13,3,5,6,8,11,16,22,27,32,84,90,94,99,17,1,17,22,24,26,27,30,34,42,45,50,56,57,66,72,94,97,9,2,27,33,50,52,70,91,93,98,8,8,28,33,45,52,79,88,91,14,10,17,21,28,35,41,42,46,54,70,72,79,91,93,15,0,2,14,17,26,28,34,35,52,54,59,66,70,71,79,16,10,17,18,22,23,24,28,41,42,46,52,72,76,78,79,91
8,12,0,5,8,22,27,28,50,72,81,84,90,94,14,5,22,24,28,35,45,49,52,54,62,70,91,93,95,10,2,8,28,41,42,52,75,89,91,98,4,22,59,70,84,10,34,46,50,52,56,62,66,75,84,91,9,2,3,14,42,44,64,70,83,90,10,8,17,23,27,56,61,67,75,79,91,10,17,28,34,64,75,79,84,87,89,91
6,3,54,62,64,7,22,27,54,61,70,83,91,10,5,10,26,27,42,44,61,77,84,91,9,2,8,14,24,45,50,52,70,85,7,5,27,28,33,34,87,90,9,5,11,23,27,54,61,63,72,90
7,12,13,14,33,36,42,52,59,83,84,87,90,91,11,0,1,2,3,27,34,35,42,62,70,91,13,2,5,8,17,24,27,28,42,46,70,75,91,98,11,7,13,17,33,50,61,66,76,92,94,99,11,1,8,23,28,49,56,61,65,83,91,98,7,3,5,8,21,34,45,87,13,1,6,24,28,34,45,50,52,59,70,91,92,95
9,12,8,13,18,24,28,29,33,45,56,70,79,84,11,3,8,32,34,44,56,67,70,75,91,94,9,2,8,25,33,45,54,67,82,93,12,20,27,29,32,33,35,39,42,45,54,61,79,13,3,17,33,36,41,42,44,46,57,70,79,86,88,12,2,10,21,23,45,50,67,69,70,84,97,98,10,2,8,18,34,56,59,67,70,72,97,9,5,8,10,11,56,70,78,93,94,9,1,5,22,27,34,56,61,85,92
11,14,3,5,8,11,22,27,33,39,41,61,70,79,91,97,9,3,32,42,52,70,72,90,91,99,11,7,11,20,29,32,40,61,68,89,91,98,15,2,5,7,22,27,39,45,46,52,54,57,82,84,87,99,14,22,27,28,34,41,44,57,61,70,76,78,82,84,91,7,17,25,34,39,54,91,95,12,20,22,27,32,45,46,50,54,59,79,87,91,15,2,5,16,17,23,27,29,45,56,66,67,69,72,91,99,14,2,20,23,30,34,41,42,45,69,70,83,85,91,98,13,0,5,25,26,27,30,35,45,52,56,57,70,71,16,3,4,14,16,19,23,32,43,57,62,70,71,72,80,87,90
8,17,0,4,17,19,21,23,27,29,34,45,52,57,69,70,83,87,91,16,2,11,17,22,29,32,33,35,39,43,59,65,70,79,93,94,16,2,4,23,24,29,34,39,44,45,57,62,66,68,70,76,87,15,5,33,41,45,49,50,52,54,61,66,70,75,82,91,93,14,8,11,27,34,50,59,61,70,72,78,79,84,88,94,13,0,3,16,26,29,33,56,63,72,75,78,91,98,15,2,3,17,38,39,44,46,56,61,62,70,71,84,90,94,14,3,14,20,25,29,35,45,69,71,87,90,91,92,95
12,10,5,8,28,56,64,75,87,91,94,98,9,2,3,35,39,46,52,55,70,72,11,5,26,33,39,46,49,56,90,91,93,98,10,14,17,23,37,59,78,80,90,91,98,9,0,33,42,45,49,59,69,70,72,9,2,5,8,17,42,58,70,90,91,10,7,27,32,41,54,56,62,72,84,91,10,5,6,23,27,45,61,78,90,91,97,5,17,34,42,61,91,7,5,8,22,42,50,54,65,10,7,10,33,45,46,59,69,70,84,89,9,19,22,23,26,42,46,54,70,72
6,10,2,8,22,23,33,35,45,52,54,88,11,8,10,23,46,50,52,56,69,76,83,91,9,4,13,17,23,42,50,72,90,98,10,13,17,23,25,27,42,45,52,61,62,12,3,8,17,27,33,35,41,57,78,84,90,91,10,0,3,5,23,27,56,59,70,91,93
12,18,3,8,14,22,34,44,46,49,56,61,62,66,71,80,87,90,91,94,15,2,26,28,32,33,52,56,61,69,70,72,80,87,89,91,12,5,13,17,23,39,54,57,69,70,73,90,97,16,2,8,27,28,29,33,35,52,61,67,70,80,84,88,94,95,15,2,17,22,24,26,27,28,35,52,56,70,87,91,94,97,10,3,27,34,42,56,61,69,75,90,91,8,2,34,35,50,52,86,87,91,19,2,4,17,30,34,35,44,45,52,54,57,61,66,80,83,91,93,94,98,12,28,35,42,45,46,56,61,62,67,84,87,90,17,0,2,4,11,17,22,27,32,34,35,41,45,61,70,72,84,91,9,8,20,24,33,46,54,64,66,90,18,0,1,2,3,8,17,24,29,33,42,54,58,59,60,61,62,70,72
9,10,2,8,29,33,39,50,61,68,70,71,12,5,8,23,27,50,54,55,61,66,67,70,98,11,5,19,34,43,46,49,50,56,66,91,98,10,5,17,21,29,35,42,59,65,90,91,9,0,3,27,34,45,62,88,90,94,9,1,5,17,19,42,45,62,70,90,10,2,17,20,23,27,34,45,56,72,91,11,2,9,22,29,34,39,44,61,70,89,98,7,6,8,27,28,49,61,66
5,5,8,17,34,70,91,5,46,66,70,82,93,5,4,19,39,94,98,6,17,33,70,72,80,84,8,2,3,17,20,27,34,91,94
7,16,8,20,27,28,30,34,42,45,46,61,70,80,87,90,91,98,9,7,8,34,50,68,76,79,90,91,11,2,5,26,29,39,45,54,59,61,66,91,12,2,6,16,20,33,62,69,70,72,89,91,99,11,3,4,14,27,33,35,45,49,59,72,91,10,0,5,6,22,27,62,66,69,70,84,7,23,41,45,59,69,75,91
9,12,27,29,41,42,56,58,59,64,70,81,84,98,10,8,22,23,28,39,46,67,69,70,72,9,11,18,19,33,34,35,56,89,91,7,71,72,73,84,90,91,99,6,29,34,45,62,79,91,11,2,22,27,29,40,61,70,72,84,91,99,7,2,3,5,42,49,62,91,8,27,33,44,45,54,70,79,90,9,14,26,27,33,39,45,79,91,98
6,6,8,23,48,59,61,76,7,8,57,72,84,89,91,93,7,33,50,56,61,76,79,97,8,2,3,17,40,42,50,68,84,7,17,46,52,59,73,78,94,7,2,5,34,42,56,70,91
4,21,2,3,4,10,17,20,24,26,27,28,42,45,46,52,61,70,72,75,84,87,91,12,1,2,25,39,45,52,54,61,62,69,72,99,16,8,10,17,24,27,34,35,44,45,49,50,57,70,72,91,94,14,17,20,21,22,27,33,42,62,63,65,67,75,80,91
8,9,11,17,27,29,45,50,54,70,91,12,23,24,27,32,35,38,49,61,71,78,91,94,12,2,8,17,22,28,52,56,61,62,66,91,98,13,3,5,17,20,30,44,45,50,62,70,78,90,91,8,17,19,35,52,70,71,72,94,11,1,2,22,62,70,72,75,83,90,91,98,13,5,8,17,27,35,45,49,50,61,66,76,84,93,12,2,5,9,13,20,23,27,34,35,44,61,91
11,9,0,5,27,28,45,46,52,66,84,10,8,19,22,23,24,44,70,71,72,87,8,22,29,63,64,70,76,91,94,11,5,16,42,44,46,50,60,61,68,91,99,10,1,5,33,37,46,49,54,56,62,97,9,1,17,27,49,52,61,75,78,79,8,0,2,35,45,49,84,91,94,11,6,17,27,34,42,44,65,66,84,89,95,7,10,19,22,45,56,75,91,7,1,5,27,32,38,61,91,6,8,34,45,52,54,70
10,9,17,27,35,45,50,67,73,81,91,8,0,4,23,42,45,59,61,91,9,3,8,20,22,23,44,45,47,79,8,23,33,52,54,61,63,90,91,9,2,6,20,26,61,70,84,91,97,10,1,2,3,5,17,29,71,72,79,90,8,0,4,10,34,45,54,57,90,9,3,5,17,20,27,35,84,93,97,10,2,5,6,8,27,56,70,89,91,94,13,14,23,26,29,32,34,42,44,52,61,62,78,84
9,2,59,82,3,29,34,91,2,34,94,1,17,1,70,3,19,70,84,3,2,26,46,1,27,2,7,70
5,4,2,46,52,75,3,8,28,53,1,79,5,57,61,66,70,75,3,17,70,79
12,14,5,8,14,27,33,42,54,56,61,62,67,68,91,95,19,2,3,8,10,27,32,35,39,57,61,69,70,72,78,83,84,89,90,91,14,1,2,8,26,27,32,42,45,49,50,61,90,91,93,23,1,2,3,8,17,19,22,23,27,28,32,33,34,41,52,54,56,62,63,70,78,91,94,16,0,5,17,22,23,24,33,42,43,49,50,70,88,89,91,98,15,3,8,11,19,27,29,30,35,54,56,70,84,91,97,99,14,1,5,17,27,28,34,36,42,44,54,62,70,90,91,15,0,5,8,10,17,32,34,37,39,56,61,70,72,80,91,17,3,5,25,27,29,32,39,44,45,56,64,65,69,70,71,75,88,17,4,7,8,28,29,32,33,45,50,52,64,69,72,75,79,82,99,14,5,6,8,20,29,44,59,62,73,79,87,91,97,98,14,0,7,8,17,26,27,34,42,45,52,62,70,72,91
8,10,1,2,27,29,66,70,72,91,93,94,11,5,11,20,22,26,35,50,70,91,93,94,7,1,4,27,49,57,72,98,6,1,24,45,70,76,84,7,1,3,5,34,39,54,94,11,0,2,17,35,42,44,45,46,56,91,94,9,4,39,50,52,61,62,70,87,89,7,27,29,57,63,69,70,94
12,13,5,20,27,29,50,52,61,63,78,80,84,91,94,13,1,3,5,8,17,27,29,42,52,56,61,89,98,13,3,4,6,8,17,19,29,59,69,70,81,97,98,13,2,8,26,27,32,54,56,61,69,70,78,87,93,15,2,6,14,17,23,27,34,45,57,59,70,71,83,84,91,13,1,5,32,34,45,54,56,61,66,67,84,91,98,12,5,10,17,20,28,42,54,70,72,79,91,93,15,1,8,24,32,42,54,57,61,72,73,79,87,90,91,94,12,2,5,10,23,27,33,45,49,54,59,61,91,16,1,3,8,18,27,42,45,50,56,57,64,66,68,70,79,91,13,6,17,20,26,27,29,30,46,52,72,84,87,91,12,1,17,22,23,27,32,35,84,87,90,91,94
5,5,3,29,70,80,84,6,17,28,34,61,64,90,5,44,49,52,67,83,9,5,17,29,30,35,63,71,79,90,2,8,18
3,1,5,4,3,32,52,90,1,45
6,13,2,8,22,24,27,42,46,52,54,70,81,89,98,11,2,20,27,33,39,48,61,66,73,91,94,11,6,8,24,33,34,39,50,54,61,72,91,13,2,5,8,17,28,29,45,46,50,57,61,62,91,10,2,17,30,33,52,59,61,90,93,98,12,2,22,26,28,45,57,69,70,71,72,87,91
12,12,3,5,8,14,20,25,61,72,78,88,98,99,12,2,22,34,41,45,47,61,78,79,84,85,87,9,2,8,17,46,54,62,64,70,91,14,1,2,5,10,23,29,35,52,56,59,61,87,89,93,13,17,22,25,27,34,45,46,62,75,78,90,91,95,17,2,4,7,17,22,28,42,45,46,56,69,72,81,84,91,97,98,8,5,14,27,34,35,91,94,99,17,2,3,5,16,20,27,33,42,46,62,66,67,70,79,90,91,94,11,2,8,18,20,23,35,45,62,70,80,92,14,0,5,8,23,29,34,56,65,68,70,78,83,84,91,13,5,11,20,31,33,35,42,45,46,56,59,61,91,15,17,20,22,27,29,33,34,37,46,52,62,66,70,79,91
11,10,8,22,32,45,61,68,70,71,88,89,11,1,2,11,25,41,61,66,70,86,90,91,15,2,5,17,23,27,29,45,58,67,70,83,84,90,94,98,15,2,3,4,34,35,42,49,56,66,68,72,81,84,91,98,12,5,14,17,26,33,35,45,52,56,61,63,91,16,1,8,18,23,27,33,39,42,44,50,52,56,79,90,91,99,9,5,17,23,28,44,49,52,90,91,13,2,3,8,21,22,32,34,35,39,45,49,59,72,9,2,5,23,28,42,45,70,75,91,12,0,27,34,47,50,54,62,70,79,91,95,97,11,2,22,27,34,43,45,67,70,79,81,83
12,11,17,20,27,29,34,57,60,61,70,87,91,10,0,5,17,34,48,61,63,76,89,91,11,2,23,32,35,41,42,53,62,70,72,91,10,0,22,27,28,42,54,56,60,65,81,7,8,22,23,59,61,62,91,7,2,22,28,35,37,44,52,9,5,23,27,29,48,54,84,91,98,14,17,24,27,28,33,45,61,70,72,78,79,90,91,94,10,2,27,42,45,69,70,79,86,87,91,12,5,8,23,26,27,34,42,44,45,52,90,92,10,2,5,8,27,28,29,45,56,88,98,7,3,24,39,70,82,84,87
8,9,2,7,14,42,45,46,67,71,91,9,0,5,22,27,42,78,84,91,92,9,2,8,20,29,45,61,75,84,88,12,0,2,3,8,14,35,42,52,54,67,89,98,8,7,21,23,31,37,42,70,91,11,15,22,28,30,44,61,66,70,71,87,90,9,1,2,8,46,61,70,72,79,90,7,7,39,44,45,52,91,94
6,10,2,3,11,19,39,56,61,90,91,94,8,0,2,10,28,29,46,90,91,8,0,6,22,49,62,72,75,91,7,20,28,34,65,69,84,87,9,1,3,7,22,24,29,34,62,89,8,1,5,9,13,27,44,56,62
9,12,3,5,9,17,29,34,46,54,70,90,91,99,12,1,8,27,34,44,45,54,70,72,78,87,91,12,2,20,29,39,41,45,52,61,70,72,79,94,12,1,2,17,22,32,45,56,57,70,91,95,98,9,0,2,7,8,17,29,34,35,60,11,2,22,33,45,54,61,70,79,83,87,91,15,7,17,23,29,34,42,45,56,61,65,66,79,80,90,91,12,2,6,22,25,27,28,34,45,50,72,75,91,11,2,6,17,20,23,34,42,52,67,72,75
8,11,5,17,19,24,27,33,42,70,72,91,94,12,1,2,17,25,27,41,42,52,59,75,83,90,13,1,2,3,5,26,45,57,61,62,68,84,91,94,11,6,9,20,23,33,34,42,46,49,50,71,11,8,26,35,62,65,70,72,79,90,91,94,15,2,5,21,22,23,24,27,42,45,52,54,57,84,91,94,9,2,33,35,44,52,54,70,91,98,12,3,10,27,39,45,52,54,66,70,71,91,94
14,15,1,3,5,11,17,19,20,22,61,69,70,84,87,90,91,11,3,8,22,26,33,45,56,66,70,80,91,9,10,36,38,44,54,56,65,70,71,10,15,20,28,32,35,45,68,72,79,95,13,1,6,8,16,17,20,28,49,61,67,84,91,97,10,3,8,45,61,69,70,79,83,94,98,11,8,17,34,39,45,56,59,70,80,90,98,12,4,16,17,20,22,24,27,34,44,46,52,70,7,6,27,33,35,56,69,73,6,17,27,46,56,69,88,10,0,2,27,39,54,56,59,70,84,91,9,29,30,50,52,69,70,80,90,91,15,6,8,13,22,26,27,28,46,52,61,66,67,78,79,91,11,5,17,21,27,29,49,54,56,61,67,80
6,12,2,15,17,19,26,29,39,52,70,72,91,95,10,0,1,5,8,17,29,42,56,70,91,12,1,3,22,23,27,45,61,70,72,87,89,91,10,3,8,16,17,28,29,33,35,61,98,10,3,23,38,43,46,49,70,90,91,92,12,5,8,14,17,22,29,42,61,64,70,72,88
15,14,0,5,7,8,23,33,34,50,52,82,86,91,93,94,12,1,6,17,39,42,45,52,56,61,68,70,91,7,1,23,33,66,76,90,91,9,3,20,53,54,62,76,78,87,93,8,2,5,8,17,32,39,52,71,4,27,61,70,97,10,3,13,22,25,26,28,39,45,68,76,6,3,32,45,69,91,95,9,7,45,56,59,61,62,67,90,98,12,2,6,17,29,45,56,61,62,79,90,91,97,10,0,27,41,44,66,71,72,79,85,91,8,7,8,20,33,57,70,87,91,9,6,11,24,52,61,72,79,85,91,8,5,17,20,33,35,52,65,91,8,0,5,19,20,22,27,70,79
6,7,33,46,70,75,80,84,90,6,0,27,45,70,91,95,9,0,5,17,45,57,61,69,70,90,8,5,25,30,42,49,70,75,93,9,1,17,27,34,50,52,70,91,97,8,27,34,46,52,54,59,70,91
12,9,5,17,19,22,27,33,42,79,87,9,8,17,41,44,45,52,68,76,90,8,4,22,37,42,45,52,54,91,9,2,3,4,8,15,27,67,70,87,9,2,3,5,17,28,33,45,61,79,5,6,39,70,76,89,11,1,5,13,14,17,18,23,27,33,78,80,13,5,6,17,20,45,49,52,59,66,70,89,90,91,8,1,6,8,17,71,75,78,90,4,1,35,91,94,6,13,22,24,56,70,94,6,25,41,46,54,57,91
6,5,1,23,82,83,84,9,2,3,4,28,30,61,72,79,94,10,0,17,29,32,34,41,65,78,97,98,6,2,3,27,42,54,91,9,2,5,6,8,20,23,39,61,79,4,3,17,34,69
14,18,1,2,3,4,6,19,32,33,39,45,46,66,70,81,84,89,91,98,25,0,1,3,5,8,17,27,33,34,37,45,49,50,57,61,66,69,70,76,87,89,91,92,93,94,19,2,8,22,42,45,46,50,52,54,61,62,65,70,75,78,85,91,94,95,19,5,6,11,14,20,22,27,29,39,44,54,56,57,69,72,84,90,91,97,22,2,5,7,8,10,17,20,27,28,29,33,34,39,45,46,52,54,61,62,69,70,91,21,0,5,8,20,22,27,33,35,45,46,50,61,62,66,70,72,78,80,84,89,91,21,1,2,3,7,8,23,24,28,50,52,54,55,56,61,62,70,76,87,90,91,97,17,2,3,7,23,28,34,46,50,52,70,71,72,76,79,91,94,99,20,2,3,6,22,26,34,35,39,45,46,56,64,69,70,72,84,87,90,91,97,20,3,4,5,8,24,28,34,42,43,45,46,56,61,65,67,75,86,90,91,97,18,2,3,8,17,24,29,32,44,45,50,56,66,69,70,72,89,91,98,18,8,17,19,23,27,28,30,39,56,57,61,62,67,69,72,76,91,92,21,0,6,8,18,27,31,32,33,39,42,56,61,62,71,72,83,84,90,91,94,98,20,0,5,17,20,28,45,56,59,61,62,63,69,70,80,81,84,88,90,91,94
6,7,16,22,42,45,54,61,91,5,17,20,28,57,91,5,3,9,50,70,89,1,66,6,20,23,27,29,72,87,7,3,5,17,22,46,63,70
8,10,2,5,42,67,69,75,81,90,91,97,10,3,23,27,33,42,52,70,71,84,99,12,2,3,17,23,25,39,42,45,59,64,72,98,11,5,22,33,45,46,49,56,70,72,90,91,11,5,21,24,44,45,49,54,82,84,91,93,12,22,23,32,39,45,46,52,56,59,70,79,94,11,14,25,35,45,54,59,61,69,82,91,98,11,1,22,27,33,35,49,52,54,66,87,94
11,12,0,25,28,34,39,62,63,70,80,87,91,92,8,1,2,8,17,62,78,84,94,9,22,23,24,34,61,67,70,76,90,10,1,27,30,32,46,50,52,54,61,70,16,4,6,8,17,22,23,24,44,45,62,63,67,69,72,84,91,11,7,17,27,28,39,42,50,52,57,75,91,17,1,2,17,23,26,29,34,39,42,44,56,70,72,78,79,91,99,13,3,5,14,17,20,27,35,42,45,54,72,79,91,12,2,5,8,20,45,52,66,70,79,90,94,98,13,3,23,27,45,52,61,62,65,66,79,84,91,99,13,2,3,5,17,29,35,79,83,84,90,91,93,94
7,9,34,42,50,54,73,78,84,88,91,9,6,26,33,46,64,68,69,88,91,5,8,16,32,46,71,5,3,8,18,41,84,3,44,45,52,6,2,34,42,45,56,94,8,27,32,33,43,45,46,70,71
9,7,0,2,27,42,52,62,70,8,4,5,27,45,52,59,70,87,10,8,13,16,17,23,34,42,45,72,89,7,1,17,54,61,70,87,93,8,2,19,33,39,63,69,70,78,9,5,29,34,36,39,56,62,70,91,7,27,42,46,70,86,90,98,8,3,27,29,39,45,70,91,92,7,5,17,29,65,70,84,91
2,2,44,84,1,61
14,17,5,8,16,22,24,27,32,33,46,62,70,72,76,79,84,91,98,13,2,17,27,30,39,52,61,70,72,79,90,91,94,13,2,24,27,29,32,56,66,67,70,72,76,84,91,15,2,3,7,17,27,28,44,49,50,56,57,66,87,93,99,15,2,7,30,33,45,52,62,69,72,75,86,87,89,90,91,13,4,6,17,32,41,45,56,59,71,83,84,86,90,16,1,17,28,33,34,39,44,46,50,52,57,61,66,72,75,86,12,3,26,32,45,61,65,70,72,76,80,82,87,11,13,24,34,39,42,52,61,67,70,98,99,8,17,23,46,67,70,75,91,94,10,2,17,25,35,45,69,70,79,89,91,11,21,23,27,30,32,62,70,84,90,93,98,13,5,17,28,33,45,50,59,66,70,79,91,94,98,14,2,3,17,23,28,34,39,46,52,59,70,87,90,98
8,7,5,17,23,29,37,68,70,8,2,3,8,34,57,69,70,98,3,43,62,90,4,1,45,85,91,6,2,27,28,56,79,85,6,2,14,33,34,63,91,8,5,35,41,52,62,75,80,91,7,8,14,22,27,45,67,91
7,6,13,29,42,61,90,97,4,5,13,61,86,3,5,27,91,7,29,33,44,45,56,91,95,5,8,18,54,72,77,4,29,52,59,97,7,28,33,50,61,66,70,91
11,10,1,17,35,37,50,62,66,71,91,98,7,3,18,33,56,57,83,90,8,0,5,8,45,50,61,78,89,11,3,26,27,35,44,56,57,61,83,84,90,10,2,5,42,54,61,62,67,69,70,84,5,3,70,84,91,94,9,2,6,7,27,28,50,70,84,91,8,8,34,56,61,71,76,90,94,14,2,8,20,23,35,45,52,54,64,66,70,84,90,94,5,2,5,17,26,64,11,1,6,16,25,39,45,49,52,61,64,91
