9,1,25184,2,22066,54949,4,4622,23271,60909,98270,4,66649,79737,91145,97603,1,12651,1,20374,1,25770,3,51498,77838,93915,6,23931,47868,72369,85773,93016,95112
9,3,7775,15800,72546,3,58751,73508,89210,1,60353,4,9954,50013,64087,80483,3,6187,18268,90299,3,6167,10964,28045,2,40853,52771,3,24889,64231,83145,5,7121,34033,59291,72121,93000
6,1,90983,3,18884,77463,88595,3,13084,17461,79472,3,41115,69482,74763,2,7775,17740,2,37032,97085
1,2,2798,47547
2,2,63251,76930,1,26834
6,1,1474,2,35824,94991,1,57700,1,15161,1,50739,1,38860
8,3,34481,48080,65078,3,52491,76762,78153,3,14298,55194,97190,3,36259,39378,77323,3,27417,42193,57379,7,8977,28838,69652,80121,86369,91903,97979,2,7316,70167,2,6392,60249
4,1,79010,1,20983,2,58436,86637,1,17712
6,2,72627,78151,1,55276,2,47085,94175,1,99255,2,68129,78226,2,31414,88525
5,2,7775,61347,1,57541,1,35879,1,27477,1,21630
